256,
255,
254,
253,
252,
251,
250,
249,
248,
247,
247,
246,
245,
244,
243,
242,
241,
241,
240,
239,
238,
237,
237,
236,
235,
234,
234,
233,
232,
231,
231,
230,
229,
229,
228,
227,
227,
226,
225,
225,
224,
223,
223,
222,
222,
221,
220,
220,
219,
219,
218,
218,
217,
217,
216,
216,
215,
215,
214,
214,
213,
213,
212,
212,
211,
211,
210,
210,
209,
209,
208,
208,
208,
207,
207,
206,
206,
206,
205,
205,
204,
204,
204,
203,
203,
203,
202,
202,
201,
201,
201,
200,
200,
200,
199,
199,
199,
199,
198,
198,
198,
197,
197,
197,
196,
196,
196,
196,
195,
195,
195,
195,
194,
194,
194,
194,
193,
193,
193,
193,
192,
192,
192,
192,
192,
191,
191,
191,
191,
191,
190,
190,
190,
190,
190,
189,
189,
189,
189,
189,
189,
188,
188,
188,
188,
188,
188,
188,
187,
187,
187,
187,
187,
187,
187,
186,
186,
186,
186,
186,
186,
186,
186,
185,
185,
185,
185,
185,
185,
185,
185,
185,
184,
184,
184,
184,
184,
184,
184,
184,
184,
184,
184,
184,
183,
183,
183,
183,
183,
183,
183,
183,
183,
183,
183,
183,
183,
183,
182,
182,
182,
182,
182,
182,
182,
182,
182,
182,
182,
182,
182,
182,
182,
182,
182,
182,
182,
182,
182,
182,
182,
182,
181,
181,
181,
181,
181,
181,
181,
181,
181,
181,
181,
181,
181,
181,
181,
181,
181,
181,
181,
181,
181,
181,
181,
181,
181,
181,
181,
181,
181,
181,
181,
181,
181,
181,

