36,
36,
36,
36,
36,
36,
36,
36,
36,
36,
36,
36,
36,
36,
36,
36,
36,
36,
36,
36,
36,
36,
36,
36,
105,
119,
129,
130,
129,
126,
123,
120,
120,
121,
123,
123,
122,
122,
121,
121,
120,
119,
114,
107,
94,
81,
68,
61,
169,
194,
213,
216,
214,
207,
201,
195,
196,
198,
201,
201,
200,
199,
198,
198,
197,
195,
185,
171,
146,
121,
96,
83,
169,
194,
213,
213,
207,
196,
185,
176,
176,
179,
185,
186,
186,
185,
185,
186,
186,
184,
174,
160,
137,
115,
94,
83,
169,
194,
211,
209,
199,
183,
168,
155,
155,
159,
166,
168,
168,
168,
168,
170,
171,
171,
161,
148,
128,
109,
91,
82,
168,
191,
206,
200,
184,
160,
140,
124,
124,
127,
135,
137,
136,
134,
134,
137,
139,
140,
134,
126,
111,
98,
85,
80,
167,
189,
201,
191,
170,
140,
116,
96,
96,
99,
108,
109,
107,
105,
104,
108,
110,
113,
110,
106,
96,
88,
80,
78,
166,
187,
199,
187,
162,
127,
101,
80,
78,
81,
90,
91,
90,
87,
86,
90,
92,
95,
94,
92,
86,
81,
78,
78,
165,
186,
198,
184,
156,
118,
90,
68,
66,
69,
78,
79,
78,
76,
75,
78,
80,
82,
82,
81,
79,
78,
77,
78,
163,
185,
198,
184,
156,
117,
88,
66,
64,
67,
77,
79,
79,
77,
77,
79,
81,
82,
80,
79,
79,
79,
78,
79,
160,
185,
198,
185,
156,
117,
88,
64,
62,
66,
76,
80,
80,
79,
79,
81,
82,
81,
79,
78,
79,
80,
79,
79,
158,
184,
199,
185,
157,
118,
88,
64,
62,
65,
76,
80,
81,
80,
80,
82,
82,
81,
79,
78,
80,
81,
80,
78,
155,
183,
199,
186,
158,
118,
88,
64,
61,
64,
74,
79,
80,
80,
80,
82,
82,
80,
79,
79,
81,
82,
80,
78,
152,
182,
199,
188,
159,
118,
88,
63,
60,
62,
72,
76,
78,
78,
79,
80,
80,
77,
79,
81,
82,
83,
81,
78,
149,
180,
200,
190,
163,
121,
91,
67,
62,
64,
74,
78,
79,
80,
81,
82,
81,
78,
81,
83,
83,
83,
81,
79,
146,
178,
200,
194,
168,
127,
97,
73,
69,
70,
80,
83,
84,
84,
85,
87,
86,
82,
84,
86,
84,
82,
82,
80,
143,
177,
201,
198,
176,
137,
110,
88,
84,
85,
94,
96,
95,
95,
96,
98,
96,
92,
91,
90,
85,
82,
82,
82,
140,
175,
201,
203,
185,
151,
127,
107,
104,
105,
113,
113,
111,
110,
110,
112,
110,
105,
100,
94,
85,
81,
83,
85,
137,
173,
200,
205,
191,
163,
142,
124,
123,
125,
132,
132,
129,
127,
127,
128,
126,
120,
110,
99,
87,
80,
83,
86,
134,
170,
198,
206,
197,
175,
157,
141,
141,
145,
152,
151,
147,
145,
144,
146,
143,
136,
121,
105,
89,
80,
82,
87,
132,
167,
195,
205,
200,
186,
169,
155,
156,
160,
167,
167,
164,
163,
163,
165,
161,
153,
134,
112,
93,
82,
82,
87,
130,
164,
192,
202,
203,
196,
182,
169,
170,
174,
182,
183,
181,
182,
182,
184,
179,
170,
146,
120,
99,
85,
83,
87,
130,
165,
193,
203,
204,
198,
184,
170,
170,
173,
182,
184,
184,
186,
187,
188,
182,
172,
147,
121,
99,
86,
83,
87,
131,
166,
194,
204,
205,
199,
184,
168,
167,
171,
180,
183,
183,
187,
190,
190,
184,
172,
147,
121,
100,
86,
83,
87,
134,
170,
199,
208,
204,
190,
169,
150,
146,
147,
157,
162,
166,
169,
172,
171,
164,
153,
132,
111,
96,
86,
83,
86,
137,
175,
204,
212,
202,
179,
155,
132,
123,
123,
134,
141,
147,
150,
152,
150,
143,
132,
117,
102,
91,
85,
83,
85,
138,
177,
207,
214,
201,
171,
143,
116,
105,
103,
113,
122,
130,
132,
133,
130,
124,
115,
105,
95,
89,
85,
83,
84,
139,
179,
209,
216,
199,
164,
131,
101,
87,
83,
94,
104,
113,
115,
115,
111,
106,
100,
94,
88,
86,
85,
83,
83,
139,
179,
209,
215,
197,
160,
125,
93,
78,
74,
85,
94,
103,
103,
102,
98,
95,
92,
90,
87,
86,
84,
82,
82,
138,
178,
208,
215,
195,
157,
120,
85,
70,
66,
77,
86,
95,
92,
90,
87,
86,
86,
86,
86,
85,
84,
82,
82,
138,
177,
207,
213,
194,
156,
117,
81,
66,
62,
73,
82,
91,
86,
83,
81,
82,
84,
86,
87,
85,
83,
81,
82,
138,
176,
205,
212,
193,
155,
115,
78,
63,
59,
71,
80,
88,
82,
78,
77,
79,
83,
86,
87,
85,
83,
81,
81,
138,
175,
204,
211,
193,
157,
116,
79,
63,
60,
72,
81,
89,
83,
78,
77,
79,
85,
87,
88,
85,
83,
80,
81,
137,
174,
202,
210,
193,
158,
117,
80,
64,
60,
73,
83,
91,
84,
79,
78,
80,
86,
87,
88,
85,
83,
80,
81,
135,
173,
202,
210,
193,
159,
119,
81,
65,
61,
74,
83,
92,
86,
81,
79,
81,
86,
87,
88,
85,
83,
80,
80,
134,
172,
202,
210,
194,
160,
120,
83,
66,
61,
73,
83,
92,
87,
83,
81,
82,
86,
87,
88,
85,
83,
80,
79,
132,
172,
203,
211,
195,
162,
123,
85,
67,
61,
71,
81,
91,
88,
84,
83,
83,
85,
87,
87,
85,
83,
80,
79,
129,
171,
203,
211,
197,
165,
125,
88,
68,
60,
69,
79,
89,
87,
86,
84,
84,
85,
86,
86,
85,
83,
81,
79,
127,
170,
204,
212,
198,
168,
129,
92,
70,
60,
67,
76,
87,
87,
87,
85,
84,
84,
84,
84,
84,
83,
82,
80,
125,
169,
204,
213,
201,
171,
133,
95,
72,
61,
66,
74,
85,
86,
87,
85,
84,
83,
83,
83,
84,
84,
83,
81,
122,
168,
204,
214,
203,
174,
136,
99,
75,
62,
65,
73,
82,
85,
86,
86,
84,
83,
83,
83,
84,
84,
83,
82,
121,
167,
203,
215,
204,
177,
139,
101,
77,
63,
65,
71,
80,
83,
86,
86,
84,
82,
82,
82,
83,
84,
84,
82,
120,
165,
202,
215,
206,
178,
140,
103,
78,
64,
65,
70,
78,
82,
85,
85,
84,
81,
81,
82,
83,
84,
84,
83,
121,
165,
201,
216,
207,
180,
142,
105,
80,
66,
66,
72,
79,
82,
85,
85,
83,
80,
80,
81,
82,
82,
82,
82,
123,
166,
201,
216,
207,
181,
144,
108,
83,
69,
69,
74,
80,
83,
85,
85,
82,
78,
79,
80,
80,
81,
81,
81,
122,
161,
193,
207,
200,
175,
141,
107,
84,
71,
72,
76,
82,
84,
85,
84,
81,
78,
78,
79,
79,
79,
79,
80,
120,
155,
184,
197,
190,
168,
137,
107,
85,
74,
74,
78,
83,
85,
85,
83,
81,
77,
77,
78,
78,
78,
78,
78,
88,
109,
126,
134,
129,
116,
98,
79,
66,
59,
60,
62,
65,
66,
66,
65,
63,
61,
61,
61,
61,
61,
61,
61,
