64,
3391,
3630,
3778,
3886,
3972,
4044,
4106,
4160,
4209,
4253,
4293,
4330,
4364,
4396,
4426,
4454,
4481,
4506,
4531,
4554,
4575,
4597,
4617,
4636,
4655,
4673,
4690,
4707,
4723,
4739,
4755,
4770,
4784,
4798,
4812,
4825,
4838,
4851,
4864,
4876,
4888,
4899,
4911,
4922,
4933,
4943,
4954,
4964,
4974,
4984,
4994,
5004,
5013,
5022,
5031,
5040,
5049,
5058,
5066,
5075,
5083,
5091,
5099,
5107,
5115,
5123,
5130,
5138,
5145,
5153,
5160,
5167,
5174,
5181,
5188,
5195,
5201,
5208,
5215,
5221,
5227,
5234,
5240,
5246,
5252,
5258,
5264,
5270,
5276,
5282,
5288,
5294,
5299,
5305,
5310,
5316,
5321,
5327,
5332,
5337,
5343,
5348,
5353,
5358,
5363,
5368,
5373,
5378,
5383,
5388,
5393,
5397,
5402,
5407,
5412,
5416,
5421,
5425,
5430,
5434,
5439,
5443,
5448,
5452,
5456,
5461,
5465,
5469,
5473,
5478,
5482,
5486,
5490,
5494,
5498,
5502,
5506,
5510,
5514,
5518,
5522,
5526,
5529,
5533,
5537,
5541,
5545,
5548,
5552,
5556,
5559,
5563,
5566,
5570,
5574,
5577,
5581,
5584,
5588,
5591,
5595,
5598,
5601,
5605,
5608,
5612,
5615,
5618,
5621,
5625,
5628,
5631,
5634,
5638,
5641,
5644,
5647,
5650,
5654,
5657,
5660,
5663,
5666,
5669,
5672,
5675,
5678,
5681,
5684,
5687,
5690,
5693,
5696,
5699,
5702,
5704,
5707,
5710,
5713,
5716,
5719,
5721,
5724,
5727,
5730,
5733,
5735,
5738,
5741,
5743,
5746,
5749,
5752,
5754,
5757,
5760,
5762,
5765,
5767,
5770,
5773,
5775,
5778,
5780,
5783,
5785,
5788,
5790,
5793,
5795,
5798,
5800,
5803,
5805,
5808,
5810,
5813,
5815,
5817,
5820,
5822,
5825,
5827,
5829,
5832,
5834,
5836,
5839,
5841,
5843,
5846,
5848,
5850,
5853,
5855,
5857,
5859,
5862,
5864,
5866,
5868,
5871,
5873,
5875,
5877,
5879,
5882,
5884,
5886,
5888,
5890,
5892,
5894,
5897,
5899,
5901,
5903,
5905,
5907,
5909,
5911,
5913,
5915,
5918,
5920,
5922,
5924,
5926,
5928,
5930,
5932,
5934,
5936,
5938,
5940,
5942,
5944,
5946,
5948,
5950,
5952,
5954,
5956,
5958,
5959,
5961,
5963,
5965,
5967,
5969,
5971,
5973,
5975,
5977,
5978,
5980,
5982,
5984,
5986,
5988,
5990,
5992,
5993,
5995,
5997,
5999,
6001,
6002,
6004,
6006,
6008,
6010,
6011,
6013,
6015,
6017,
6019,
6020,
6022,
6024,
6026,
6027,
6029,
6031,
6033,
6034,
6036,
6038,
6039,
6041,
6043,
6045,
6046,
6048,
6050,
6051,
6053,
6055,
6056,
6058,
6060,
6061,
6063,
6065,
6066,
6068,
6070,
6071,
6073,
6074,
6076,
6078,
6079,
6081,
6083,
6084,
6086,
6087,
6089,
6090,
6092,
6094,
6095,
6097,
6098,
6100,
6101,
6103,
6105,
6106,
6108,
6109,
6111,
6112,
6114,
6115,
6117,
6118,
6120,
6121,
6123,
6124,
6126,
6128,
6129,
6130,
6132,
6133,
6135,
6136,
6138,
6139,
6141,
6142,
6144,
6145,
6147,
6148,
6150,
6151,
6153,
6154,
6155,
6157,
6158,
6160,
6161,
6163,
6164,
6165,
6167,
6168,
6170,
6171,
6172,
6174,
6175,
6177,
6178,
6179,
6181,
6182,
6184,
6185,
6186,
6188,
6189,
6191,
6192,
6193,
6195,
6196,
6197,
6199,
6200,
6201,
6203,
6204,
6205,
6207,
6208,
6209,
6211,
6212,
6213,
6215,
6216,
6217,
6219,
6220,
6221,
6223,
6224,
6225,
6226,
6228,
6229,
6230,
6232,
6233,
6234,
6235,
6237,
6238,
6239,
6241,
6242,
6243,
6244,
6246,
6247,
6248,
6249,
6251,
6252,
6253,
6254,
6256,
6257,
6258,
6259,
6261,
6262,
6263,
6264,
6266,
6267,
6268,
6269,
6270,
6272,
6273,
6274,
6275,
6276,
6278,
6279,
6280,
6281,
6282,
6284,
6285,
6286,
6287,
6288,
6290,
6291,
6292,
6293,
6294,
6296,
6297,
6298,
6299,
6300,
6301,
6303,
6304,
6305,
6306,
6307,
6308,
6309,
6311,
6312,
6313,
6314,
6315,
6316,
6317,
6319,
6320,
6321,
6322,
6323,
6324,
6325,
6326,
6328,
6329,
6330,
6331,
6332,
6333,
6334,
6335,
6337,
6338,
6339,
6340,
6341,
6342,
6343,
6344,
6345,
6346,
6348,
6349,
6350,
6351,
6352,
6353,
6354,
6355,
6356,
6357,
6358,
6359,
6360,
6362,
6363,
6364,
6365,
6366,
6367,
6368,
6369,
6370,
6371,
6372,
6373,
6374,
6375,
6376,
6377,
6378,
6379,
6380,
6382,
6383,
6384,
6385,
6386,
6387,
6388,
6389,
6390,
6391,
6392,
6393,
6394,
6395,
6396,
6397,
6398,
6399,
6400,
6401,
6402,
6403,
6404,
6405,
6406,
6407,
6408,
6409,
6410,
6411,
6412,
6413,
6414,
6415,
6416,
6417,
6418,
6419,
6420,
6421,
6422,
6423,
6424,
6425,
6426,
6427,
6428,
6429,
6430,
6431,
6432,
6433,
6433,
6434,
6435,
6436,
6437,
6438,
6439,
6440,
6441,
6442,
6443,
6444,
6445,
6446,
6447,
6448,
6449,
6450,
6451,
6452,
6452,
6453,
6454,
6455,
6456,
6457,
6458,
6459,
6460,
6461,
6462,
6463,
6464,
6465,
6466,
6466,
6467,
6468,
6469,
6470,
6471,
6472,
6473,
6474,
6475,
6476,
6476,
6477,
6478,
6479,
6480,
6481,
6482,
6483,
6484,
6485,
6485,
6486,
6487,
6488,
6489,
6490,
6491,
6492,
6493,
6493,
6494,
6495,
6496,
6497,
6498,
6499,
6500,
6501,
6501,
6502,
6503,
6504,
6505,
6506,
6507,
6508,
6508,
6509,
6510,
6511,
6512,
6513,
6514,
6514,
6515,
6516,
6517,
6518,
6519,
6520,
6520,
6521,
6522,
6523,
6524,
6525,
6526,
6526,
6527,
6528,
6529,
6530,
6531,
6531,
6532,
6533,
6534,
6535,
6536,
6536,
6537,
6538,
6539,
6540,
6541,
6541,
6542,
6543,
6544,
6545,
6546,
6546,
6547,
6548,
6549,
6550,
6550,
6551,
6552,
6553,
6554,
6555,
6555,
6556,
6557,
6558,
6559,
6559,
6560,
6561,
6562,
6563,
6563,
6564,
6565,
6566,
6567,
6567,
6568,
6569,
6570,
6571,
6571,
6572,
6573,
6574,
6575,
6575,
6576,
6577,
6578,
6579,
6579,
6580,
6581,
6582,
6582,
6583,
6584,
6585,
6586,
6586,
6587,
6588,
6589,
6590,
6590,
6591,
6592,
6593,
6593,
6594,
6595,
6596,
6596,
6597,
6598,
6599,
6600,
6600,
6601,
6602,
6603,
6603,
6604,
6605,
6606,
6606,
6607,
6608,
6609,
6609,
6610,
6611,
6612,
6612,
6613,
6614,
6615,
6615,
6616,
6617,
6618,
6618,
6619,
6620,
6621,
6621,
6622,
6623,
6624,
6624,
6625,
6626,
6627,
6627,
6628,
6629,
6629,
6630,
6631,
6632,
6632,
6633,
6634,
6635,
6635,
6636,
6637,
6637,
6638,
6639,
6640,
6640,
6641,
6642,
6643,
6643,
6644,
6645,
6645,
6646,
6647,
6648,
6648,
6649,
6650,
6650,
6651,
6652,
6653,
6653,
6654,
6655,
6655,
6656,
6657,
6658,
6658,
6659,
6660,
6660,
6661,
6662,
6662,
6663,
6664,
6665,
6665,
6666,
6667,
6667,
6668,
6669,
6669,
6670,
6671,
6672,
6672,
6673,
6674,
6674,
6675,
6676,
6676,
6677,
6678,
6678,
6679,
6680,
6680,
6681,
6682,
6683,
6683,
6684,
6685,
6685,
6686,
6687,
6687,
6688,
6689,
6689,
6690,
6691,
6691,
6692,
6693,
6693,
6694,
6695,
6695,
6696,
6697,
6697,
6698,
6699,
6699,
6700,
6701,
6701,
6702,
6703,
6703,
6704,
6705,
6705,
6706,
6707,
6707,
6708,
6709,
6709,
6710,
6711,
6711,
6712,
6713,
6713,
6714,
6715,
6715,
6716,
6716,
6717,
6718,
6718,
6719,
6720,
6720,
6721,
6722,
6722,
6723,
6724,
6724,
6725,
6726,
6726,
6727,
6727,
6728,
6729,
6729,
6730,
6731,
6731,
6732,
6733,
6733,
6734,
6735,
6735,
6736,
6736,
6737,
6738,
6738,
6739,
6740,
6740,
6741,
6741,
6742,
6743,
6743,
6744,
6745,
6745,
6746,
6747,
6747,
6748,
6748,
6749,
6750,
6750,
6751,
6751,
6752,
6753,
6753,
6754,
6755,
6755,
6756,
6756,
6757,
6758,
6758,
6759,
6760,
6760,
6761,
6761,
6762,
6763,
6763,
6764,
6764,
6765,
6766,
6766,
6767,
6767,
6768,
6769,
6769,
6770,
6771,
6771,
6772,
6772,
6773,
6774,
6774,
6775,
6775,
6776,
6777,
6777,
6778,
6778,
6779,
6780,
6780,
6781,
6781,
6782,
6783,
6783,
6784,
6784,
6785,
6786,
6786,
6787,
6787,
6788,
6788,
6789,
6790,
6790,
6791,
6791,
6792,
6793,
6793,
6794,
6794,
6795,
6796,
6796,
6797,
6797,
6798,
6798,
6799,
6800,
6800,
6801,
6801,
6802,
6803,
6803,
6804,
6804,
6805,
6805,
6806,
6807,
6807,
6808,
6808,
6809,
6809,
6810,
6811,
6811,
6812,
6812,
6813,
6813,
6814,
6815,
6815,
6816,
6816,
6817,
6817,
6818,
6819,
6819,
6820,
6820,
6821,
6821,
6822,
6823,
6823,
6824,
6824,
6825,
6825,
6826,
6827,
6827,
6828,
6828,
6829,
6829,
6830,
6830,
6831,
6832,
6832,
6833,
6833,
6834,
6834,
6835,
6835,
6836,
6837,
6837,
6838,
6838,
6839,
6839,
6840,
6840,
6841,
6842,
6842,
6843,
6843,
6844,
6844,
6845,
6845,
6846,
6846,
6847,
6848,
6848,
6849,
6849,
6850,
6850,
6851,
6851,
6852,
6852,
6853,
6854,
6854,
6855,
6855,
6856,
6856,
6857,
6857,
6858,
6858,
6859,
6860,
6860,
6861,
6861,
6862,
6862,
6863,
6863,
6864,
6864,
6865,
6865,
6866,
6866,
6867,
6868,
6868,
6869,
6869,
6870,
6870,
6871,
6871,
6872,
6872,
6873,
6873,
6874,
6874,
6875,
6875,
6876,
6877,
6877,
6878,
6878,
6879,
6879,
6880,
6880,
6881,
6881,
6882,
6882,
6883,
6883,
6884,
6884,
6885,
6885,
6886,
6886,
6887,
6887,
6888,
6889,
6889,
6890,
6890,
6891,
6891,
6892,
6892,
6893,
6893,
6894,
6894,
6895,
6895,
6896,
6896,
6897,
6897,
6898,
6898,
6899,
6899,
6900,
6900,
6901,
6901,
6902,
6902,
6903,
6903,
6904,
6904,
6905,
6905,
6906,
6906,
6907,
6907,
6908,
6908,
6909,
6909,
6910,
6910,
6911,
6911,
6912,
6912,
6913,
6913,
6914,
6914,
6915,
6915,
6916,
6916,
6917,
6917,
6918,
6918,
6919,
6919,
6920,
6920,
6921,
6921,
6922,
6922,
6923,
6923,
6924,
6924,
6925,
6925,
6926,
6926,
6927,
6927,
6928,
6928,
6929,
6929,
6930,
6930,
6931,
6931,
6932,
6932,
6933,
6933,
6934,
6934,
6935,
6935,
6936,
6936,
6937,
6937,
6938,
6938,
6939,
6939,
6940,
6940,
6941,
6941,
6942,
6942,
6942,
6943,
6943,
6944,
6944,
6945,
6945,
6946,
6946,
6947,
6947,
6948,
6948,
6949,
6949,
6950,
6950,
6951,
6951,
6952,
6952,
6953,
6953,
6954,
6954,
6954,
6955,
6955,
6956,
6956,
6957,
6957,
6958,
6958,
6959,
6959,
6960,
6960,
6961,
6961,
6962,
6962,
6962,
6963,
6963,
6964,
6964,
6965,
6965,
6966,
6966,
6967,
6967,
6968,
6968,
6969,
6969,
6970,
6970,
6970,
6971,
6971,
6972,
6972,
6973,
6973,
6974,
6974,
6975,
6975,
6976,
6976,
6976,
6977,
6977,
6978,
6978,
6979,
6979,
6980,
6980,
6981,
6981,
6982,
6982,
6982,
6983,
6983,
6984,
6984,
6985,
6985,
6986,
6986,
6987,
6987,
6987,
6988,
6988,
6989,
6989,
6990,
6990,
6991,
6991,
6992,
6992,
6992,
6993,
6993,
6994,
6994,
6995,
6995,
6996,
6996,
6996,
6997,
6997,
6998,
6998,
6999,
6999,
7000,
7000,
7001,
7001,
7001,
7002,
7002,
7003,
7003,
7004,
7004,
7005,
7005,
7005,
7006,
7006,
7007,
7007,
7008,
7008,
7009,
7009,
7009,
7010,
7010,
7011,
7011,
7012,
7012,
7013,
7013,
7013,
7014,
7014,
7015,
7015,
7016,
7016,
7016,
7017,
7017,
7018,
7018,
7019,
7019,
7020,
7020,
7020,
7021,
7021,
7022,
7022,
7023,
7023,
7023,
7024,
7024,
7025,
7025,
7026,
7026,
7026,
7027,
7027,
7028,
7028,
7029,
7029,
7029,
7030,
7030,
7031,
7031,
7032,
7032,
7033,
7033,
7033,
7034,
7034,
7035,
7035,
7036,
7036,
7036,
7037,
7037,
7038,
7038,
7038,
7039,
7039,
7040,
7040,
7041,
7041,
7041,
7042,
7042,
7043,
7043,
7044,
7044,
7044,
7045,
7045,
7046,
7046,
7047,
7047,
7047,
7048,
7048,
7049,
7049,
7049,
7050,
7050,
7051,
7051,
7052,
7052,
7052,
7053,
7053,
7054,
7054,
7054,
7055,
7055,
7056,
7056,
7057,
7057,
7057,
7058,
7058,
7059,
7059,
7059,
7060,
7060,
7061,
7061,
7062,
7062,
7062,
7063,
7063,
7064,
7064,
7064,
7065,
7065,
7066,
7066,
7067,
7067,
7067,
7068,
7068,
7069,
7069,
7069,
7070,
7070,
7071,
7071,
7071,
7072,
7072,
7073,
7073,
7073,
7074,
7074,
7075,
7075,
7075,
7076,
7076,
7077,
7077,
7078,
7078,
7078,
7079,
7079,
7080,
7080,
7080,
7081,
7081,
7082,
7082,
7082,
7083,
7083,
7084,
7084,
7084,
7085,
7085,
7086,
7086,
7086,
7087,
7087,
7088,
7088,
7088,
7089,
7089,
7090,
7090,
7090,
7091,
7091,
7092,
7092,
7092,
7093,
7093,
7094,
7094,
7094,
7095,
7095,
7096,
7096,
7096,
7097,
7097,
7097,
7098,
7098,
7099,
7099,
7099,
7100,
7100,
7101,
7101,
7101,
7102,
7102,
7103,
7103,
7103,
7104,
7104,
7105,
7105,
7105,
7106,
7106,
7107,
7107,
7107,
7108,
7108,
7108,
7109,
7109,
7110,
7110,
7110,
7111,
7111,
7112,
7112,
7112,
7113,
7113,
7114,
7114,
7114,
7115,
7115,
7115,
7116,
7116,
7117,
7117,
7117,
7118,
7118,
7119,
7119,
7119,
7120,
7120,
7120,
7121,
7121,
7122,
7122,
7122,
7123,
7123,
7124,
7124,
7124,
7125,
7125,
7125,
7126,
7126,
7127,
7127,
7127,
7128,
7128,
7128,
7129,
7129,
7130,
7130,
7130,
7131,
7131,
7131,
7132,
7132,
7133,
7133,
7133,
7134,
7134,
7134,
7135,
7135,
7136,
7136,
7136,
7137,
7137,
7138,
7138,
7138,
7139,
7139,
7139,
7140,
7140,
7140,
7141,
7141,
7142,
7142,
7142,
7143,
7143,
7143,
7144,
7144,
7145,
7145,
7145,
7146,
7146,
7146,
7147,
7147,
7148,
7148,
7148,
7149,
7149,
7149,
7150,
7150,
7151,
7151,
7151,
7152,
7152,
7152,
7153,
7153,
7153,
7154,
7154,
7155,
7155,
7155,
7156,
7156,
7156,
7157,
7157,
7157,
7158,
7158,
7159,
7159,
7159,
7160,
7160,
7160,
7161,
7161,
7162,
7162,
7162,
7163,
7163,
7163,
7164,
7164,
7164,
7165,
7165,
7166,
7166,
7166,
7167,
7167,
7167,
7168,
7168,
7168,
7169,
7169,
7169,
7170,
7170,
7171,
7171,
7171,
7172,
7172,
7172,
7173,
7173,
7173,
7174,
7174,
7174,
7175,
7175,
7176,
7176,
7176,
7177,
7177,
7177,
7178,
7178,
7178,
7179,
7179,
7179,
7180,
7180,
7181,
7181,
7181,
7182,
7182,
7182,
7183,
7183,
7183,
7184,
7184,
7184,
7185,
7185,
7186,
7186,
7186,
7187,
7187,
7187,
7188,
7188,
7188,
7189,
7189,
7189,
7190,
7190,
7190,
7191,
7191,
7191,
7192,
7192,
7193,
7193,
7193,
7194,
7194,
7194,
7195,
7195,
7195,
7196,
7196,
7196,
7197,
7197,
7197,
7198,
7198,
7198,
7199,
7199,
7200,
7200,
7200,
7201,
7201,
7201,
7202,
7202,
7202,
7203,
7203,
7203,
7204,
7204,
7204,
7205,
7205,
7205,
7206,
7206,
7206,
7207,
7207,
7207,
7208,
7208,
7208,
7209,
7209,
7209,
7210,
7210,
7211,
7211,
7211,
7212,
7212,
7212,
7213,
7213,
7213,
7214,
7214,
7214,
7215,
7215,
7215,
7216,
7216,
7216,
7217,
7217,
7217,
7218,
7218,
7218,
7219,
7219,
7219,
7220,
7220,
7220,
7221,
7221,
7221,
7222,
7222,
7222,
7223,
7223,
7223,
7224,
7224,
7224,
7225,
7225,
7225,
7226,
7226,
7226,
7227,
7227,
7227,
7228,
7228,
7228,
7229,
7229,
7229,
7230,
7230,
7230,
7231,
7231,
7231,
7232,
7232,
7232,
7233,
7233,
7233,
7234,
7234,
7234,
7235,
7235,
7235,
7236,
7236,
7236,
7237,
7237,
7237,
7238,
7238,
7238,
7239,
7239,
7239,
7240,
7240,
7240,
7241,
7241,
7241,
7242,
7242,
7242,
7243,
7243,
7243,
7244,
7244,
7244,
7245,
7245,
7245,
7246,
7246,
7246,
7247,
7247,
7247,
7248,
7248,
7248,
7249,
7249,
7249,
7250,
7250,
7250,
7251,
7251,
7251,
7252,
7252,
7252,
7252,
7253,
7253,
7253,
7254,
7254,
7254,
7255,
7255,
7255,
7256,
7256,
7256,
7257,
7257,
7257,
7258,
7258,
7258,
7259,
7259,
7259,
7260,
7260,
7260,
7261,
7261,
7261,
7262,
7262,
7262,
7262,
7263,
7263,
7263,
7264,
7264,
7264,
7265,
7265,
7265,
7266,
7266,
7266,
7267,
7267,
7267,
7268,
7268,
7268,
7269,
7269,
7269,
7269,
7270,
7270,
7270,
7271,
7271,
7271,
7272,
7272,
7272,
7273,
7273,
7273,
7274,
7274,
7274,
7275,
7275,
7275,
7275,
7276,
7276,
7276,
7277,
7277,
7277,
7278,
7278,
7278,
7279,
7279,
7279,
7280,
7280,
7280,
7281,
7281,
7281,
7281,
7282,
7282,
7282,
7283,
7283,
7283,
7284,
7284,
7284,
7285,
7285,
7285,
7286,
7286,
7286,
7286,
7287,
7287,
7287,
7288,
7288,
7288,
7289,
7289,
7289,
7290,
7290,
7290,
7290,
7291,
7291,
7291,
7292,
7292,
7292,
7293,
7293,
7293,
7294,
7294,
7294,
7294,
7295,
7295,
7295,
7296,
7296,
7296,
7297,
7297,
7297,
7298,
7298,
7298,
7298,
7299,
7299,
7299,
7300,
7300,
7300,
7301,
7301,
7301,
7302,
7302,
7302,
7302,
7303,
7303,
7303,
7304,
7304,
7304,
7305,
7305,
7305,
7306,
7306,
7306,
7306,
7307,
7307,
7307,
7308,
7308,
7308,
7309,
7309,
7309,
7309,
7310,
7310,
7310,
7311,
7311,
7311,
7312,
7312,
7312,
7312,
7313,
7313,
7313,
7314,
7314,
7314,
7315,
7315,
7315,
7315,
7316,
7316,
7316,
7317,
7317,
7317,
7318,
7318,
7318,
7318,
7319,
7319,
7319,
7320,
7320,
7320,
7321,
7321,
7321,
7321,
7322,
7322,
7322,
7323,
7323,
7323,
7324,
7324,
7324,
7324,
7325,
7325,
7325,
7326,
7326,
7326,
7326,
7327,
7327,
7327,
7328,
7328,
7328,
7329,
7329,
7329,
7329,
7330,
7330,
7330,
7331,
7331,
7331,
7331,
7332,
7332,
7332,
7333,
7333,
7333,
7334,
7334,
7334,
7334,
7335,
7335,
7335,
7336,
7336,
7336,
7336,
7337,
7337,
7337,
7338,
7338,
7338,
7339,
7339,
7339,
7339,
7340,
7340,
7340,
7341,
7341,
7341,
7341,
7342,
7342,
7342,
7343,
7343,
7343,
7343,
7344,
7344,
7344,
7345,
7345,
7345,
7345,
7346,
7346,
7346,
7347,
7347,
7347,
7347,
7348,
7348,
7348,
7349,
7349,
7349,
7350,
7350,
7350,
7350,
7351,
7351,
7351,
7352,
7352,
7352,
7352,
7353,
7353,
7353,
7354,
7354,
7354,
7354,
7355,
7355,
7355,
7356,
7356,
7356,
7356,
7357,
7357,
7357,
7358,
7358,
7358,
7358,
7359,
7359,
7359,
7360,
7360,
7360,
7360,
7361,
7361,
7361,
7362,
7362,
7362,
7362,
7363,
7363,
7363,
7363,
7364,
7364,
7364,
7365,
7365,
7365,
7365,
7366,
7366,
7366,
7367,
7367,
7367,
7367,
7368,
7368,
7368,
7369,
7369,
7369,
7369,
7370,
7370,
7370,
7371,
7371,
7371,
7371,
7372,
7372,
7372,
7372,
7373,
7373,
7373,
7374,
7374,
7374,
7374,
7375,
7375,
7375,
7376,
7376,
7376,
7376,
7377,
7377,
7377,
7377,
7378,
7378,
7378,
7379,
7379,
7379,
7379,
7380,
7380,
7380,
7381,
7381,
7381,
7381,
7382,
7382,
7382,
7382,
7383,
7383,
7383,
7384,
7384,
7384,
7384,
7385,
7385,
7385,
7386,
7386,
7386,
7386,
7387,
7387,
7387,
7387,
7388,
7388,
7388,
7389,
7389,
7389,
7389,
7390,
7390,
7390,
7390,
7391,
7391,
7391,
7392,
7392,
7392,
7392,
7393,
7393,
7393,
7393,
7394,
7394,
7394,
7395,
7395,
7395,
7395,
7396,
7396,
7396,
7396,
7397,
7397,
7397,
7398,
7398,
7398,
7398,
7399,
7399,
7399,
7399,
7400,
7400,
7400,
7400,
7401,
7401,
7401,
7402,
7402,
7402,
7402,
7403,
7403,
7403,
7403,
7404,
7404,
7404,
7405,
7405,
7405,
7405,
7406,
7406,
7406,
7406,
7407,
7407,
7407,
7407,
7408,
7408,
7408,
7409,
7409,
7409,
7409,
7410,
7410,
7410,
7410,
7411,
7411,
7411,
7411,
7412,
7412,
7412,
7413,
7413,
7413,
7413,
7414,
7414,
7414,
7414,
7415,
7415,
7415,
7415,
7416,
7416,
7416,
7417,
7417,
7417,
7417,
7418,
7418,
7418,
7418,
7419,
7419,
7419,
7419,
7420,
7420,
7420,
7420,
7421,
7421,
7421,
7422,
7422,
7422,
7422,
7423,
7423,
7423,
7423,
7424,
7424,
7424,
7424,
7425,
7425,
7425,
7425,
7426,
7426,
7426,
7427,
7427,
7427,
7427,
7428,
7428,
7428,
7428,
7429,
7429,
7429,
7429,
7430,
7430,
7430,
7430,
7431,
7431,
7431,
7431,
7432,
7432,
7432,
7433,
7433,
7433,
7433,
7434,
7434,
7434,
7434,
7435,
7435,
7435,
7435,
7436,
7436,
7436,
7436,
7437,
7437,
7437,
7437,
7438,
7438,
7438,
7438,
7439,
7439,
7439,
7440,
7440,
7440,
7440,
7441,
7441,
7441,
7441,
7442,
7442,
7442,
7442,
7443,
7443,
7443,
7443,
7444,
7444,
7444,
7444,
7445,
7445,
7445,
7445,
7446,
7446,
7446,
7446,
7447,
7447,
7447,
7447,
7448,
7448,
7448,
7448,
7449,
7449,
7449,
7449,
7450,
7450,
7450,
7450,
7451,
7451,
7451,
7452,
7452,
7452,
7452,
7453,
7453,
7453,
7453,
7454,
7454,
7454,
7454,
7455,
7455,
7455,
7455,
7456,
7456,
7456,
7456,
7457,
7457,
7457,
7457,
7458,
7458,
7458,
7458,
7459,
7459,
7459,
7459,
7460,
7460,
7460,
7460,
7461,
7461,
7461,
7461,
7462,
7462,
7462,
7462,
7463,
7463,
7463,
7463,
7464,
7464,
7464,
7464,
7465,
7465,
7465,
7465,
7466,
7466,
7466,
7466,
7467,
7467,
7467,
7467,
7468,
7468,
7468,
7468,
7469,
7469,
7469,
7469,
7470,
7470,
7470,
7470,
7471,
7471,
7471,
7471,
7472,
7472,
7472,
7472,
7473,
7473,
7473,
7473,
7474,
7474,
7474,
7474,
7475,
7475,
7475,
7475,
7476,
7476,
7476,
7476,
7476,
7477,
7477,
7477,
7477,
7478,
7478,
7478,
7478,
7479,
7479,
7479,
7479,
7480,
7480,
7480,
7480,
7481,
7481,
7481,
7481,
7482,
7482,
7482,
7482,
7483,
7483,
7483,
7483,
7484,
7484,
7484,
7484,
7485,
7485,
7485,
7485,
7486,
7486,
7486,
7486,
7487,
7487,
7487,
7487,
7487,
7488,
7488,
7488,
7488,
7489,
7489,
7489,
7489,
7490,
7490,
7490,
7490,
7491,
7491,
7491,
7491,
7492,
7492,
7492,
7492,
7493,
7493,
7493,
7493,
7494,
7494,
7494,
7494,
7495,
7495,
7495,
7495,
7495,
7496,
7496,
7496,
7496,
7497,
7497,
7497,
7497,
7498,
7498,
7498,
7498,
7499,
7499,
7499,
7499,
7500,
7500,
7500,
7500,
7501,
7501,
7501,
7501,
7501,
7502,
7502,
7502,
7502,
7503,
7503,
7503,
7503,
7504,
7504,
7504,
7504,
7505,
7505,
7505,
7505,
7506,
7506,
7506,
7506,
7506,
7507,
7507,
7507,
7507,
7508,
7508,
7508,
7508,
7509,
7509,
7509,
7509,
7510,
7510,
7510,
7510,
7510,
7511,
7511,
7511,
7511,
7512,
7512,
7512,
7512,
7513,
7513,
7513,
7513,
7514,
7514,
7514,
7514,
7514,
7515,
7515,
7515,
7515,
7516,
7516,
7516,
7516,
7517,
7517,
7517,
7517,
7518,
7518,
7518,
7518,
7518,
7519,
7519,
7519,
7519,
7520,
7520,
7520,
7520,
7521,
7521,
7521,
7521,
7522,
7522,
7522,
7522,
7522,
7523,
7523,
7523,
7523,
7524,
7524,
7524,
7524,
7525,
7525,
7525,
7525,
7525,
7526,
7526,
7526,
7526,
7527,
7527,
7527,
7527,
7528,
7528,
7528,
7528,
7528,
7529,
7529,
7529,
7529,
7530,
7530,
7530,
7530,
7531,
7531,
7531,
7531,
7531,
7532,
7532,
7532,
7532,
7533,
7533,
7533,
7533,
7534,
7534,
7534,
7534,
7534,
7535,
7535,
7535,
7535,
7536,
7536,
7536,
7536,
7537,
7537,
7537,
7537,
7537,
7538,
7538,
7538,
7538,
7539,
7539,
7539,
7539,
7539,
7540,
7540,
7540,
7540,
7541,
7541,
7541,
7541,
7542,
7542,
7542,
7542,
7542,
7543,
7543,
7543,
7543,
7544,
7544,
7544,
7544,
7544,
7545,
7545,
7545,
7545,
7546,
7546,
7546,
7546,
7547,
7547,
7547,
7547,
7547,
7548,
7548,
7548,
7548,
7549,
7549,
7549,
7549,
7549,
7550,
7550,
7550,
7550,
7551,
7551,
7551,
7551,
7551,
7552,
7552,
7552,
7552,
7553,
7553,
7553,
7553,
7554,
7554,
7554,
7554,
7554,
7555,
7555,
7555,
7555,
7556,
7556,
7556,
7556,
7556,
7557,
7557,
7557,
7557,
7558,
7558,
7558,
7558,
7558,
7559,
7559,
7559,
7559,
7560,
7560,
7560,
7560,
7560,
7561,
7561,
7561,
7561,
7562,
7562,
7562,
7562,
7562,
7563,
7563,
7563,
7563,
7564,
7564,
7564,
7564,
7564,
7565,
7565,
7565,
7565,
7566,
7566,
7566,
7566,
7566,
7567,
7567,
7567,
7567,
7568,
7568,
7568,
7568,
7568,
7569,
7569,
7569,
7569,
7570,
7570,
7570,
7570,
7570,
7571,
7571,
7571,
7571,
7571,
7572,
7572,
7572,
7572,
7573,
7573,
7573,
7573,
7573,
7574,
7574,
7574,
7574,
7575,
7575,
7575,
7575,
7575,
7576,
7576,
7576,
7576,
7577,
7577,
7577,
7577,
7577,
7578,
7578,
7578,
7578,
7578,
7579,
7579,
7579,
7579,
7580,
7580,
7580,
7580,
7580,
7581,
7581,
7581,
7581,
7582,
7582,
7582,
7582,
7582,
7583,
7583,
7583,
7583,
7583,
7584,
7584,
7584,
7584,
7585,
7585,
7585,
7585,
7585,
7586,
7586,
7586,
7586,
7586,
7587,
7587,
7587,
7587,
7588,
7588,
7588,
7588,
7588,
7589,
7589,
7589,
7589,
7589,
7590,
7590,
7590,
7590,
7591,
7591,
7591,
7591,
7591,
7592,
7592,
7592,
7592,
7592,
7593,
7593,
7593,
7593,
7594,
7594,
7594,
7594,
7594,
7595,
7595,
7595,
7595,
7595,
7596,
7596,
7596,
7596,
7597,
7597,
7597,
7597,
7597,
7598,
7598,
7598,
7598,
7598,
7599,
7599,
7599,
7599,
7600,
7600,
7600,
7600,
7600,
7601,
7601,
7601,
7601,
7601,
7602,
7602,
7602,
7602,
7602,
7603,
7603,
7603,
7603,
7604,
7604,
7604,
7604,
7604,
7605,
7605,
7605,
7605,
7605,
7606,
7606,
7606,
7606,
7607,
7607,
7607,
7607,
7607,
7608,
7608,
7608,
7608,
7608,
7609,
7609,
7609,
7609,
7609,
7610,
7610,
7610,
7610,
7610,
7611,
7611,
7611,
7611,
7612,
7612,
7612,
7612,
7612,
7613,
7613,
7613,
7613,
7613,
7614,
7614,
7614,
7614,
7614,
7615,
7615,
7615,
7615,
7616,
7616,
7616,
7616,
7616,
7617,
7617,
7617,
7617,
7617,
7618,
7618,
7618,
7618,
7618,
7619,
7619,
7619,
7619,
7619,
7620,
7620,
7620,
7620,
7620,
7621,
7621,
7621,
7621,
7622,
7622,
7622,
7622,
7622,
7623,
7623,
7623,
7623,
7623,
7624,
7624,
7624,
7624,
7624,
7625,
7625,
7625,
7625,
7625,
7626,
7626,
7626,
7626,
7626,
7627,
7627,
7627,
7627,
7627,
7628,
7628,
7628,
7628,
7629,
7629,
7629,
7629,
7629,
7630,
7630,
7630,
7630,
7630,
7631,
7631,
7631,
7631,
7631,
7632,
7632,
7632,
7632,
7632,
7633,
7633,
7633,
7633,
7633,
7634,
7634,
7634,
7634,
7634,
7635,
7635,
7635,
7635,
7635,
7636,
7636,
7636,
7636,
7636,
7637,
7637,
7637,
7637,
7637,
7638,
7638,
7638,
7638,
7639,
7639,
7639,
7639,
7639,
7640,
7640,
7640,
7640,
7640,
7641,
7641,
7641,
7641,
7641,
7642,
7642,
7642,
7642,
7642,
7643,
7643,
7643,
7643,
7643,
7644,
7644,
7644,
7644,
7644,
7645,
7645,
7645,
7645,
7645,
7646,
7646,
7646,
7646,
7646,
7647,
7647,
7647,
7647,
7647,
7648,
7648,
7648,
7648,
7648,
7649,
7649,
7649,
7649,
7649,
7650,
7650,
7650,
7650,
7650,
7651,
7651,
7651,
7651,
7651,
7652,
7652,
7652,
7652,
7652,
7653,
7653,
7653,
7653,
7653,
7654,
7654,
7654,
7654,
7654,
7655,
7655,
7655,
7655,
7655,
7656,
7656,
7656,
7656,
7656,
7657,
7657,
7657,
7657,
7657,
7658,
7658,
7658,
7658,
7658,
7659,
7659,
7659,
7659,
7659,
7660,
7660,
7660,
7660,
7660,
7660,
7661,
7661,
7661,
7661,
7661,
7662,
7662,
7662,
7662,
7662,
7663,
7663,
7663,
7663,
7663,
7664,
7664,
7664,
7664,
7664,
7665,
7665,
7665,
7665,
7665,
7666,
7666,
7666,
7666,
7666,
7667,
7667,
7667,
7667,
7667,
7668,
7668,
7668,
7668,
7668,
7669,
7669,
7669,
7669,
7669,
7670,
7670,
7670,
7670,
7670,
7670,
7671,
7671,
7671,
7671,
7671,
7672,
7672,
7672,
7672,
7672,
7673,
7673,
7673,
7673,
7673,
7674,
7674,
7674,
7674,
7674,
7675,
7675,
7675,
7675,
7675,
7676,
7676,
7676,
7676,
7676,
7677,
7677,
7677,
7677,
7677,
7677,
7678,
7678,
7678,
7678,
7678,
7679,
7679,
7679,
7679,
7679,
7680,
7680,
7680,
7680,
7680,
7681,
7681,
7681,
7681,
7681,
7682,
7682,
7682,
7682,
7682,
7683,
7683,
7683,
7683,
7683,
7683,
7684,
7684,
7684,
7684,
7684,
7685,
7685,
7685,
7685,
7685,
7686,
7686,
7686,
7686,
7686,
7687,
7687,
7687,
7687,
7687,
7687,
7688,
7688,
7688,
7688,
7688,
7689,
7689,
7689,
7689,
7689,
7690,
7690,
7690,
7690,
7690,
7691,
7691,
7691,
7691,
7691,
7691,
7692,
7692,
7692,
7692,
7692,
7693,
7693,
7693,
7693,
7693,
7694,
7694,
7694,
7694,
7694,
7695,
7695,
7695,
7695,
7695,
7695,
7696,
7696,
7696,
7696,
7696,
7697,
7697,
7697,
7697,
7697,
7698,
7698,
7698,
7698,
7698,
7699,
7699,
7699,
7699,
7699,
7699,
7700,
7700,
7700,
7700,
7700,
7701,
7701,
7701,
7701,
7701,
7702,
7702,
7702,
7702,
7702,
7702,
7703,
7703,
7703,
7703,
7703,
7704,
7704,
7704,
7704,
7704,
7705,
7705,
7705,
7705,
7705,
7705,
7706,
7706,
7706,
7706,
7706,
7707,
7707,
7707,
7707,
7707,
7708,
7708,
