4096,
12288,
13506,
14301,
14905,
15398,
15818,
16185,
16512,
16808,
17079,
17329,
17561,
17778,
17983,
18176,
18359,
18533,
18699,
18857,
19010,
19156,
19297,
19432,
19563,
19690,
19813,
19932,
20048,
20160,
20269,
20376,
20480,
20581,
20679,
20776,
20870,
20962,
21052,
21141,
21227,
21312,
21395,
21477,
21557,
21636,
21713,
21789,
21863,
21937,
22009,
22080,
22150,
22219,
22287,
22354,
22420,
22485,
22549,
22612,
22674,
22736,
22797,
22857,
22916,
22974,
23032,
23089,
23145,
23201,
23256,
23311,
23364,
23418,
23470,
23522,
23574,
23625,
23675,
23725,
23775,
23824,
23872,
23920,
23968,
24015,
24061,
24108,
24153,
24199,
24244,
24288,
24333,
24376,
24420,
24463,
24506,
24548,
24590,
24632,
24673,
24714,
24755,
24795,
24835,
24875,
24914,
24953,
24992,
25031,
25069,
25107,
25145,
25182,
25219,
25256,
25293,
25329,
25365,
25401,
25437,
25473,
25508,
25543,
25577,
25612,
25646,
25680,
25714,
25748,
25781,
25815,
25848,
25881,
25913,
25946,
25978,
26010,
26042,
26074,
26105,
26137,
26168,
26199,
26230,
26260,
26291,
26321,
26351,
26381,
26411,
26441,
26470,
26500,
26529,
26558,
26587,
26616,
26644,
26673,
26701,
26729,
26757,
26785,
26813,
26841,
26868,
26895,
26923,
26950,
26977,
27004,
27030,
27057,
27083,
27110,
27136,
27162,
27188,
27214,
27240,
27265,
27291,
27316,
27342,
27367,
27392,
27417,
27442,
27467,
27491,
27516,
27540,
27565,
27589,
27613,
27637,
27661,
27685,
27709,
27733,
27756,
27780,
27803,
27826,
27850,
27873,
27896,
27919,
27942,
27964,
27987,
28010,
28032,
28055,
28077,
28099,
28122,
28144,
28166,
28188,
28209,
28231,
28253,
28275,
28296,
28318,
28339,
28360,
28382,
28403,
28424,
28445,
28466,
28487,
28508,
28528,
28549,
28570,
28590,
28611,
28631,
28651,
28672,
28692,
28712,
28732,
28752,
28772,
28792,
28811,
28831,
28851,
28871,
28890,
28910,
