0,
0,
0,
0,
0,
0,
0,
0,
0,
0,
0,
0,
0,
0,
0,
0,
0,
0,
0,
0,
0,
0,
0,
0,
0,
0,
0,
0,
0,
0,
0,
0,
0,
0,
0,
0,
0,
0,
0,
0,
0,
0,
0,
0,
0,
0,
0,
0,
0,
0,
0,
0,
0,
0,
0,
0,
0,
0,
0,
0,
0,
0,
0,
0,
0,
0,
0,
0,
0,
0,
0,
0,
0,
0,
0,
0,
0,
0,
0,
0,
0,
0,
0,
0,
0,
0,
0,
0,
0,
0,
0,
0,
0,
0,
0,
0,
0,
0,
0,
0,
0,
0,
0,
0,
0,
0,
0,
0,
0,
0,
0,
0,
0,
0,
0,
0,
0,
0,
0,
0,
0,
0,
0,
0,
0,
0,
0,
0,
0,
0,
0,
0,
0,
0,
0,
0,
0,
0,
0,
0,
0,
0,
0,
0,
0,
0,
0,
0,
0,
0,
0,
0,
0,
0,
0,
0,
0,
0,
0,
0,
0,
0,
0,
0,
0,
0,
0,
0,
0,
0,
0,
0,
0,
0,
0,
0,
0,
0,
0,
0,
0,
0,
0,
0,
0,
0,
0,
0,
0,
0,
0,
0,
0,
0,
0,
0,
0,
0,
0,
0,
0,
0,
0,
0,
0,
0,
0,
0,
0,
0,
0,
0,
0,
0,
0,
0,
0,
0,
0,
0,
0,
0,
0,
0,
0,
0,
0,
0,
0,
0,
0,
0,
0,
0,
0,
0,
0,
0,
0,
0,
0,
0,
0,
0,
0,
0,
0,
0,
0,
0,
0,
0,
0,
0,
0,
0,
0,
0,
0,
0,
0,
0,
0,
0,
0,
0,
0,
0,
0,
0,
0,
0,
0,
0,
0,
0,
0,
0,
0,
0,
0,
0,
0,
0,
0,
0,
0,
0,
0,
0,
0,
0,
0,
0,
0,
0,
0,
0,
0,
0,
0,
0,
0,
0,
0,
0,
0,
0,
0,
0,
0,
0,
0,
0,
0,
0,
0,
0,
0,
0,
0,
0,
0,
0,
0,
0,
0,
0,
0,
0,
0,
0,
0,
0,
1,
1,
1,
1,
1,
1,
1,
1,
1,
1,
1,
1,
1,
1,
1,
1,
1,
1,
1,
1,
1,
1,
1,
1,
1,
2,
2,
2,
2,
2,
2,
2,
2,
2,
2,
2,
2,
2,
2,
3,
3,
3,
3,
3,
3,
3,
3,
3,
3,
3,
4,
4,
4,
4,
4,
4,
4,
4,
5,
5,
5,
5,
5,
5,
5,
5,
6,
6,
6,
6,
6,
7,
7,
7,
7,
7,
8,
8,
8,
9,
9,
9,
9,
10,
10,
10,
10,
11,
11,
11,
12,
12,
12,
12,
13,
13,
14,
14,
15,
15,
15,
16,
16,
17,
17,
18,
18,
18,
19,
19,
20,
20,
21,
21,
22,
23,
23,
24,
24,
25,
26,
27,
27,
28,
29,
29,
30,
31,
32,
32,
33,
34,
35,
36,
37,
38,
39,
40,
41,
42,
43,
43,
45,
46,
47,
48,
49,
50,
51,
52,
53,
54,
56,
57,
58,
60,
61,
63,
64,
65,
66,
67,
69,
71,
72,
73,
75,
77,
79,
80,
81,
83,
84,
86,
87,
89,
91,
92,
94,
96,
97,
99,
101,
103,
104,
105,
107,
109,
112,
113,
115,
116,
118,
120,
122,
124,
126,
128,
130,
131,
132,
134,
136,
137,
139,
141,
142,
145,
147,
148,
150,
152,
154,
155,
157,
159,
160,
161,
163,
165,
168,
169,
170,
171,
173,
174,
175,
177,
179,
181,
183,
184,
185,
187,
188,
189,
191,
192,
193,
194,
196,
197,
197,
199,
201,
202,
203,
204,
205,
206,
207,
208,
209,
210,
211,
213,
214,
214,
215,
216,
217,
217,
219,
220,
220,
221,
222,
223,
224,
224,
225,
226,
226,
227,
228,
228,
229,
229,
230,
231,
231,
232,
233,
233,
234,
234,
235,
235,
236,
236,
237,
237,
237,
238,
238,
239,
239,
240,
240,
240,
240,
241,
242,
242,
242,
243,
243,
243,
244,
244,
244,
244,
245,
245,
245,
245,
245,
246,
246,
246,
247,
247,
247,
247,
247,
247,
247,
247,
248,
248,
248,
248,
248,
248,
248,
249,
249,
249,
249,
249,
249,
250,
250,
250,
250,
251,
251,
251,
251,
251,
251,
251,
251,
251,
251,
251,
252,
252,
252,
252,
252,
252,
252,
252,
252,
252,
252,
252,
252,
252,
252,
252,
252,
252,
253,
253,
253,
253,
253,
253,
253,
253,
253,
253,
253,
253,
253,
253,
253,
253,
253,
253,
253,
253,
253,
253,
253,
253,
253,
253,
253,
254,
254,
254,
254,
254,
254,
254,
254,
254,
254,
254,
254,
254,
254,
254,
254,
254,
254,
254,
254,
254,
254,
254,
254,
254,
254,
254,
254,
254,
254,
254,
254,
254,
254,
254,
254,
254,
254,
254,
254,
254,
254,
254,
254,
254,
254,
254,
254,
254,
254,
254,
254,
254,
254,
254,
254,
254,
254,
254,
254,
254,
254,
254,
254,
254,
254,
254,
254,
254,
254,
254,
254,
254,
254,
254,
254,
254,
254,
254,
254,
254,
254,
254,
254,
254,
254,
254,
254,
254,
254,
254,
254,
254,
254,
254,
254,
254,
254,
254,
254,
254,
254,
254,
254,
254,
254,
254,
254,
254,
254,
254,
254,
254,
254,
254,
254,
254,
254,
254,
254,
254,
254,
254,
254,
254,
254,
254,
254,
254,
254,
254,
254,
254,
254,
254,
254,
254,
254,
254,
254,
254,
254,
254,
254,
254,
254,
254,
254,
254,
254,
254,
254,
254,
254,
254,
254,
254,
254,
254,
254,
254,
254,
254,
254,
254,
254,
254,
254,
254,
254,
254,
254,
254,
254,
254,
254,
254,
254,
254,
254,
254,
254,
254,
254,
254,
254,
254,
254,
254,
254,
254,
254,
254,
254,
254,
254,
254,
254,
254,
254,
254,
254,
254,
254,
254,
254,
254,
254,
254,
254,
254,
254,
254,
254,
254,
254,
254,
254,
254,
254,
254,
254,
254,
254,
254,
254,
254,
254,
254,
254,
254,
254,
254,
254,
254,
254,
254,
254,
254,
254,
254,
254,
254,
254,
254,
254,
254,
254,
254,
254,
254,
254,
254,
254,
254,
254,
254,
254,
254,
254,
254,
254,
254,
254,
254,
254,
254,
254,
254,
254,
254,
254,
254,
254,
254,
254,
254,
254,
254,
254,
254,
254,
254,
254,
254,
254,
254,
254,
255,
