0,
264,
529,
793,
1058,
1322,
1586,
1851,
2115,
2379,
2644,
2908,
3172,
3436,
3700,
3964,
4227,
4491,
4755,
5018,
5282,
5545,
5808,
6071,
6334,
6597,
6859,
7122,
7384,
7647,
7909,
8170,
8432,
8694,
8955,
9216,
9477,
9738,
9999,
10259,
10519,
10779,
11039,
11299,
11558,
11817,
12076,
12334,
12593,
12851,
13109,
13366,
13623,
13880,
14137,
14393,
14650,
14905,
15161,
15416,
15671,
15926,
16180,
16434,
16688,
16941,
17194,
17446,
17699,
17951,
18202,
18453,
18704,
18955,
19205,
19455,
19704,
19953,
20201,
20450,
20697,
20945,
21192,
21438,
21684,
21930,
22175,
22420,
22665,
22909,
23152,
23395,
23638,
23880,
24122,
24363,
24604,
24844,
25084,
25324,
25562,
25801,
26039,
26276,
26513,
26750,
26986,
27221,
27456,
27691,
27925,
28158,
28391,
28624,
28856,
29087,
29318,
29548,
29778,
30007,
30236,
30464,
30691,
30919,
31145,
31371,
31596,
31821,
32045,
32269,
32492,
32715,
32937,
33158,
33379,
33599,
33819,
34038,
34257,
34474,
34692,
34908,
35125,
35340,
35555,
35769,
35983,
36196,
36409,
36621,
36832,
37043,
37253,
37462,
37671,
37879,
38087,
38294,
38500,
38706,
38911,
39115,
39319,
39522,
39725,
39927,
40128,
40329,
40529,
40728,
40927,
41125,
41323,
41520,
41716,
41911,
42106,
42300,
42494,
42687,
42879,
43071,
43262,
43452,
43642,
43831,
44020,
44207,
44394,
44581,
44767,
44952,
45136,
45320,
45503,
45686,
45868,
46049,
46230,
46409,
46589,
46767,
46945,
47122,
47299,
47475,
47650,
47825,
47999,
48172,
48345,
48517,
48688,
48859,
49029,
49198,
49367,
49535,
49703,
49869,
50036,
50201,
50366,
50530,
50694,
50856,
51019,
51180,
51341,
51501,
51661,
51820,
51978,
52136,
52293,
52449,
52605,
52760,
52914,
53068,
53221,
53374,
53526,
53677,
53828,
53977,
54127,
54275,
54424,
54571,
54718,
54864,
55009,
55154,
55299,
55442,
55585,
55728,
55869,
56010,
56151,
56291,
56430,
56569,
56707,
56844,
56981,
57117,
57253,
57388,
57522,
57656,
57789,
57922,
58054,
58185,
58316,
58446,
58575,
58704,
58833,
58960,
59087,
59214,
59340,
59465,
59590,
59714,
59838,
59961,
60084,
60206,
60327,
60448,
60568,
60687,
60806,
60925,
61043,
61160,
61277,
61393,
61509,
61624,
61738,
61852,
61966,
62079,
62191,
62303,
62414,
62525,
62635,
62744,
62853,
62962,
63070,
63177,
63284,
63390,
63496,
63602,
63706,
63811,
63914,
64018,
64120,
64222,
64324,
64425,
64526,
64626,
64726,
64825,
64923,
65021,
65119,
65216,
65313,
65409,
65504,
65600,
65694,
65788,
65882,
65975,
66068,
66160,
66252,
66343,
66434,
66524,
66614,
66703,
66792,
66880,
66968,
67056,
67143,
67230,
67316,
67401,
67486,
67571,
67656,
67739,
67823,
67906,
67988,
68070,
68152,
68233,
68314,
68394,
68474,
68554,
68633,
68711,
68789,
68867,
68945,
69022,
69098,
69174,
69250,
69325,
69400,
69474,
69548,
69622,
69695,
69768,
69841,
69913,
69984,
70056,
70126,
70197,
70267,
70337,
70406,
70475,
70543,
70612,
70679,
70747,
70814,
70880,
70947,
71013,
71078,
71143,
71208,
71273,
71337,
71400,
71464,
71527,
71589,
71652,
71714,
71775,
71837,
71898,
71958,
72018,
72078,
72138,
72197,
72256,
72314,
72373,
72431,
72488,
72545,
72602,
72659,
72715,
72771,
72827,
72882,
72937,
72992,
73046,
73100,
73154,
73207,
73260,
73313,
73365,
73418,
73470,
73521,
73572,
73623,
73674,
73725,
73775,
73824,
73874,
73923,
73972,
74021,
74069,
74117,
74165,
74213,
74260,
74307,
74354,
74400,
74446,
74492,
74538,
74583,
74629,
74673,
74718,
74762,
74806,
74850,
74894,
74937,
74980,
75023,
75065,
75108,
75150,
75191,
75233,
75274,
75315,
75356,
75397,
75437,
75477,
75517,
75556,
75596,
75635,
75674,
75713,
75751,
75789,
75827,
75865,
75903,
75940,
75977,
76014,
76050,
76087,
76123,
76159,
76195,
76230,
76266,
76301,
76336,
76371,
76405,
76439,
76473,
76507,
76541,
76575,
76608,
76641,
76674,
76706,
76739,
76771,
76803,
76835,
76867,
76898,
76930,
76961,
76992,
77023,
77053,
77084,
77114,
77144,
77174,
77203,
77233,
77262,
77291,
77320,
77349,
77378,
77406,
77434,
77462,
77490,
77518,
77546,
77573,
77600,
77627,
77654,
77681,
77708,
77734,
77760,
77786,
77812,
77838,
77864,
77889,
77914,
77940,
77965,
77989,
78014,
78039,
78063,
78087,
78111,
78135,
78159,
78183,
78206,
78230,
78253,
78276,
78299,
78322,
78344,
78367,
78389,
78411,
78434,
78455,
78477,
78499,
78521,
78542,
78563,
78584,
78605,
78626,
78647,
78668,
78688,
78709,
78729,
78749,
78769,
78789,
78809,
78828,
78848,
78867,
78887,
78906,
78925,
78944,
78963,
78981,
79000,
79018,
79037,
79055,
79073,
79091,
79109,
79127,
79144,
79162,
79179,
79197,
79214,
79231,
79248,
79265,
79282,
79298,
79315,
79332,
79348,
79364,
79380,
79397,
79413,
79428,
79444,
79460,
79476,
79491,
79506,
79522,
79537,
79552,
79567,
79582,
79597,
79612,
79626,
79641,
79655,
79670,
79684,
79698,
79712,
79726,
79740,
79754,
79768,
79781,
79795,
79808,
79822,
79835,
79848,
79862,
79875,
79888,
79901,
79913,
79926,
79939,
79952,
79964,
79976,
79989,
80001,
80013,
80025,
80037,
80049,
80061,
80073,
80085,
80097,
80108,
80120,
80131,
80143,
80154,
80165,
80176,
80187,
80198,
80209,
80220,
80231,
80242,
80253,
80263,
80274,
80284,
80295,
80305,
80315,
80326,
80336,
80346,
80356,
80366,
80376,
80386,
80395,
80405,
80415,
80424,
80434,
80443,
80453,
80462,
80471,
80481,
80490,
80499,
80508,
80517,
80526,
80535,
80544,
80553,
80561,
80570,
80579,
80587,
80596,
80604,
80612,
80621,
80629,
80637,
80646,
80654,
80662,
80670,
80678,
80686,
80694,
80701,
80709,
80717,
80725,
80732,
80740,
80747,
80755,
80762,
80770,
80777,
80784,
80792,
80799,
80806,
80813,
80820,
80827,
80834,
80841,
80848,
80855,
80862,
80869,
80875,
80882,
80889,
80895,
80902,
80908,
80915,
80921,
80927,
80934,
80940,
80946,
80953,
80959,
80965,
80971,
80977,
80983,
80989,
80995,
81001,
81007,
81013,
81019,
81024,
81030,
81036,
81041,
81047,
81053,
81058,
81064,
81069,
81075,
81080,
81085,
81091,
81096,
81101,
81107,
81112,
81117,
81122,
81127,
81132,
81137,
81142,
81147,
81152,
81157,
81162,
81167,
81172,
81177,
81181,
81186,
81191,
81195,
81200,
81205,
81209,
81214,
81218,
81223,
81227,
81232,
81236,
81241,
81245,
81249,
81254,
81258,
81262,
81266,
81270,
81275,
81279,
81283,
81287,
81291,
81295,
81299,
81303,
81307,
81311,
81315,
81319,
81323,
81326,
81330,
81334,
81338,
81341,
81345,
81349,
81353,
81356,
81360,
81363,
81367,
81371,
81374,
81378,
81381,
81384,
81388,
81391,
81395,
81398,
81401,
81405,
81408,
81411,
81415,
81418,
81421,
81424,
81427,
81431,
81434,
81437,
81440,
81443,
81446,
81449,
81452,
81455,
81458,
81461,
81464,
81467,
81470,
81473,
81476,
81479,
81481,
81484,
81487,
81490,
81493,
81495,
81498,
81501,
81503,
81506,
81509,
81511,
81514,
81517,
81519,
81522,
81524,
81527,
81529,
81532,
81534,
81537,
81539,
81542,
81544,
81547,
81549,
81551,
81554,
81556,
81558,
81561,
81563,
81565,
81568,
81570,
81572,
81574,
81577,
81579,
81581,
81583,
81585,
81587,
81590,
81592,
81594,
81596,
81598,
81600,
81602,
81604,
81606,
81608,
81610,
81612,
81614,
81616,
81618,
81620,
81622,
81624,
81626,
81628,
81630,
81631,
81633,
81635,
81637,
81639,
81641,
81642,
81644,
81646,
81648,
81649,
81651,
81653,
81655,
81656,
81658,
81660,
81661,
81663,
81665,
81666,
81668,
81670,
81671,
81673,
81674,
81676,
81678,
81679,
81681,
81682,
81684,
81685,
81687,
81688,
81690,
81691,
81693,
81694,
81696,
81697,
81698,
81700,
81701,
81703,
81704,
81705,
81707,
81708,
81710,
81711,
81712,
81714,
81715,
81716,
81718,
81719,
81720,
81721,
81723,
81724,
81725,
81727,
81728,
81729,
81730,
81731,
81733,
81734,
81735,
81736,
81737,
81739,
81740,
81741,
81742,
81743,
81744,
81745,
81747,
81748,
81749,
81750,
81751,
81752,
81753,
81754,
81755,
81756,
81757,
81758,
81760,
81761,
81762,
81763,
81764,
81765,
81766,
81767,
81768,
81769,
81770,
81771,
81771,
81772,
81773,
81774,
81775,
81776,
81777,
81778,
81779,
81780,
81781,
81782,
81783,
81783,
81784,
81785,
81786,
81787,
81788,
81789,
81789,
81790,
81791,
81792,
81793,
81794,
81794,
81795,
81796,
81797,
81798,
81798,
81799,
81800,
81801,
81801,
81802,
81803,
81804,
81805,
81805,
81806,
81807,
81807,
81808,
81809,
81810,
81810,
81811,
81812,
81812,
81813,
81814,
81814,
81815,
81816,
81816,
81817,
81818,
81818,
81819,
81820,
81820,
81821,
81822,
81822,
81823,
81824,
81824,
81825,
81825,
81826,
81827,
81827,
81828,
81828,
81829,
81830,
81830,
81831,
81831,
81832,
81832,
81833,
81834,
81834,
81835,
81835,
81836,
81836,
81837,
81837,
81838,
81838,
81839,
81840,
81840,
81841,
81841,
81842,
81842,
81843,
81843,
81844,
81844,
81845,
81845,
81846,
81846,
81846,
81847,
81847,
81848,
81848,
81849,
81849,
81850,
81850,
81851,
81851,
81852,
81852,
81852,
81853,
81853,
81854,
81854,
81855,
81855,
81855,
81856,
81856,
81857,
81857,
81857,
81858,
81858,
81859,
81859,
81859,
81860,
81860,
81861,
81861,
81861,
81862,
81862,
81862,
81863,
81863,
81864,
81864,
81864,
81865,
81865,
81865,
81866,
81866,
81866,
81867,
81867,
81867,
81868,
81868,
81868,
81869,
81869,
81869,
81870,
81870,
81870,
81871,
81871,
81871,
81872,
81872,
81872,
81873,
81873,
81873,
81874,
81874,
81874,
81874,
81875,
81875,
81875,
81876,
81876,
81876,
81876,
81877,
81877,
81877,
81878,
81878,
81878,
81878,
81879,
81879,
81879,
81879,
81880,
81880,
81880,
81880,
81881,
81881,
81881,
81881,
81882,
81882,
81882,
81882,
81883,
81883,
81883,
81883,
81884,
81884,
81884,
81884,
81885,
81885,
81885,
81885,
81885,
81886,
81886,
81886,
81886,
81887,
81887,
81887,
81887,
81887,
81888,
81888,
81888,
81888,
81888,
81889,
81889,
81889,
81889,
81889,
81890,
81890,
81890,
81890,
81890,
81891,
81891,
81891,
81891,
81891,
81892,
81892,
81892,
81892,
81892,
81892,
81893,
81893,
81893,
81893,
81893,
81893,
81894,
81894,
81894,
81894,
81894,
81894,
81895,
81895,
81895,
81895,
81895,
81895,
81896,
81896,
81896,
81896,
81896,
81896,
81897,
81897,
81897,
81897,
81897,
81897,
81897,
81898,
81898,
81898,
81898,
81898,
81898,
81898,
81899,
81899,
81899,
81899,
81899,
81899,
81899,
81900,
81900,
81900,
81900,
81900,
81900,
81900,
81900,
81901,
81901,
81901,
81901,
81901,
81901,
81901,
81901,
81902,
81902,
81902,
81902,
81902,
81902,
81902,
81902,
81902,
81903,
81903,
81903,
81903,
81903,
81903,
81903,
81903,
81903,
81904,
81904,
81904,
81904,
81904,
81904,
81904,
81904,
81904,
81904,
81905,
81905,
81905,
81905,
81905,
81905,
81905,
81905,
81905,
81905,
81906,
81906,
81906,
81906,
81906,
81906,
81906,
81906,
81906,
81906,
81906,
81907,
81907,
81907,
81907,
81907,
81907,
81907,
81907,
81907,
81907,
81907,
81907,
81908,
81908,
81908,
81908,
81908,
81908,
81908,
81908,
81908,
81908,
81908,
81908,
81908,
81909,
81909,
81909,
81909,
81909,
81909,
81909,
81909,
81909,
81909,
81909,
81909,
81909,
81909,
81910,
81910,
81910,
81910,
81910,
81910,
81910,
81910,
81910,
81910,
81910,
81910,
81910,
81910,
81910,
81910,
81911,
81911,
81911,
81911,
81911,
81911,
81911,
81911,
81911,
81911,
81911,
81911,
81911,
81911,
81911,
81911,
81911,
81912,
81912,
81912,
81912,
81912,
81912,
81912,
81912,
81912,
81912,
81912,
81912,
81912,
81912,
81912,
81912,
81912,
81912,
81912,
81913,
81913,
81913,
81913,
81913,
81913,
81913,
81913,
81913,
81913,
81913,
81913,
81913,
81913,
81913,
81913,
81913,
81913,
81913,
81913,
81913,
81913,
81914,
81914,
81914,
81914,
81914,
81914,
81914,
81914,
81914,
81914,
81914,
81914,
81914,
81914,
81914,
81914,
81914,
81914,
81914,
81914,
81914,
81914,
81914,
81914,
81914,
81914,
81915,
81915,
81915,
81915,
81915,
81915,
81915,
81915,
81915,
81915,
81915,
81915,
81915,
81915,
81915,
81915,
81915,
81915,
81915,
81915,
81915,
81915,
81915,
81915,
81915,
81915,
81915,
81915,
81915,
81915,
81915,
81916,
81916,
81916,
81916,
81916,
81916,
81916,
81916,
81916,
81916,
81916,
81916,
81916,
81916,
81916,
81916,
81916,
81916,
81916,
81916,
81916,
81916,
81916,
81916,
81916,
81916,
81916,
81916,
81916,
81916,
81916,
81916,
81916,
81916,
81916,
81916,
81916,
81916,
81916,
81917,
81917,
81917,
81917,
81917,
81917,
81917,
81917,
81917,
81917,
81917,
81917,
81917,
81917,
81917,
81917,
81917,
81917,
81917,
81917,
81917,
81917,
81917,
81917,
81917,
81917,
81917,
81917,
81917,
81917,
81917,
81917,
81917,
81917,
81917,
81917,
81917,
81917,
81917,
81917,
81917,
81917,
81917,
81917,
81917,
81917,
81917,
81917,
81917,
81917,
81917,
81917,
81918,
81918,
81918,
81918,
81918,
81918,
81918,
81918,
81918,
81918,
81918,
81918,
81918,
81918,
81918,
81918,
81918,
81918,
81918,
81918,
81918,
81918,
81918,
81918,
81918,
81918,
81918,
81918,
81918,
81918,
81918,
81918,
81918,
81918,
81918,
81918,
81918,
81918,
81918,
81918,
81918,
81918,
81918,
81918,
81918,
81918,
81918,
81918,
81918,
81918,
81918,
81918,
81918,
81918,
81918,
81918,
81918,
81918,
81918,
81918,
81918,
81918,
81918,
81918,
81918,
81918,
81918,
81918,
81918,
81918,
81918,
81918,
81918,
81918,
81918,
81918,
81918,
81918,
81918,
81919,
81919,
81919,
81919,
81919,
81919,
81919,
81919,
81919,
81919,
81919,
81919,
81919,
81919,
81919,
81919,
81919,
81919,
81919,
81919,
81919,
81919,
81919,
81919,
81919,
81919,
81919,
81919,
81919,
81919,
81919,
81919,
81919,
81919,
81919,
81919,
81919,
81919,
81919,
81919,
81919,
81919,
81919,
81919,
81919,
81919,
81919,
81919,
81919,
81919,
81919,
81919,
81919,
81919,
81919,
81919,
81919,
81919,
81919,
81919,
81919,
81919,
81919,
81919,
81919,
81919,
81919,
81919,
81919,
81919,
81919,
81919,
81919,
81919,
81919,
81919,
81919,
81919,
81919,
81919,
81919,
81919,
81919,
81919,
81919,
81919,
81919,
81919,
81919,
81919,
81919,
81919,
81919,
81919,
81919,
81919,
81919,
81919,
81919,
81919,
81919,
81919,
81919,
81919,
81919,
81919,
81919,
81919,
81919,
81919,
81919,
81919,
81919,
81919,
81919,
81919,
81919,
81919,
81919,
81919,
81919,
81919,
81919,
81919,
81919,
81919,
81919,
81919,
81919,
81919,
81919,
81919,
81919,
81919,
81919,
81919,
81919,
81919,
81919,
81919,
81919,
81919,
81919,
81919,
81919,
81919,
81919,
81919,
81919,
81919,
81919,
81919,
81919,
81919,
81919,
81919,
81919,
81919,
81919,
81919,
81919,
81919,
81919,
81919,
81919,
81919,
81919,
81919,
81919,
81919,
81919,
81920,
81920,
81920,
81920,
81920,
81920,
81920,
81920,
81920,
81920,
81920,
81920,
81920,
81920,
81920,
81920,
81920,
81920,
81920,
81920,
81920,
81920,
81920,
81920,
81920,
81920,
81920,
81920,
81920,
81920,
81920,
81920,
81920,
81920,
81920,
81920,
81920,
81920,
81920,
81920,
81920,
81920,
81920,
81920,
81920,
81920,
81920,
81920,
81920,
81920,
81920,
81920,
81920,
81920,
81920,
81920,
81920,
81920,
81920,
81920,
81920,
81920,
81920,
81920,
81920,
81920,
81920,
81920,
81920,
81920,
81920,
81920,
81920,
81920,
81920,
81920,
81920,
81920,
81920,
81920,
