0,
159,
319,
479,
638,
797,
955,
1113,
1269,
1425,
1579,
1733,
1885,
2036,
2185,
2333,
2479,
2624,
2766,
2907,
3046,
3183,
3318,
3450,
3581,
3709,
3835,
3959,
4081,
4200,
4316,
4431,
4543,
4652,
4760,
4864,
4967,
5067,
5164,
5259,
5352,
5443,
5531,
5617,
5701,
5782,
5861,
5938,
6013,
6086,
6156,
6225,
6292,
6356,
6419,
6480,
6539,
6596,
6651,
6705,
6757,
6807,
6856,
6903,
6949,
6993,
7035,
7077,
7117,
7155,
7192,
7229,
7263,
7297,
7329,
7361,
7391,
7420,
7448,
7476,
7502,
7527,
7552,
7575,
7598,
7620,
7641,
7662,
7681,
7700,
7718,
7736,
7753,
7769,
7785,
7800,
7815,
7829,
7843,
7856,
7868,
7881,
7892,
7904,
7914,
7925,
7935,
7945,
7954,
7963,
7971,
7980,
7988,
7996,
8003,
8010,
8017,
8024,
8030,
8036,
8042,
8048,
8053,
8058,
8063,
8068,
8073,
8078,
8082,
8086,
8090,
8094,
8098,
8101,
8105,
8108,
8111,
8114,
8117,
8120,
8123,
8125,
8128,
8130,
8133,
8135,
8137,
8139,
8141,
8143,
8145,
8147,
8148,
8150,
8152,
8153,
8155,
8156,
8157,
8159,
8160,
8161,
8162,
8163,
8164,
8166,
8167,
8167,
8168,
8169,
8170,
8171,
8172,
8172,
8173,
8174,
8175,
8175,
8176,
8176,
8177,
8178,
8178,
8179,
8179,
8180,
8180,
8180,
8181,
8181,
8182,
8182,
8182,
8183,
8183,
8183,
8184,
8184,
8184,
8185,
8185,
8185,
8185,
8186,
8186,
8186,
8186,
8186,
8187,
8187,
8187,
8187,
8187,
8188,
8188,
8188,
8188,
8188,
8188,
8188,
8188,
8189,
8189,
8189,
8189,
8189,
8189,
8189,
8189,
8189,
8189,
8190,
8190,
8190,
8190,
8190,
8190,
8190,
8190,
8190,
8190,
8190,
8190,
8190,
8190,
8190,
8190,
8190,
8190,
8191,
8191,
8191,
8191,
8191,
8191,
8191,
8191,
