1 1 11 1236 0 0 0 
42    9.79449749 
52    8.70925045 
74    12.4260759 
91    12.4641047 
159    26.0807133 
119 14.46427861804 
131 14.75062023043 
151 16.06843523832 
146 15.24884020526 
144 14.8073210531 
127 13.38965770158 
 42790   42790           9.5    1.18677878             0 
 42416   42416           7.5   0.896194935             0 
 88305   88305          18.5   0.818935275             0 
 42214   42214           7.5   0.737567306             0 
 87537   87537          18.5   0.661022663             0 
   364     364           6.5   0.637383461             0 
 95799   95799          22.5   0.630865157             0 
 43538   43538           3.5   0.566601992             0 
 84457   84457          14.5   0.540882051             0 
 42992   42992           7.5   0.534658372             0 
 42393   42393           3.5   0.533855677             0 
  1872    1872           4.5   0.515774071             0 
  6823    6823           5.5    0.48867628             0 
 88385   88385           3.5   0.476389676             0 
 93330   93330          26.5   0.472304672             0 
 21682   21682          12.5   0.463974059             0 
 46730   46730           2.5   0.462463439             0 
 95219   95219          36.5   0.439429045             0 
 66807   66807           7.5   0.432719558             0 
  1961    1961           5.5   0.425478876             0 
 44114   44114           3.5   0.414316803             0 
 49013   49013           3.5   0.408469945             0 
 21490   21490          12.5   0.409037679             0 
 73355   73355           7.5   0.413547844             0 
 22192   22192           3.5   0.416698873             0 
 72306   72306          34.5   0.411370695             0 
 47369   47369           5.5   0.400671184             0 
 21318   21318           5.5   0.396031052             0 
 42900   42900           0.5   0.402540356             0 
 21596   21596             1             0    1.10185027 
 22527   22527             1             0    1.00302696 
  7437    7437             1             0    1.61319423 
 61017   61017          40.5    2.23075509             0 
 23679   23679           1.5   0.722674668             0 
   274     274           1.5   0.568245888             0 
 60595   60595          13.5   0.431334376             0 
 94903   94903          22.5   0.393986613             0 
  1522    1522           5.5   0.394338489             0 
 55858   55858          16.5   0.385108829             0 
 49133   49133           7.5   0.379408568             0 
 75333   75333           5.5   0.378848165             0 
 42631   42631           2.5   0.365781933             0 
 42854   42854           7.5   0.890224278             0 
 75248   75248          15.5   0.790109038             0 
 75825   75825          13.5   0.686271489             0 
 21671   21671           3.5   0.643163621             0 
 43872   43872           3.5   0.591635168             0 
 96295   96295          17.5   0.580005348             0 
 93367   93367          21.5   0.559245646             0 
 42866   42866          17.5   0.561814666             0 
 21606   21606           4.5   0.538508713             0 
 87745   87745           6.5   0.505401969             0 
 21554   21554          11.5   0.486799389             0 
 88332   88332           7.5   0.470171332             0 
  1931    1931           5.5   0.467939705             0 
 85705   85705           8.5   0.475474149             0 
 60883   60883           5.5    0.45637846             0 
 95475   95475          32.5   0.445876002             0 
 77596   77596           9.5   0.434856951             0 
 42868   42868           8.5   0.430265486             0 
 96567   96567          25.5   0.415300906             0 
 75294   75294           9.5    0.41344285             0 
 62641   62641           9.5   0.423333108             0 
   991     991           6.5   0.417204827             0 
 71069   71069           9.5   0.404916614             0 
 35954   35954          13.5   0.403428763             0 
 76592   76592          16.5   0.397942156             0 
 27790   27790           3.5   0.405075431             0 
  1400    1400           5.5     0.3916713             0 
 48949   48949           3.5     0.3883892             0 
 32393   32393           2.5   0.381495148             0 
 22896   22896           6.5   0.383998752             0 
   215     215           1.5   0.390371859             0 
 88245   88245          17.5   0.378529698             0 
 42689   42689           6.5   0.381614417             0 
 46409   46409           7.5   0.390795439             0 
 50300   50300           3.5   0.370734632             0 
 42609   42609           8.5     0.3649427             0 
   305     305           5.5   0.361378759             0 
 54374   54374           5.5   0.363087893             0 
 92502   92502          10.5    0.35901159             0 
 95954   95954           5.5   0.350334585             0 
 72242   72242          28.5   0.336842209             0 
 52755   52755           8.5   0.344015449             0 
 61131   61131           5.5   0.338941783             0 
 22562   22562           3.5   0.338946909             0 
 96674   96674           6.5   0.340928912             0 
 61001   61001           2.5   0.345879167             0 
 22995   22995           2.5   0.335355967             0 
 60798   60798           9.5   0.337863386             0 
 86860   86860          10.5   0.330648661             0 
 42585   42585           7.5   0.338570088             0 
 22499   22499           1.5    0.32999137             0 
  1902    1902           8.5   0.346461564             0 
 75690   75690          15.5   0.789089143             0 
 42480   42480           6.5   0.703344703             0 
 62957   62957          15.5   0.635957241             0 
 75057   75057          14.5    0.59841615             0 
 42928   42928           6.5   0.567801297             0 
 83561   83561           9.5   0.510403097             0 
 22194   22194          12.5   0.508173406             0 
  8040    8040             1             0    1.00106061 
   722     722          13.5   0.924147725             0 
 69175   69175          28.5    0.52179569             0 
 60659   60659          18.5   0.479187787             0 
 60596   60596          10.5    0.45229134             0 
 22118   22118           5.5   0.443839163             0 
 95777   95777          21.5   0.443057001             0 
 82060   82060          16.5   0.429307789             0 
 49975   49975           4.5    0.41374138             0 
 84565   84565           6.5   0.408353269             0 
 76593   76593          21.5   0.397187352             0 
 75800   75800          13.5   0.391220033             0 
 42366   42366           4.5   0.392009377             0 
 85900   85900          10.5   0.374483377             0 
 44178   44178           3.5   0.375783205             0 
 42841   42841           4.5   0.389833331             0 
 74965   74965           5.5    0.36944747             0 
 85623   85623          35.5   0.368965805             0 
  1253    1253           5.5   0.349687397             0 
 86832   86832           6.5   0.354489028             0 
 18467   18467           1.5             0   0.473452896 
 21607   21607          10.5   0.427719623             0 
 21487   21487           1.5   0.359192908             0 
 70219   70219          17.5   0.353154689             0 
 27854   27854           4.5   0.348412663             0 
 52619   52619           1.5   0.348341048             0 
 30074   30074           3.5   0.345317334             0 
 88248   88248          10.5   0.335669458             0 
 63386   63386           4.5   0.330099285             0 
 77086   77086           4.5   0.330641687             0 
 55471   55471           3.5   0.342812032             0 
 63008   63008           4.5   0.330110788             0 
 42342   42342           7.5   0.323863983             0 
 32262   32262             1             0   0.670519292 
  6729    6729             1             0   0.749513626 
 87837   87837          33.5   0.707646668             0 
 32198   32198           1.5   0.443122834             0 
   401     401           6.5   0.372401267             0 
 28642   28642           2.5   0.331717551             0 
 73610   73610           4.5   0.322723299             0 
 42557   42557           8.5   0.318962812             0 
 75626   75626          15.5             0   0.318613261 
 61030   61030           7.5   0.329013526             0 
 82225   82225          21.5   0.323305905             0 
 63371   63371           7.5   0.315763175             0 
  1867    1867           1.5   0.310289353             0 
 22375   22375           4.5   0.313380957             0 
 48807   48807           0.5   0.318873942             0 
 34338   34338           3.5    0.31336534             0 
 22378   22378           1.5   0.306086004             0 
 31229   31229           3.5   0.297098726             0 
 22076   22076           4.5    0.30008018             0 
 96648   96648           1.5   0.301855713             0 
 89112   89112          31.5   0.335537642             0 
 64375   64375           7.5   0.312878788             0 
 87090   87090          73.5   0.305658311             0 
 44093   44093           3.5   0.291997999             0 
 54310   54310           4.5   0.291299462             0 
 43602   43602           5.5   0.289823562             0 
 43585   43585           0.5   0.291680068             0 
 75141   75141           7.5   0.307175756             0 
 33158   33158           1.5   0.290691316             0 
 21670   21670           5.5   0.317823648             0 
 98223   98223          11.5    0.28743428             0 
  3023    3023           5.5   0.297231674             0 
  1500    1500           1.5   0.283804178             0 
 97979   97979           2.5   0.286752999             0 
 78067   78067          23.5    0.72413975             0 
 42352   42352           5.5   0.637179136             0 
 88241   88241          23.5   0.573868334             0 
 61300   61300           9.5   0.552219629             0 
 42354   42354          21.5   0.528150022             0 
 95389   95389          16.5   0.510890603             0 
 42726   42726           5.5   0.482142031             0 
 83895   83895          22.5    0.47848475             0 
 96051   96051          38.5   0.447800994             0 
 96737   96737          10.5   0.431194425             0 
 74931   74931          21.5   0.429313391             0 
 22781   22781           4.5   0.428382963             0 
 22130   22130          12.5    0.40593487             0 
 43120   43120           3.5   0.413494617             0 
 70091   70091          16.5   0.394795716             0 
 86953   86953          11.5   0.387032568             0 
 88280   88280          13.5     0.3720617             0 
 88624   88624          15.5   0.368825585             0 
 87491   87491          14.5   0.361311913             0 
 42039   42039           4.5   0.358637631             0 
 22866   22866           2.5   0.359461635             0 
 55398   55398           6.5   0.345173895             0 
 72109   72109          10.5   0.342066884             0 
   869     869           5.5   0.337601662             0 
 83831   83831          18.5   0.354413003             0 
 42739   42739           8.5   0.337383866             0 
 29749   29749           4.5   0.338175654             0 
 87706   87706           4.5   0.333328992             0 
 62130   62130          28.5   0.323448926             0 
 26332   26332           2.5    0.32201007             0 
 22322   22322          13.5   0.315433323             0 
 95699   95699           4.5   0.327392548             0 
 21542   21542           4.5   0.324526846             0 
 42969   42969           4.5    0.31938073             0 
 86348   86348           8.5   0.339332849             0 
 21411   21411           2.5   0.309114218             0 
 84618   84618           1.5   0.317912757             0 
 42673   42673          10.5   0.317575008             0 
 22422   22422           4.5   0.306533486             0 
 53123   53123           8.5   0.308830261             0 
 29687   29687           3.5   0.298344612             0 
 56998   56998           3.5    0.29949525             0 
 79092   79092           8.5   0.294176906             0 
 61466   61466           4.5   0.292318135             0 
 43050   43050           1.5   0.294686079             0 
 95824   95824          30.5   0.292692602             0 
 42740   42740           3.5   0.289079219             0 
 93553   93553          30.5   0.294984192             0 
 78421   78421           1.5   0.293182313             0 
 43090   43090           5.5   0.291968048             0 
 52893   52893           9.5   0.286444187             0 
 21703   21703           1.5   0.289148003             0 
 74951   74951           3.5   0.279218763             0 
 88396   88396           9.5   0.282871485             0 
 92828   92828           6.5   0.278831273             0 
 22182   22182           3.5    0.27899766             0 
 71136   71136           7.5   0.278411865             0 
   563     563           2.5   0.284343123             0 
 22529   22529           2.5   0.284673125             0 
   196     196           1.5   0.287246764             0 
 23263   23263           2.5   0.273299843             0 
 54897   54897           9.5   0.270834595             0 
  1282    1282           4.5   0.268794119             0 
 33614   33614           3.5    0.27649793             0 
 77648   77648           3.5   0.269361317             0 
 88253   88253           5.5   0.268625885             0 
 43743   43743           1.5    0.27379939             0 
 49081   49081           1.5   0.274166673             0 
 71089   71089          23.5   0.283699095             0 
 22266   22266           1.5   0.288954467             0 
  1843    1843           6.5    0.26913023             0 
 70343   70343           0.5   0.274119914             0 
 94422   94422          12.5   0.280659974             0 
 39105   39105           4.5   0.264551789             0 
   668     668           3.5   0.260666817             0 
  2208    2208           2.5   0.279743016             0 
 27488   27488           4.5   0.266271889             0 
 80814   80814          33.5             0   0.274303943 
 84018   84018          39.5   0.258454531             0 
 22960   22960           4.5   0.261194021             0 
 23705   23705           2.5    0.26115486             0 
 74600   74600          10.5   0.264079183             0 
 55922   55922          15.5   0.260569453             0 
 42964   42964           1.5   0.254050225             0 
 87190   87190           4.5   0.257577956             0 
 98287   98287           9.5    0.25761795             0 
 42649   42649          10.5   0.266470373             0 
 76620   76620           2.5   0.275484562             0 
  2134    2134           5.5    0.27369979             0 
 89476   89476           4.5   0.258788228             0 
 21424   21424           1.5    0.26199165             0 
 83650   83650             1             0   0.805335879 
 27915   27915             1             0    1.14613152 
 52176   52176             1             0    1.87914598 
 22880   22880             1             0    2.37346697 
 24032   24032           5.5    2.89997149             0 
 51088   51088           1.5   0.949150562             0 
 22816   22816           1.5   0.776815832             0 
 95576   95576             1             0   0.875303864 
 65783   65783           7.5   0.739110947             0 
 88052   88052          12.5   0.679496527             0 
 76017   76017          16.5   0.613458455             0 
 87731   87731          18.5   0.571381927             0 
 53264   53264           1.5   0.584767103             0 
 22944   22944           0.5   0.585064352             0 
 63345   63345           9.5   0.544087648             0 
 69579   69579           6.5   0.503130972             0 
 94744   94744           1.5   0.505138397             0 
 74948   74948           9.5   0.509198964             0 
 83714   83714           1.5   0.456427664             0 
 61123   61123           1.5   0.521750033             0 
 89137   89137          21.5    0.45271939             0 
 94994   94994          20.5   0.439246088             0 
 42610   42610          21.5   0.427235156             0 
 11943   11943           4.5   0.409448266             0 
 63432   63432           4.5    0.40763095             0 
  1371    1371           5.5   0.427708656             0 
 42930   42930          16.5   0.389839023             0 
 85490   85490          36.5    0.38106972             0 
 94098   94098          11.5   0.379490376             0 
 22256   22256           4.5   0.381003857             0 
 42163   42163          10.5   0.378949344             0 
 97905   97905          14.5   0.374058872             0 
 47735   47735           3.5   0.368473172             0 
 23200   23200           2.5   0.355344623             0 
 60889   60889           4.5   0.359130502             0 
 21821   21821           5.5   0.365919322             0 
 94135   94135          17.5   0.352573723             0 
 22834   22834          13.5   0.364387363             0 
 94920   94920           2.5   0.344504327             0 
 93607   93607          10.5   0.356357127             0 
 95640   95640           1.5   0.353267968             0 
 21480   21480           3.5   0.355753899             0 
 42737   42737           5.5   0.335815966             0 
 21728   21728           1.5   0.332019806             0 
 71402   71402           5.5   0.353173524             0 
 23944   23944           1.5   0.338682204             0 
 29067   29067           1.5   0.330389708             0 
 42561   42561           1.5   0.359143049             0 
 78495   78495           5.5   0.326413423             0 
 57844   57844          14.5   0.321223438             0 
  2215    2215           4.5   0.323097914             0 
 26574   26574           3.5   0.313582659             0 
 31101   31101           3.5   0.307452083             0 
 74315   74315          10.5    0.31471473             0 
 61040   61040           8.5   0.303747356             0 
 22285   22285           1.5   0.303162724             0 
 43864   43864           2.5   0.300851315             0 
 70301   70301           5.5    0.30965054             0 
 54213   54213           0.5   0.297519624             0 
  2171    2171           6.5   0.333298355             0 
 84849   84849          20.5   0.296603382             0 
 79440   79440           5.5   0.297872454             0 
 75079   75079           1.5   0.293746471             0 
 71920   71920          12.5   0.294621885             0 
 21593   21593           1.5   0.284969807             0 
 74956   74956           7.5   0.292828023             0 
 22054   22054           3.5    0.29347387             0 
 78021   78021           5.5   0.283138543             0 
 75925   75925           2.5   0.291795135             0 
 31942   31942           9.5   0.282857984             0 
 43009   43009           1.5   0.286358654             0 
 21938   21938          11.5   0.274813622             0 
 54931   54931           5.5   0.273922414             0 
 94129   94129          29.5    0.27776885             0 
 22340   22340           0.5   0.280495852             0 
 42086   42086           3.5   0.280868709             0 
 22258   22258          13.5   0.286467046             0 
 30977   30977           3.5   0.278041422             0 
 43005   43005           4.5   0.272090673             0 
  6633    6633           5.5   0.276617259             0 
 86839   86839           6.5   0.270873457             0 
 42224   42224           3.5   0.275859237             0 
 21913   21913           5.5   0.280138701             0 
 67275   67275          12.5   0.285013467             0 
 70800   70800           3.5   0.266637474             0 
 97641   97641          14.5   0.272965014             0 
 62740   62740           5.5   0.269720137             0 
 61438   61438          11.5   0.263941646             0 
 61461   61461           5.5   0.269307911             0 
 55021   55021           8.5   0.261680007             0 
 71461   71461           7.5   0.265919656             0 
 49798   49798           2.5   0.258617073             0 
 21975   21975           2.5   0.257392287             0 
 65578   65578           4.5    0.25564146             0 
 21744   21744           4.5    0.26360783             0 
 43323   43323           1.5   0.262632936             0 
 75726   75726           0.5   0.258144826             0 
 75780   75780           8.5   0.273263037             0 
 93317   93317           3.5   0.265409231             0 
 22321   22321           4.5   0.251007795             0 
    78      78           3.5   0.262656003             0 
 61088   61088           3.5   0.252637804             0 
 22978   22978           3.5   0.257153779             0 
 83918   83918          10.5    0.24899289             0 
 71763   71763           9.5   0.256391168             0 
 66743   66743           7.5             0   0.248392656 
 66872   66872           4.5   0.258865923             0 
 23426   23426           0.5     0.2609891             0 
 27081   27081           6.5   0.266893744             0 
 55924   55924           4.5   0.243218735             0 
 66061   66061           4.5   0.248348236             0 
 95410   95410          33.5   0.249345556             0 
 60939   60939          11.5    0.25508365             0 
 42804   42804           3.5   0.254194379             0 
 71671   71671           4.5   0.245397881             0 
 22563   22563           2.5    0.24289681             0 
 21344   21344           2.5   0.249269888             0 
 90277   90277           5.5    0.24537465             0 
 97363   97363           6.5   0.246004909             0 
 88952   88952           6.5   0.242090181             0 
  1618    1618           2.5   0.241499647             0 
 80878   80878          30.5             0   0.245528579 
  2020    2020           4.5   0.242021233             0 
 86624   86624           2.5   0.235057101             0 
 88823   88823          15.5    0.25257048             0 
 26699   26699           0.5   0.251305103             0 
 98050   98050           8.5   0.250757366             0 
 53808   53808           4.5   0.242895961             0 
 30834   30834          11.5   0.236889347             0 
 68337   68337           9.5   0.233526379             0 
 52112   52112           1.5   0.238535538             0 
 76275   76275          69.5             0   0.249163225 
 42359   42359           4.5   0.284631997             0 
 42082   42082           1.5   0.240828484             0 
  3329    3329           3.5   0.235605478             0 
 22930   22930           3.5    0.23381424             0 
 43311   43311           1.5   0.252864689             0 
 82994   82994          51.5   0.241631255             0 
 43046   43046           3.5   0.230689973             0 
  1308    1308           4.5   0.231106147             0 
 21317   21317           0.5   0.263735801             0 
 37170   37170          15.5   0.262228727             0 
 42470   42470           2.5   0.235973418             0 
 90417   90417          32.5             0   0.237056538 
 65896   65896           0.5    0.23894316             0 
 50078   50078           5.5   0.258589804             0 
 87292   87292           1.5   0.239316806             0 
  4258    4258           7.5   0.233892664             0 
 44195   44195           0.5   0.243560508             0 
 55462   55462           9.5   0.229767933             0 
 87558   87558           1.5   0.239952892             0 
 53340   53340           3.5   0.232279867             0 
 48346   48346           1.5   0.239830986             0 
 41313   41313           3.5   0.228130654             0 
 66942   66942           8.5   0.228007242             0 
 35799   35799           2.5   0.231950998             0 
 34244   34244           1.5   0.227199957             0 
 49145   49145           3.5   0.236455128             0 
 85514   85514           1.5   0.244261891             0 
 87604   87604          18.5 0.6646737698755             0 
 75114   75114          15.5 0.5881894994713             0 
 75562   75562          12.5 0.5456264758237             0 
 61997   61997          12.5 0.5173902514978             0 
 60990   60990           8.5 0.4803020678832             0 
 60914   60914          29.5 0.4500091792317             0 
 97895   97895          13.5 0.4378440822109             0 
 43056   43056           5.5 0.4241634245265             0 
 52553   52553           5.5 0.4153955335683             0 
 21680   21680           3.5 0.4049318842939             0 
 61363   61363          17.5 0.393838031058             0 
 49079   49079           4.5 0.3862925687875             0 
 95927   95927          20.5 0.3862942936026             0 
 75203   75203           4.5 0.3717486059434             0 
 85363   85363          32.5 0.3662599985315             0 
 23297   23297           5.5 0.357363075405             0 
 89011   89011          18.5 0.3487379157282             0 
 21618   21618          12.5  0.3438616562             0 
 76698   76698           6.5 0.351212945287             0 
 72751   72751           7.5 0.3265235347809             0 
 42406   42406           2.5 0.3234995446698             0 
 70035   70035          12.5 0.3176469740354             0 
 10521   10521           4.5 0.3089587941779             0 
 49072   49072           2.5 0.3057413393724             0 
 81230   81230          19.5 0.3065457500855             0 
 43528   43528           1.5 0.305138121919             0 
 22066   22066          12.5 0.3094137594539             0 
 22128   22128           1.5 0.2963090225249             0 
 22327   22327           2.5 0.3032009532287             0 
 21410   21410           5.5 0.3045910091114             0 
 83810   83810           5.5 0.302352224137             0 
 47433   47433           5.5 0.289858624273             0 
 76254   76254           4.5 0.2894728929855             0 
 55538   55538          19.5 0.2873702871366             0 
 22314   22314           1.5 0.284656339146             0 
  1990    1990           4.5 0.2867740318723             0 
  1218    1218           4.5 0.277003227001             0 
 87489   87489           2.5 0.2845492574032             0 
 21543   21543           5.5 0.2834101796406             0 
 23191   23191           0.5 0.2969851110009             0 
 23264   23264           2.5 0.2873884573518             0 
 75050   75050          15.5             0 0.2801005507901 
 32293   32293           1.5 0.269097194089             0 
 52035   52035           7.5 0.2771217724131             0 
 31878   31878           4.5 0.2682642445648             0 
 73328   73328          10.5 0.2704852439782             0 
 94919   94919           8.5 0.2661973323036             0 
 42054   42054           5.5 0.2639483413781             0 
 61209   61209           7.5 0.2688106817804             0 
 24701   24701           1.5 0.2760127779041             0 
 87668   87668          19.5             0 0.2754628205919 
 46858   46858           2.5 0.2671430854592             0 
 78719   78719           9.5 0.2602602025771             0 
 70631   70631           2.5 0.2581767964963             0 
 53782   53782           2.5 0.2576309965092             0 
 97391   97391          12.5 0.2636794717986             0 
 54896   54896           4.5 0.2593204337598             0 
 42982   42982           5.5 0.2557718215973             0 
 44279   44279           1.5 0.2584142856621             0 
 76997   76997           8.5 0.278290286659             0 
 21779   21779           1.5 0.267288740587             0 
 62061   62061          12.5             0 0.251279229832 
 30135   30135           2.5 0.2536546411491             0 
 49890   49890           4.5 0.2531974188126             0 
 27858   27858           2.5 0.2474745206733             0 
 83121   83121          30.5 0.2478921198478             0 
 42621   42621           2.5 0.2511472039918             0 
 22639   22639           2.5 0.2467706714825             0 
 73265   73265          13.5 0.2485674882147             0 
 22443   22443           2.5 0.2438152759822             0 
 21465   21465           3.5 0.2414297366204             0 
 54731   54731           0.5 0.2493354303469             0 
 23346   23346          14.5 0.2574659536784             0 
 87494   87494           1.5 0.2497078083447             0 
 72370   72370          41.5 0.2430198611675             0 
 22087   22087           2.5 0.238034371703             0 
 25518   25518           1.5 0.231955140177             0 
 21746   21746          12.5 0.2327441829123             0 
 72413   72413           1.5 0.2362470705812             0 
 29954   29954           2.5 0.2393879514542             0 
 71341   71341           6.5 0.2304132095412             0 
 37761   37761           2.5 0.2331366269751             0 
 34402   34402           3.5 0.2351594124599             0 
 43807   43807           1.5 0.2287503717709             0 
   910     910           1.5 0.2327187580816             0 
 87536   87536          23.5 0.241221641748             0 
 57432   57432           1.5 0.2527001724867             0 
 75632   75632          14.5 0.2344589214304             0 
 68486   68486           5.5 0.2242942010109             0 
 21488   21488           1.5 0.2223661519605             0 
 60825   60825           8.5 0.2248175763622             0 
  5348    5348           1.5             0 0.2476346371131 
  1013    1013           5.5 0.2491529859427             0 
 77214   77214           3.5 0.2302634664313             0 
  1140    1140           6.5 0.2401722564512             0 
  1322    1322           1.5 0.2248104599939             0 
 58446   58446           4.5 0.2252135337492             0 
 42185   42185           2.5 0.2248951917069             0 
 61344   61344           2.5 0.2215242471189             0 
 54383   54383           5.5 0.2309916928715             0 
 97666   97666           1.5 0.2317808449464             0 
   309     309           4.5 0.2253581593111             0 
 42994   42994          14.5 0.2197322706766             0 
 50111   50111           1.5 0.2207425988107             0 
 74344   74344          10.5 0.2170087566695             0 
 79935   79935           9.5 0.2159833451215             0 
 55125   55125           5.5 0.2191581893371             0 
 83923   83923          13.5 0.2202439739078             0 
 55985   55985          15.5 0.2209169901245             0 
 45709   45709           0.5 0.2245297214584             0 
 52080   52080           3.5 0.2173855297694             0 
 80750   80750          35.5             0 0.2193879840905 
 23641   23641           3.5 0.2191344502692             0 
 55856   55856           5.5 0.216668877582             0 
 42753   42753          11.5 0.2183574286523             0 
 77990   77990           1.5 0.2393009889807             0 
 76703   76703           5.5 0.2247942662585             0 
 21977   21977           2.5 0.2177325856425             0 
 26638   26638           4.5 0.2173501851126             0 
 60722   60722          30.5 0.6530501920665             0 
 88819   88819          22.5 0.5708672260138             0 
 42150   42150           5.5 0.528355484674             0 
 76336   76336           6.5 0.4907581442861             0 
 77175   77175           7.5 0.474028648435             0 
 42918   42918           6.5 0.453639774525             0 
 91891   91891          23.5 0.4329348778337             0 
 75579   75579           8.5 0.4177336537386             0 
 88375   88375           9.5 0.3927403502928             0 
 94503   94503          16.5 0.3901792151211             0 
 61299   61299          14.5 0.3692449325875             0 
 77602   77602          14.5 0.3584990763064             0 
 94967   94967          29.5 0.3550379122899             0 
 82892   82892          13.5 0.3461924849504             0 
 61044   61044           8.5 0.3370758786394             0 
 96626   96626          75.5 0.3263473065221             0 
 87482   87482          14.5 0.3233345142453             0 
  1367    1367           4.5 0.3226860273299             0 
 42481   42481           5.5 0.3213209116895             0 
 52233   52233           5.5 0.3088415548823             0 
 49231   49231           2.5 0.3017293847007             0 
 72267   72267          10.5 0.3022511256286             0 
 97298   97298           7.5 0.2945554519791             0 
 42981   42981           4.5 0.3092297972778             0 
  1898    1898           3.5 0.2912577718777             0 
 42695   42695           2.5 0.2892531666456             0 
 33545   33545           2.5 0.2889267713038             0 
 63073   63073           4.5 0.2843340546318             0 
 70506   70506           6.5 0.2812552981061             0 
 22002   22002          12.5 0.2788031037292             0 
 25835   25835           2.5 0.276400890309             0 
 50230   50230           1.5 0.2735828853667             0 
 69222   69222           6.5 0.2698556044772             0 
 23199   23199           2.5 0.2703903275044             0 
 53710   53710           4.5 0.2719211186178             0 
 90035   90035          21.5 0.2714405623938             0 
 81637   81637           9.5 0.2630894714567             0 
 52038   52038           3.5 0.2634090923984             0 
 21833   21833           2.5 0.260236457727             0 
 42625   42625           4.5 0.2670883111008             0 
 61395   61395           5.5 0.2622375301032             0 
 89016   89016           3.5 0.2644822049339             0 
   161     161           5.5 0.2684655690731             0 
 21657   21657           2.5 0.2612482873511             0 
 75920   75920           2.5 0.2566484393986             0 
 23466   23466           2.5 0.2577664136733             0 
 22320   22320           3.5 0.2614635812741             0 
 23932   23932           2.5 0.2502052995466             0 
 51972   51972           2.5 0.2512482687741             0 
 23171   23171           3.5 0.2499303375119             0 
 42736   42736           0.5 0.261327317885             0 
 42713   42713           6.5 0.2634669920561             0 
 28704   28704           2.5 0.253257381974             0 
 23527   23527           4.5 0.2412460960562             0 
 73803   73803           6.5 0.2421785104123             0 
 73841   73841          23.5 0.2396405487544             0 
 59336   59336           0.5 0.252603319509             0 
 67482   67482           3.5 0.2455374204059             0 
 88857   88857           2.5 0.2423989277761             0 
 42784   42784           4.5 0.2395379528204             0 
 54832   54832           5.5 0.2442477142104             0 
 55341   55341           3.5 0.2338799356782             0 
 71153   71153          16.5 0.229569697482             0 
 44151   44151           3.5 0.2309326942289             0 
 42583   42583           1.5 0.2334222576798             0 
   342     342           6.5 0.2476194734975             0 
 53296   53296           3.5 0.2365057034255             0 
 29730   29730           2.5 0.2406105005173             0 
 70706   70706          27.5 0.2253559169949             0 
 43313   43313           7.5 0.2237733389013             0 
 46987   46987           1.5 0.2245019559734             0 
 22770   22770          12.5 0.2249510153489             0 
 24279   24279           0.5 0.2251895835857             0 
 21427   21427           6.5 0.2278748031854             0 
 22374   22374           1.5 0.2271304823911             0 
 62899   62899          60.5             0 0.2311941004328 
   423     423          10.5 0.2763038225904             0 
 73674   73674           4.5 0.2256449748573             0 
 62378   62378           5.5 0.2253434603571             0 
 24280   24280           1.5 0.2228451754438             0 
 69937   69937          22.5 0.2229367746461             0 
 62347   62347           4.5 0.2319933696284             0 
 60084   60084          11.5 0.2158855715229             0 
 30230   30230           3.5 0.2173855832415             0 
 65355   65355          16.5 0.2156982561832             0 
 21551   21551           0.5 0.2200125162538             0 
 43111   43111           2.5 0.2273299035863             0 
 39432   39432           2.5 0.2178295314463             0 
 23109   23109           1.5 0.2156908812642             0 
 75029   75029           2.5 0.2227202633604             0 
 90522   90522           5.5 0.2175741812017             0 
 21953   21953           7.5 0.2210168617109             0 
 75443   75443          45.5             0 0.2325283271211 
 85936   85936          13.5 0.2302173502379             0 
 22167   22167           1.5 0.2137475226203             0 
  1094    1094           4.5 0.2168422935979             0 
 67165   67165           3.5 0.2189516245638             0 
 21734   21734           1.5 0.210106523341             0 
 65522   65522          47.5             0 0.2084609854105 
  1789    1789           2.5 0.2134085322213             0 
 97622   97622           3.5 0.2141000198962             0 
 21544   21544           4.5 0.2183730180902             0 
 74408   74408           5.5 0.2136265176442             0 
 23142   23142           4.5 0.2186717041971             0 
 60882   60882           1.5 0.2127827760369             0 
   201     201           1.5 0.2094020135486             0 
 88181   88181          12.5 0.2112400849698             0 
 16471   16471           3.5 0.2108811085082             0 
 68015   68015           6.5 0.2017880161975             0 
 65780   65780           8.5 0.2026787211292             0 
 82151   82151           0.5 0.2031836938033             0 
 91367   91367           4.5             0 0.2047112786046 
 86889   86889          17.5 0.2078501892511             0 
 22379   22379           1.5 0.203169932959             0 
 42493   42493           9.5 0.211153313028             0 
 85148   85148           1.5 0.2071162370138             0 
 35516   35516           2.5 0.2062712280551             0 
 88148   88148           9.5 0.1995022963967             0 
 22604   22604           0.5 0.202613099474             0 
 75230   75230          15.5 0.2289099140928             0 
 50161   50161          17.5             0 0.2172652692159 
   224     224           4.5 0.2169985045043             0 
 71295   71295           1.5 0.2077420182865             0 
  5643    5643           5.5 0.2026748810264             0 
 57585   57585          11.5 0.1990552865072             0 
 96738   96738           3.5 0.2106983632757             0 
 61397   61397           3.5 0.2129693331606             0 
 70391   70391           7.5 0.2022929216216             0 
 24007   24007           0.5 0.2040897900107             0 
 44819   44819           3.5 0.2063903957003             0 
 29784   29784           0.5 0.2014382056891             0 
 42544   42544           5.5 0.6506816517651             0 
 75121   75121          15.5 0.5893300092119             0 
 61246   61246          13.5 0.5419973085857             0 
 64818   64818          25.5 0.492510931793             0 
 62527   62527           4.5 0.4645746991143             0 
 88936   88936          10.5 0.4421371323058             0 
 49084   49084           5.5 0.4218794131603             0 
 87495   87495          12.5 0.4024541301794             0 
 61172   61172           6.5 0.3930382230913             0 
 85559   85559          24.5 0.3866085923822             0 
 22178   22178           4.5 0.3812814947088             0 
 79476   79476           7.5 0.3713255198151             0 
 82133   82133          22.5 0.3595278979807             0 
 95405   95405          10.5 0.3556028892929             0 
 80204   80204          15.5 0.3340574070844             0 
 88131   88131           7.5 0.3277157611224             0 
 42905   42905           4.5 0.3331160690324             0 
 43232   43232           3.5 0.3442398911818             0 
 42278   42278           6.5 0.3182116064807             0 
 79800   79800           2.5 0.3164464410534             0 
 83568   83568          13.5 0.3021989843263             0 
  2606    2606           6.5 0.294729442656             0 
 97073   97073          19.5 0.3019673337576             0 
 46473   46473           4.5 0.2873171606405             0 
   781     781           5.5 0.2869655856726             0 
 54384   54384           3.5 0.2892700481707             0 
 83861   83861           9.5 0.2957923037281             0 
 62048   62048           3.5 0.2763542238884             0 
 48823   48823           5.5 0.284115269954             0 
 77150   77150           4.5 0.2759469532783             0 
 43225   43225           3.5 0.2758498042341             0 
 74499   74499           5.5 0.2809062138121             0 
 82832   82832           5.5 0.2667114466696             0 
 22721   22721           3.5 0.2704595353865             0 
 51831   51831          11.5 0.2598712115491             0 
  8521    8521           4.5 0.2561660957676             0 
 33445   33445           2.5 0.2534286918383             0 
 53847   53847           1.5 0.2536210060754             0 
 87473   87473          25.5 0.2492410263883             0 
 30913   30913           1.5 0.2531400676906             0 
 22450   22450          15.5 0.2487163764144             0 
 75813   75813           4.5 0.2485494449074             0 
 96481   96481           5.5 0.241409335231             0 
 22132   22132           5.5 0.2431513077231             0 
 27726   27726           2.5 0.2500349798179             0 
 92892   92892           7.5 0.2420512579002             0 
 95904   95904           4.5 0.2429232961765             0 
 43601   43601           1.5 0.2389705462803             0 
 55334   55334           5.5 0.2319748649714             0 
 42036   42036           2.5 0.2341015884066             0 
 86387   86387          21.5 0.2319715557653             0 
 86924   86924          10.5 0.233034963711             0 
 42103   42103           4.5 0.2285551422692             0 
 42662   42662           3.5 0.2340303193654             0 
 23219   23219           5.5 0.2304239460605             0 
 53707   53707           1.5 0.2307807162497             0 
 34791   34791           2.5 0.2273567961177             0 
   283     283           5.5 0.2208825122352             0 
   202     202           0.5 0.2421996811249             0 
 21429   21429           2.5 0.2324621735372             0 
 23196   23196           0.5 0.2205341953342             0 
 46259   46259          12.5 0.2289210346069             0 
 58456   58456           0.5 0.2335554783791             0 
  1050    1050           5.5 0.2252132379625             0 
 21553   21553           3.5 0.2242492227039             0 
 97854   97854          15.5 0.2258277732536             0 
 54738   54738           3.5 0.2181020771529             0 
 61482   61482           7.5 0.2172421273858             0 
 45277   45277           2.5 0.2256062475014             0 
 23042   23042           2.5 0.2217349239853             0 
 62003   62003          31.5             0 0.2201080399295 
 42521   42521          10.5 0.2480598231276             0 
 22469   22469           1.5 0.2364419196608             0 
 21616   21616           4.5 0.2167188900524             0 
 69638   69638           3.5 0.2268690929142             0 
 44029   44029           3.5 0.215905561465             0 
 78387   78387          22.5 0.2119570072004             0 
 96856   96856           0.5 0.230333100319             0 
 69353   69353           7.5 0.2325926792861             0 
 49148   49148           5.5             0 0.2097311561893 
 68292   68292          10.5 0.208974037414             0 
 25899   25899           2.5 0.2059314562621             0 
  2374    2374           5.5 0.2053249886267             0 
 22265   22265           1.5 0.2054832690212             0 
 85423   85423           4.5 0.2052221536665             0 
 75737   75737           2.5 0.2051217957542             0 
 54217   54217           8.5 0.204402147041             0 
 31040   31040           1.5 0.2062484448157             0 
 22245   22245           3.5 0.2028478434313             0 
 44656   44656          17.5             0 0.2137541399172 
 71917   71917          13.5 0.2180244715796             0 
 29696   29696           2.5 0.2048795117697             0 
  2938    2938           1.5 0.1974987068992             0 
 73202   73202          48.5 0.2027277608267             0 
 95473   95473          65.5             0 0.2089477989884 
 61186   61186           5.5 0.2057442977532             0 
 36310   36310           8.5 0.2012092175207             0 
 43679   43679           2.5 0.2055382959481             0 
 42642   42642           0.5 0.2241280506312             0 
   777     777           4.5 0.2049139391436             0 
 96834   96834           2.5 0.2041566995253             0 
 42483   42483           8.5 0.1960595642113             0 
 87534   87534           9.5 0.1933521764627             0 
 42277   42277           3.5 0.1967647304815             0 
 61182   61182          15.5             0 0.1984918236334 
 86327   86327           5.5 0.1996928169548             0 
  3233    3233           7.5 0.2000267551476             0 
 74209   74209           4.5 0.2103353331317             0 
 24777   24777           3.5 0.1939950932431             0 
 24018   24018           3.5 0.1968706926664             0 
 76639   76639           2.5 0.2035164770031             0 
 97263   97263          11.5 0.1941937854275             0 
 49319   49319           0.5 0.1922959721512             0 
 23192   23192           3.5 0.1950506924494             0 
 78039   78039          10.5             0 0.1977634413452 
 43849   43849           4.5 0.1988700091302             0 
 62963   62963          72.5             0 0.2195958001849 
 22758   22758           9.5 0.2315554689891             0 
 61232   61232           8.5 0.1892761353717             0 
 23595   23595           1.5 0.1932484646824             0 
 71601   71601          25.5 0.1914772363458             0 
 59150   59150           0.5 0.2028302354633             0 
 21810   21810          16.5 0.194723838507             0 
 68717   68717          17.5             0 0.2057652338454 
 52016   52016           4.5 0.2087167818416             0 
 51465   51465           4.5 0.1983751408691             0 
 22330   22330           1.5 0.1890238862921             0 
 45303   45303           4.5 0.1984044720582             0 
 50169   50169           1.5 0.1848195625807             0 
 72049   72049          21.5 0.1851599438275             0 
 78596   78596          25.5             0 0.1964462103805 
 25932   25932           4.5 0.1886133801459             0 
 44951   44951           0.5 0.2085747975582             0 
 21889   21889           7.5 0.193129676084             0 
 53107   53107           6.5 0.1886644631166             0 
 43632   43632           5.5             0 0.1879136712904 
  2261    2261           3.5 0.1874112712476             0 
  1862    1862           2.5 0.1897855778281             0 
 52188   52188           1.5 0.1981172617398             0 
 62421   62421           5.5 0.1929831408629             0 
   863     863           1.5 0.185437081026             0 
 22297   22297           3.5 0.1862369806739             0 
 91057   91057          19.5 0.1888150945295             0 
 78485   78485           1.5 0.18390830539             0 
 22082   22082           3.5 0.184006501937             0 
 29678   29678           1.5 0.1873104658614             0 
 21739   21739           2.5 0.1892742327026             0 
 37734   37734           2.5 0.1932143093349             0 
 18451   18451           3.5 0.1869285101156             0 
 50943   50943           2.5 0.1858933143901             0 
 90244   90244           3.5 0.1885844686249             0 
 60784   60784          14.5 0.6785454385019             0 
 75761   75761          14.5 0.577541514856             0 
 61990   61990           5.5 0.5391392766507             0 
 63021   63021          13.5 0.5010135415084             0 
 61042   61042          28.5 0.4679690658229             0 
 75061   75061           7.5 0.4338479499686             0 
 96307   96307          33.5 0.4236647156261             0 
 87017   87017          11.5 0.3995788771884             0 
 87528   87528           9.5 0.3871948481701             0 
 43942   43942           8.5 0.3773883842805             0 
 84791   84791          23.5 0.3703992366583             0 
 66932   66932           7.5 0.3558139916468             0 
 88289   88289          12.5 0.341397920449             0 
 42302   42302           7.5 0.333271155033             0 
 76696   76696          10.5 0.3253261428189             0 
 83916   83916          18.5 0.315554253833             0 
 94063   94063          10.5 0.3127487206663             0 
 42545   42545           8.5 0.30666302188             0 
 43474   43474           3.5 0.3004346136693             0 
 94294   94294           5.5 0.3033867355731             0 
 74570   74570           6.5 0.2931444848478             0 
 45833   45833           5.5 0.2913116620729             0 
 61744   61744          14.5             0 0.2821649800461 
 79807   79807           6.5 0.2923410345915             0 
 23681   23681           3.5 0.280386990159             0 
 43145   43145           3.5 0.285329687851             0 
 60657   60657          10.5 0.2790661077597             0 
 84786   84786          44.5 0.2747633340359             0 
 42931   42931           8.5 0.2653757043767             0 
 35655   35655           1.5 0.2660840166678             0 
 28922   28922           5.5 0.2701347974429             0 
 42497   42497           1.5 0.266696662162             0 
 42457   42457           6.5 0.2706179461074             0 
  2075    2075           4.5 0.2594248378918             0 
 51015   51015           1.5 0.2634155740163             0 
 26396   26396           3.5 0.2646511689062             0 
 55920   55920           6.5 0.2536013404667             0 
  1581    1581           5.5 0.2514610684766             0 
 37318   37318           6.5 0.2596018787114             0 
 29813   29813           3.5 0.2473722047877             0 
 21478   21478           4.5 0.2505106216231             0 
 97480   97480           5.5 0.2510156240749             0 
 87338   87338           7.5 0.2488113549491             0 
 32006   32006           5.5 0.2407225193748             0 
 54438   54438           6.5 0.2389680826369             0 
 23362   23362           2.5 0.2420959874438             0 
 84819   84819          16.5 0.2353382662972             0 
 60824   60824           2.5 0.2334436643571             0 
 75289   75289           2.5 0.2405605351374             0 
 83057   83057          22.5 0.2344805052984             0 
 43066   43066           4.5 0.2239517903229             0 
 52694   52694           1.5 0.2270233741134             0 
 87483   87483           8.5 0.2358125789396             0 
 22017   22017           8.5 0.2245625766304             0 
 42993   42993           5.5 0.2293731367129             0 
 88279   88279           3.5 0.2278377763126             0 
 72173   72173          15.5 0.2298024907722             0 
 50119   50119           0.5 0.2193926427663             0 
 88157   88157          22.5 0.2457480935429             0 
 56344   56344           0.5 0.2397025596437             0 
 42213   42213           6.5 0.2398000349148             0 
 97986   97986           4.5 0.2143070126084             0 
 78212   78212           9.5 0.217346398083             0 
 24430   24430           1.5 0.2129165186439             0 
 42759   42759           2.5 0.2125298957049             0 
  1631    1631           2.5 0.2068112109398             0 
 71760   71760           0.5 0.2082592155193             0 
 21479   21479           4.5 0.2466456182113             0 
  2610    2610           2.5 0.2065347946299             0 
 61875   61875          39.5             0 0.2124750909068 
   954     954           4.5 0.2295688371294             0 
 66174   66174           9.5 0.2062100182964             0 
 97897   97897           9.5 0.2088067605311             0 
 75973   75973           5.5 0.2144269399462             0 
 59598   59598           2.5 0.2186050214505             0 
 74801   74801          16.5 0.210845910278             0 
 22801   22801           1.5 0.2081421168844             0 
 49088   49088           2.5 0.2035823229273             0 
 26250   26250           0.5 0.2131044548601             0 
 64495   64495           3.5 0.2016270317629             0 
 64941   64941          21.5             0 0.2053857835718 
 42696   42696           1.5 0.2011910008014             0 
 78221   78221           3.5 0.2125414606525             0 
 77926   77926           2.5 0.2008237734747             0 
   156     156           3.5 0.2045065417276             0 
 22384   22384           4.5 0.2010094364472             0 
   228     228           0.5 0.2067843492287             0 
 37145   37145           3.5 0.2017779516457             0 
 87792   87792          10.5 0.1952312684286             0 
 59838   59838          12.5 0.2008742775745             0 
 92657   92657          25.5 0.1978130458592             0 
 21874   21874           9.5 0.1923840805617             0 
 24857   24857           2.5 0.1902464398635             0 
 75784   75784           1.5 0.1937286866742             0 
 42100   42100           5.5 0.1947384656876             0 
 53488   53488           6.5 0.1963675753075             0 
 78053   78053          11.5             0 0.201168027184 
 21423   21423           2.5 0.1940233245035             0 
 96112   96112           6.5 0.1951461285033             0 
 42440   42440           2.5 0.193923733168             0 
 43913   43913           2.5 0.2000279340862             0 
 54363   54363           0.5 0.1990932533899             0 
 54319   54319           4.5 0.201292499619             0 
 34771   34771           2.5 0.1954298413868             0 
 23024   23024           2.5 0.1925332055925             0 
 79409   79409          20.5 0.1942990995119             0 
 45616   45616          14.5             0 0.1956059297987 
 43094   43094          10.5 0.2092953065032             0 
 56008   56008           2.5 0.1918492871954             0 
 60444   60444           6.5 0.19289850088             0 
 54317   54317           1.5 0.1957439346777             0 
 65450   65450           6.5 0.1928360542272             0 
 77268   77268          10.5             0 0.1981679222604 
 22931   22931           3.5 0.202149773949             0 
 36582   36582           2.5 0.1925135638334             0 
 28781   28781           3.5 0.1882405974041             0 
 34597   34597           2.5 0.1938684919741             0 
 54282   54282           1.5 0.1910289786171             0 
 21383   21383           2.5 0.1945601883573             0 
 83313   83313          14.5 0.1862787251399             0 
 23283   23283           5.5 0.1883149176616             0 
 95409   95409          84.5             0 0.1983654407392 
   810     810           5.5 0.2080443099693             0 
 69131   69131          19.5 0.1924883197911             0 
 79747   79747           1.5             0 0.1895652631264 
 22065   22065           5.5 0.1971302109361             0 
 72434   72434          30.5 0.183293519319             0 
 65396   65396           7.5 0.1855900261925             0 
 84591   84591           7.5 0.1835118442918             0 
 27591   27591           0.5 0.1898120144739             0 
 13849   13849           7.5 0.1980801357447             0 
 76339   76339          63.5             0 0.1980046476393 
 23127   23127           2.5 0.2128282659647             0 
 69077   69077           3.5 0.182794667666             0 
 21408   21408           2.5 0.1835337470473             0 
 65454   65454           0.5 0.1867277517046             0 
 53021   53021           4.5 0.1903455496541             0 
 47991   47991           5.5 0.1846835946304             0 
 52144   52144           3.5 0.1820664047609             0 
 77934   77934          20.5             0 0.184379088678 
 23571   23571           3.5 0.1827376962233             0 
 21575   21575           0.5 0.1825922835247             0 
 22164   22164           1.5 0.1942793847544             0 
 22176   22176           0.5 0.1878511361911             0 
 22589   22589           3.5 0.1870510105785             0 
 78981   78981           1.5 0.1910703323123             0 
 43504   43504           8.5 0.7046046266336             0 
 61362   61362          26.5 0.597395469327             0 
 75953   75953          11.5 0.5539908426307             0 
 75699   75699          16.5 0.4991936291857             0 
 80759   80759           9.5 0.4640222553886             0 
 75376   75376          10.5 0.4489895520985             0 
 65841   65841          12.5 0.4164443693279             0 
 23233   23233           5.5 0.4000452562214             0 
 96423   96423          11.5 0.3936438459552             0 
 95155   95155          31.5 0.3759252033402             0 
 88066   88066           8.5 0.364971192569             0 
 60548   60548          10.5 0.3587024225418             0 
 70135   70135          21.5 0.3538059998466             0 
 64331   64331           7.5 0.3354408332617             0 
 96609   96609          22.5 0.3259464545221             0 
 71791   71791           5.5 0.3147112286683             0 
 22642   22642          12.5 0.3141609421532             0 
 75802   75802           6.5 0.3096182419927             0 
 77491   77491          15.5 0.2957990780891             0 
 65335   65335           9.5 0.288444815675             0 
 22311   22311           4.5 0.2919140096119             0 
 42556   42556           4.5 0.28699930531             0 
 76933   76933           5.5 0.2872525218318             0 
 60819   60819           3.5 0.2797356245286             0 
 70386   70386          36.5 0.2811658281863             0 
 75850   75850           5.5 0.2754461648725             0 
 85427   85427          27.5 0.267815580322             0 
 70374   70374          10.5 0.2638522954412             0 
   663     663           5.5 0.2582203211375             0 
 86293   86293           3.5 0.2725987108818             0 
 60953   60953           8.5 0.2623214039888             0 
 53276   53276           2.5 0.2598042876251             0 
 43026   43026           5.5 0.2481280284899             0 
 43494   43494           2.5 0.250027144423             0 
 97632   97632           4.5 0.2436476956896             0 
 42932   42932          12.5 0.2490286732193             0 
 85059   85059           4.5 0.2486688174093             0 
 95122   95122           8.5 0.2473770924865             0 
 56352   56352           7.5 0.2361515945267             0 
 30199   30199           2.5 0.2318103633459             0 
 50947   50947           3.5 0.233484613335             0 
 27548   27548           5.5 0.2321789516762             0 
 72157   72157           3.5 0.2268379632825             0 
  2551    2551           4.5 0.2325088872443             0 
 44551   44551           0.5 0.2248721120723             0 
 21757   21757           8.5 0.2317396120097             0 
 87344   87344          10.5 0.2297008819165             0 
 43097   43097           4.5 0.2267621575265             0 
 95813   95813           1.5 0.226387078003             0 
 22051   22051           2.5 0.2300167565458             0 
   504     504           2.5 0.2267175160466             0 
 71735   71735           5.5 0.2152824617316             0 
 22575   22575           2.5 0.2134685096795             0 
 49126   49126           1.5 0.2148980356552             0 
 33289   33289           1.5 0.2136982372798             0 
 23234   23234           2.5 0.2150144137008             0 
 79871   79871           7.5 0.2116823704767             0 
 21303   21303           3.5 0.2070120956701             0 
 61402   61402           2.5 0.2082819304406             0 
 52531   52531           9.5 0.2143961577198             0 
 79863   79863           9.5             0 0.2082046895838 
 87550   87550          21.5 0.2049941438571             0 
 50257   50257           0.5  0.2135533458             0 
 43731   43731           3.5 0.2159644018737             0 
 24867   24867           3.5 0.2019512494106             0 
 22421   22421           1.5 0.2035637895309             0 
 21552   21552           3.5 0.2099097652024             0 
 42363   42363           0.5 0.2098429073102             0 
 54826   54826           4.5 0.2143271448118             0 
 62835   62835          50.5             0 0.2093689619364 
 27490   27490           6.5 0.2429230160146             0 
 23041   23041           1.5 0.2083054373148             0 
 64891   64891           4.5 0.2081726432938             0 
 22292   22292           0.5 0.2119973183179             0 
 62852   62852           7.5 0.2085314353925             0 
 60821   60821           3.5 0.2100329770217             0 
 86827   86827           7.5 0.2005151798919             0 
 78641   78641          17.5 0.2014344653433             0 
 62322   62322          30.5             0 0.202602072727 
  3019    3019           3.5 0.199333766985             0 
 72319   72319           1.5 0.1972408909706             0 
 84722   84722          65.5 0.2007276100869             0 
 78117   78117          15.5             0 0.2139738300774 
 21541   21541           3.5 0.2138422902486             0 
  1317    1317           1.5 0.2066303261533             0 
  3111    3111           2.5 0.2082641852529             0 
 39142   39142           8.5 0.1970255583201             0 
 49827   49827           3.5 0.2075235763798             0 
 44675   44675           2.5 0.1963843474247             0 
 80289   80289          12.5 0.1962537174791             0 
   782     782           2.5 0.1945627848379             0 
 21933   21933           0.5 0.1954253109052             0 
 35506   35506          17.5 0.2066895967115             0 
 51974   51974           1.5 0.2007437672736             0 
 56500   56500           4.5 0.2016182372016             0 
 23128   23128           2.5 0.1980564134501             0 
 56905   56905           1.5 0.1885518416364             0 
 22323   22323           5.5 0.2039831400052             0 
 93605   93605          14.5             0 0.188633669363 
  1341    1341           9.5 0.2242357903939             0 
 71827   71827           7.5 0.1987261180638             0 
 21626   21626           0.5 0.1866986128641             0 
 42986   42986           3.5 0.1952061919926             0 
 94155   94155           1.5 0.1947819337778             0 
 46107   46107           0.5 0.1917589658008             0 
  8338    8338           3.5 0.1975936273584             0 
 82487   82487          12.5             0 0.1862382004745 
 43871   43871           2.5 0.1997446647518             0 
 32534   32534           4.5 0.1931903316274             0 
  1263    1263           1.5 0.1925888396031             0 
 87497   87497           3.5 0.195660670783             0 
 66474   66474           7.5 0.1961133761394             0 
 39474   39474          13.5 0.1864097269107             0 
  5298    5298           5.5             0 0.2062651660394 
   132     132           5.5 0.232314965352             0 
 21404   21404           1.5 0.1876749836522             0 
 28576   28576           4.5 0.1894198658561             0 
 47089   47089          12.5             0 0.1922127782825 
 43709   43709           3.5 0.2057786970937             0 
 88398   88398           5.5 0.192867818987             0 
 47137   47137           1.5 0.193424224335             0 
 42160   42160           3.5 0.1934707969584             0 
 53744   53744           3.5 0.1926395103946             0 
 88366   88366          11.5 0.1895587649157             0 
 59079   59079           1.5 0.1872612074694             0 
 64318   64318          10.5 0.1883598058826             0 
 21849   21849           5.5 0.1864280398129             0 
 21324   21324           1.5 0.1888018574169             0 
 22204   22204           3.5 0.1858124872704             0 
 27787   27787           1.5 0.1834709634903             0 
 57049   57049           5.5 0.182069643516             0 
 97648   97648           3.5 0.1923223733154             0 
 53255   53255           1.5 0.184496788682             0 
  3554    3554           7.5 0.187162953755             0 
 21567   21567           0.5 0.1861139375218             0 
 54185   54185           1.5 0.1877928492359             0 
 42598   42598           2.5 0.1838658584724             0 
 67757   67757          13.5             0 0.1943038236507 
 43742   43742           1.5 0.1900401656494             0 
 58248   58248           0.5 0.1965323419146             0 
 28933   28933           3.5 0.1944088198401             0 
 24366   24366           1.5 0.1856915532902             0 
 65988   65988           4.5 0.1840833867038             0 
  2032    2032           0.5 0.1774571439323             0 
 43814   43814           7.5 0.7487576638587             0 
 75056   75056          12.5 0.6281443263543             0 
 88177   88177          20.5 0.549202847588             0 
 60721   60721           8.5 0.5120574153691             0 
 60724   60724          12.5 0.4871985947084             0 
 65847   65847           5.5 0.4531734995782             0 
 22717   22717           6.5 0.4407932574425             0 
 96503   96503          24.5 0.4075487753019             0 
 61236   61236           8.5 0.3941539283297             0 
 95826   95826          26.5 0.3884362890629             0 
 61874   61874          22.5 0.3722785965587             0 
 89944   89944          11.5 0.3589910359169             0 
 61427   61427          17.5 0.3605906871211             0 
 86057   86057          10.5 0.3486898921835             0 
 92529   92529          18.5 0.3362952320179             0 
 62475   62475           6.5 0.3285825844482             0 
 60989   60989           3.5 0.317970314276             0 
  2112    2112           5.5 0.3079495368803             0 
 96559   96559           9.5 0.3080698357493             0 
 79156   79156           7.5 0.3050188177888             0 
 69444   69444           8.5 0.2936035680963             0 
 71307   71307          12.5 0.2899788702788             0 
 43565   43565           3.5 0.2993419862048             0 
 87876   87876           4.5 0.281342611863             0 
 70065   70065          16.5 0.2773886411165             0 
 75849   75849           6.5 0.2734818859148             0 
 85043   85043          34.5 0.2740987847103             0 
 54758   54758           4.5 0.2701932742024             0 
 22081   22081           7.5 0.2683546334529             0 
 88221   88221          11.5 0.2792889699135             0 
 34766   34766           1.5 0.2872325066508             0 
 81087   81087          10.5 0.2552657559675             0 
 96092   96092           4.5 0.2496070159754             0 
  1559    1559           2.5 0.2479100386676             0 
 43649   43649           0.5 0.2462193017699             0 
  1463    1463           6.5 0.2678041144604             0 
 96673   96673           9.5 0.251877011769             0 
 71149   71149           9.5 0.2405924907642             0 
 43121   43121           4.5 0.2413996685576             0 
 28597   28597           4.5 0.2467107412277             0 
 94103   94103           3.5 0.2436642405264             0 
  1730    1730           2.5 0.2469209935414             0 
 21808   21808           3.5 0.2391492450065             0 
 75952   75952          12.5             0 0.2469527526276 
 26702   26702           2.5 0.2448415985962             0 
 21426   21426          10.5 0.2400868867576             0 
 88006   88006           2.5 0.2376722230067             0 
 72843   72843          10.5 0.2398369496562             0 
 61152   61152           6.5 0.2304246646264             0 
 43405   43405           0.5 0.2323105959926             0 
 22310   22310           1.5 0.2294835904335             0 
 52018   52018          21.5 0.2269200586536             0 
 69840   69840           3.5 0.2229763476541             0 
 75015   75015           1.5 0.2224523285913             0 
 21721   21721           4.5 0.2402114092345             0 
 30854   30854           4.5 0.2237930307026             0 
 48689   48689           8.5 0.2210479764877             0 
 71398   71398           9.5 0.2156270436884             0 
 42429   42429           7.5 0.2220162059857             0 
 66251   66251           9.5 0.2151771283666             0 
 21347   21347           2.5 0.2126789016983             0 
 84144   84144           7.5 0.2102789995088             0 
 98131   98131           6.5 0.211451647037             0 
 60874   60874           2.5 0.2079453592899             0 
 42999   42999           5.5 0.2139322650979             0 
 57684   57684           0.5 0.2159221463612             0 
 88003   88003          12.5 0.2150178295599             0 
   162     162           1.5 0.2090314296023             0 
 71921   71921          18.5 0.2089252182258             0 
 69011   69011          13.5 0.197255034676             0 
  1290    1290           0.5 0.2100766887771             0 
    19      19           5.5 0.2111770850057             0 
 78164   78164          12.5             0 0.1997265869429 
 69270   69270          15.5 0.2204794438564             0 
 21311   21311           0.5 0.2048041678833             0 
 43045   43045           5.5 0.2026988117088             0 
 65960   65960           0.5 0.2119860699277             0 
 51529   51529           6.5 0.2007922242247             0 
 39950   39950           2.5 0.2065449051129             0 
 97577   97577          10.5 0.2013207334511             0 
 56850   56850           2.5 0.1961837473727             0 
 26707   26707           0.5 0.195095950859             0 
 28693   28693           2.5 0.2002426341675             0 
 53188   53188           3.5 0.1960516109545             0 
 59346   59346           2.5 0.1955327158027             0 
 77589   77589           1.5 0.198045603851             0 
 24637   24637           2.5 0.196879341244             0 
 76318   76318           7.5 0.2044148503349             0 
 75379   75379          58.5             0 0.1991198999889 
   482     482           7.5 0.2303253856571             0 
 35900   35900           2.5 0.1909438592326             0 
 46306   46306           0.5 0.203739489215             0 
 21529   21529           3.5 0.1990471265081             0 
 48752   48752           2.5 0.2018309069962             0 
 60838   60838          14.5 0.197419420261             0 
 67831   67831          20.5             0 0.1984944820769 
 50176   50176           2.5 0.2129679200477             0 
 95560   95560           2.5 0.1939056879108             0 
 23745   23745           6.5 0.1988260023961             0 
 54890   54890           2.5 0.1959749818643             0 
 56503   56503           3.5 0.1911447897325             0 
 64385   64385           2.5 0.1912628307756             0 
   368     368           2.5 0.1908789580551             0 
 60788   60788          16.5             0 0.1881660680494 
 27879   27879           2.5 0.1896049586452             0 
 84581   84581           8.5 0.2030947628018             0 
 42591   42591           0.5 0.190780000603             0 
   851     851           1.5 0.1965674153407             0 
 43091   43091           5.5 0.1945792312583             0 
 42161   42161           5.5 0.1885937414731             0 
 22560   22560           3.5 0.1862995665928             0 
 88049   88049          37.5             0 0.1903658357172 
 32296   32296           2.5 0.1858269199964             0 
 37168   37168           3.5 0.1867854951293             0 
 60337   60337          10.5 0.1799597490706             0 
 37656   37656           1.5 0.1850563171077             0 
 27552   27552           4.5 0.1854824431778             0 
 67328   67328           0.5 0.1894353586651             0 
 42748   42748           5.5 0.1816469541498             0 
 31467   31467           1.5 0.190082701884             0 
 55474   55474          15.5 0.177396735493             0 
 36467   36467           5.5 0.1786014016183             0 
 96024   96024           2.5 0.1810041741665             0 
 23474   23474          16.5 0.1927911262101             0 
 71436   71436           0.5 0.1878730146602             0 
  2280    2280           7.5 0.188674210772             0 
 21825   21825           2.5 0.1882051054972             0 
