42790,
42416,
88305,
42214,
87537,
364,
95799,
43538,
84457,
42992,
42393,
1872,
6823,
88385,
93330,
21682,
46730,
95219,
66807,
1961,
44114,
49013,
21490,
73355,
22192,
72306,
47369,
21318,
42900,
61017,
23679,
274,
60595,
94903,
1522,
55858,
49133,
75333,
42631,
42854,
75248,
75825,
21671,
43872,
96295,
93367,
42866,
21606,
87745,
21554,
88332,
1931,
85705,
60883,
95475,
77596,
42868,
96567,
75294,
62641,
991,
71069,
35954,
76592,
27790,
1400,
48949,
32393,
22896,
215,
88245,
42689,
46409,
50300,
42609,
305,
54374,
92502,
95954,
72242,
52755,
61131,
22562,
96674,
61001,
22995,
60798,
86860,
42585,
22499,
1902,
75690,
42480,
62957,
75057,
42928,
83561,
22194,
722,
69175,
60659,
60596,
22118,
95777,
82060,
49975,
84565,
76593,
75800,
42366,
85900,
44178,
42841,
74965,
85623,
1253,
86832,
21607,
21487,
70219,
27854,
52619,
30074,
88248,
63386,
77086,
55471,
63008,
42342,
87837,
32198,
401,
28642,
73610,
42557,
61030,
82225,
63371,
1867,
22375,
48807,
34338,
22378,
31229,
22076,
96648,
89112,
64375,
87090,
44093,
54310,
43602,
43585,
75141,
33158,
21670,
98223,
3023,
1500,
97979,
78067,
42352,
88241,
61300,
42354,
95389,
42726,
83895,
96051,
96737,
74931,
22781,
22130,
43120,
70091,
86953,
88280,
88624,
87491,
42039,
22866,
55398,
72109,
869,
83831,
42739,
29749,
87706,
62130,
26332,
22322,
95699,
21542,
42969,
86348,
21411,
84618,
42673,
22422,
53123,
29687,
56998,
79092,
61466,
43050,
95824,
42740,
93553,
78421,
43090,
52893,
21703,
74951,
88396,
92828,
22182,
71136,
563,
22529,
196,
23263,
54897,
1282,
33614,
77648,
88253,
43743,
49081,
71089,
22266,
1843,
70343,
94422,
39105,
668,
2208,
27488,
84018,
22960,
23705,
74600,
55922,
42964,
87190,
98287,
42649,
76620,
2134,
89476,
21424,
24032,
51088,
22816,
65783,
88052,
76017,
87731,
53264,
22944,
63345,
69579,
94744,
74948,
83714,
61123,
89137,
94994,
42610,
11943,
63432,
1371,
42930,
85490,
94098,
22256,
42163,
97905,
47735,
23200,
60889,
21821,
94135,
22834,
94920,
93607,
95640,
21480,
42737,
21728,
71402,
23944,
29067,
42561,
78495,
57844,
2215,
26574,
31101,
74315,
61040,
22285,
43864,
70301,
54213,
2171,
84849,
79440,
75079,
71920,
21593,
74956,
22054,
78021,
75925,
31942,
43009,
21938,
54931,
94129,
22340,
42086,
22258,
30977,
43005,
6633,
86839,
42224,
21913,
67275,
70800,
97641,
62740,
61438,
61461,
55021,
71461,
49798,
21975,
65578,
21744,
43323,
75726,
75780,
93317,
22321,
78,
61088,
22978,
83918,
71763,
66872,
23426,
27081,
55924,
66061,
95410,
60939,
42804,
71671,
22563,
21344,
90277,
97363,
88952,
1618,
2020,
86624,
88823,
26699,
98050,
53808,
30834,
68337,
52112,
42359,
42082,
3329,
22930,
43311,
82994,
43046,
1308,
21317,
37170,
42470,
65896,
50078,
87292,
4258,
44195,
55462,
87558,
53340,
48346,
41313,
66942,
35799,
34244,
49145,
85514,
87604,
75114,
75562,
61997,
60990,
60914,
97895,
43056,
52553,
21680,
61363,
49079,
95927,
75203,
85363,
23297,
89011,
21618,
76698,
72751,
42406,
70035,
10521,
49072,
81230,
43528,
22066,
22128,
22327,
21410,
83810,
47433,
76254,
55538,
22314,
1990,
1218,
87489,
21543,
23191,
23264,
32293,
52035,
31878,
73328,
94919,
42054,
61209,
24701,
46858,
78719,
70631,
53782,
97391,
54896,
42982,
44279,
76997,
21779,
30135,
49890,
27858,
83121,
42621,
22639,
73265,
22443,
21465,
54731,
23346,
87494,
72370,
22087,
25518,
21746,
72413,
29954,
71341,
37761,
34402,
43807,
910,
87536,
57432,
75632,
68486,
21488,
60825,
1013,
77214,
1140,
1322,
58446,
42185,
61344,
54383,
97666,
309,
42994,
50111,
74344,
79935,
55125,
83923,
55985,
45709,
52080,
23641,
55856,
42753,
77990,
76703,
21977,
26638,
60722,
88819,
42150,
76336,
77175,
42918,
91891,
75579,
88375,
94503,
61299,
77602,
94967,
82892,
61044,
96626,
87482,
1367,
42481,
52233,
49231,
72267,
97298,
42981,
1898,
42695,
33545,
63073,
70506,
22002,
25835,
50230,
69222,
23199,
53710,
90035,
81637,
52038,
21833,
42625,
61395,
89016,
161,
21657,
75920,
23466,
22320,
23932,
51972,
23171,
42736,
42713,
28704,
23527,
73803,
73841,
59336,
67482,
88857,
42784,
54832,
55341,
71153,
44151,
42583,
342,
53296,
29730,
70706,
43313,
46987,
22770,
24279,
21427,
22374,
423,
73674,
62378,
24280,
69937,
62347,
60084,
30230,
65355,
21551,
43111,
39432,
23109,
75029,
90522,
21953,
85936,
22167,
1094,
67165,
21734,
1789,
97622,
21544,
74408,
23142,
60882,
201,
88181,
16471,
68015,
65780,
82151,
86889,
22379,
42493,
85148,
35516,
88148,
22604,
75230,
224,
71295,
5643,
57585,
96738,
61397,
70391,
24007,
44819,
29784,
42544,
75121,
61246,
64818,
62527,
88936,
49084,
87495,
61172,
85559,
22178,
79476,
82133,
95405,
80204,
88131,
42905,
43232,
42278,
79800,
83568,
2606,
97073,
46473,
781,
54384,
83861,
62048,
48823,
77150,
43225,
74499,
82832,
22721,
51831,
8521,
33445,
53847,
87473,
30913,
22450,
75813,
96481,
22132,
27726,
92892,
95904,
43601,
55334,
42036,
86387,
86924,
42103,
42662,
23219,
53707,
34791,
283,
202,
21429,
23196,
46259,
58456,
1050,
21553,
97854,
54738,
61482,
45277,
23042,
42521,
22469,
21616,
69638,
44029,
78387,
96856,
69353,
68292,
25899,
2374,
22265,
85423,
75737,
54217,
31040,
22245,
71917,
29696,
2938,
73202,
61186,
36310,
43679,
42642,
777,
96834,
42483,
87534,
42277,
86327,
3233,
74209,
24777,
24018,
76639,
97263,
49319,
23192,
43849,
22758,
61232,
23595,
71601,
59150,
21810,
52016,
51465,
22330,
45303,
50169,
72049,
25932,
44951,
21889,
53107,
2261,
1862,
52188,
62421,
863,
22297,
91057,
78485,
22082,
29678,
21739,
37734,
18451,
50943,
90244,
60784,
75761,
61990,
63021,
61042,
75061,
96307,
87017,
87528,
43942,
84791,
66932,
88289,
42302,
76696,
83916,
94063,
42545,
43474,
94294,
74570,
45833,
79807,
23681,
43145,
60657,
84786,
42931,
35655,
28922,
42497,
42457,
2075,
51015,
26396,
55920,
1581,
37318,
29813,
21478,
97480,
87338,
32006,
54438,
23362,
84819,
60824,
75289,
83057,
43066,
52694,
87483,
22017,
42993,
88279,
72173,
50119,
88157,
56344,
42213,
97986,
78212,
24430,
42759,
1631,
71760,
21479,
2610,
954,
66174,
97897,
75973,
59598,
74801,
22801,
49088,
26250,
64495,
42696,
78221,
77926,
156,
22384,
228,
37145,
87792,
59838,
92657,
21874,
24857,
75784,
42100,
53488,
21423,
96112,
42440,
43913,
54363,
54319,
34771,
23024,
79409,
43094,
56008,
60444,
54317,
65450,
22931,
36582,
28781,
34597,
54282,
21383,
83313,
23283,
810,
69131,
22065,
72434,
65396,
84591,
27591,
13849,
23127,
69077,
21408,
65454,
53021,
47991,
52144,
23571,
21575,
22164,
22176,
22589,
78981,
43504,
61362,
75953,
75699,
80759,
75376,
65841,
23233,
96423,
95155,
88066,
60548,
70135,
64331,
96609,
71791,
22642,
75802,
77491,
65335,
22311,
42556,
76933,
60819,
70386,
75850,
85427,
70374,
663,
86293,
60953,
53276,
43026,
43494,
97632,
42932,
85059,
95122,
56352,
30199,
50947,
27548,
72157,
2551,
44551,
21757,
87344,
43097,
95813,
22051,
504,
71735,
22575,
49126,
33289,
23234,
79871,
21303,
61402,
52531,
87550,
50257,
43731,
24867,
22421,
21552,
42363,
54826,
27490,
23041,
64891,
22292,
62852,
60821,
86827,
78641,
3019,
72319,
84722,
21541,
1317,
3111,
39142,
49827,
44675,
80289,
782,
21933,
35506,
51974,
56500,
23128,
56905,
22323,
1341,
71827,
21626,
42986,
94155,
46107,
8338,
43871,
32534,
1263,
87497,
66474,
39474,
132,
21404,
28576,
43709,
88398,
47137,
42160,
53744,
88366,
59079,
64318,
21849,
21324,
22204,
27787,
57049,
97648,
53255,
3554,
21567,
54185,
42598,
43742,
58248,
28933,
24366,
65988,
2032,
43814,
75056,
88177,
60721,
60724,
65847,
22717,
96503,
61236,
95826,
61874,
89944,
61427,
86057,
92529,
62475,
60989,
2112,
96559,
79156,
69444,
71307,
43565,
87876,
70065,
75849,
85043,
54758,
22081,
88221,
34766,
81087,
96092,
1559,
43649,
1463,
96673,
71149,
43121,
28597,
94103,
1730,
21808,
26702,
21426,
88006,
72843,
61152,
43405,
22310,
52018,
69840,
75015,
21721,
30854,
48689,
71398,
42429,
66251,
21347,
84144,
98131,
60874,
42999,
57684,
88003,
162,
71921,
69011,
1290,
19,
69270,
21311,
43045,
65960,
51529,
39950,
97577,
56850,
26707,
28693,
53188,
59346,
77589,
24637,
76318,
482,
35900,
46306,
21529,
48752,
60838,
50176,
95560,
23745,
54890,
56503,
64385,
368,
27879,
84581,
42591,
851,
43091,
42161,
22560,
32296,
37168,
60337,
37656,
27552,
67328,
42748,
31467,
55474,
36467,
96024,
23474,
71436,
2280,
21825,
