 13994   13994         354.5 3.048720299659             0 
 18279   18279         368.5 1.449141656141             0 
 15010   15010         337.5 1.317335664109             0 
 18902   18902         329.5 1.342408218664             0 
 14290   14290         384.5 0.8893315445199             0 
  8288    8288         546.5             0 0.9895205647764 
 12776   12776         334.5 2.789792646834             0 
 18937   18937         354.5 1.305972549292             0 
 15011   15011         331.5 1.090268521151             0 
  7355    7355         384.5 0.9864348352504             0 
   655     655         554.5             0 0.847338663674 
 18849   18849         349.5 0.9438166104902             0 
  4533    4533         417.5 0.7368936393997             0 
 10049   10049         269.5 0.7298302394711             0 
 12171   12171         327.5 2.702153805589             0 
 18853   18853         352.5 1.394302765431             0 
 15065   15065         429.5 0.9721611841882             0 
   652     652         546.5             0 0.7418471746681 
 12198   12198         384.5 0.9285383023464             0 
 18862   18862         387.5 0.8639398060385             0 
    52      52         525.5             0 0.8194849813195 
 18400   18400           310 0.8393694069984             0 
 18921   18921         316.5 0.8913290905321             0 
  7308    7308         347.5 2.590218686065             0 
 18893   18893         373.5 1.336448453193             0 
 15013   15013         302.5 0.8936521835999             0 
 14022   14022         343.5 0.8889916778965             0 
   654     654         561.5             0 0.8006306725611 
 13011   13011         442.5 0.8069934809457             0 
 12164   12164         357.5 0.7621125674975             0 
 12881   12881         383.5 0.739283879037             0 
   609     609         537.5             0 0.7854832820933 
   307     307         423.5 0.6117665086794             0 
 18863   18863         311.5 0.6570054470011             0 
  5526    5526         504.5             0 0.6604524095277 
 19325   19325         436.5 0.658602998415             0 
 18241   18241         443.5 0.6226523362248             0 
 13680   13680         346.5 0.7777892519639             0 
 12170   12170         307.5 2.526960324997             0 
 18857   18857         371.5 1.150442850561             0 
  7906    7906         368.5 0.9621882013085             0 
    47      47         524.5             0 0.7860703176355 
  3925    3925         470.5 0.8451105741201             0 
  5188    5188         309.5 0.7790291651799             0 
  4272    4272         358.5 0.6747875115021             0 
 15619   15619         465.5 0.6880061384794             0 
  1261    1261         558.5             0 0.7055528097235 
 19191   19191         369.5 0.7102532958772             0 
 19440   19440         514.5 0.6952467323037             0 
  7679    7679         533.5             0 0.6589380381489 
  6701    6701         352.5  2.4342353497             0 
 13991   13991         391.5 1.210136219312             0 
 16264   16264         355.5 0.8702083383449             0 
 15024   15024         345.5 0.7438351027949             0 
    50      50         543.5             0 0.6220672763722 
 18936   18936         394.5 0.6873831210527             0 
 10948   10948         360.5 0.6748084636624             0 
 14173   14173         359.5 0.6790098465335             0 
   614     614         562.5             0 0.7777553456261 
  3974    3974         390.5 0.5887065365519             0 
 13984   13984         414.5 0.5613210786834             0 
 19188   19188         372.5 0.6675359820917             0 
  7157    7157         542.5             0 0.5468286708217 
 10317   10317         520.5 0.609617086955             0 
  9734    9734         392.5 0.5733463738862             0 
  9138    9138         475.5 0.5577332172256             0 
   610     610         539.5             0 0.653612603249 
  7916    7916         322.5 2.363756849318             0 
 18852   18852         298.5 1.202548162257             0 
 14938   14938         261.5 0.7965256575465             0 
 13049   13049         423.5 0.7044503794662             0 
 19228   19228         315.5 0.6449998806101             0 
  4872    4872         545.5             0 0.6666365947681 
 17047   17047         390.5 0.7023724636219             0 
 17981   17981         309.5 0.6189226612327             0 
  5187    5187         336.5 0.5375317270379             0 
  4879    4879         535.5             0 0.5323003974338 
 13999   13999         407.5 0.669791112055             0 
 18438   18438         263.5 0.5763518003364             0 
 19098   19098          20.5             0 0.5209543034602 
  7678    7678         558.5             0 0.5970560383856 
  4258    4258         471.5 0.519206062013             0 
 11553   11553         319.5 0.593737139248             0 
   650     650         510.5             0 0.5379153963769 
  3077    3077         398.5 0.5072116212086             0 