2,
6,
10,
13,
19,
20,
22,
36,
91,
98,
129,
153,
190,
191,
194,
329,
384,
524,
702,
1220,
1305,
1402,
1475,
1521,
1573,
1821,
1825,
2083,
2141,
2146,
2149,
2221,
2232,
2271,
2279,
2392,
2449,
2451,
2455,
2480,
2525,
2584,
2622,
2715,
3990,
4035,
4257,
4258,
4345,
4369,
4563,
4648,
4654,
4770,
4916,
4978,
4979,
4989,
5057,
5070,
5096,
5145,
5146,
5149,
5355,
5773,
6232,
6511,
6688,
6748,
6803,
6840,
7013,
7037,
7078,
7080,
7123,
7209,
7225,
7335,
7356,
7384,
7410,
7411,
7414,
7418,
7420,
7463,
7499,
7502,
7526,
7562,
7563,
7568,
7579,
7581,
7605,
7606,
7644,
7942,
7948,
8132,
8189,
8456,
8481,
8488,
8495,
8783,
8854,
9112,
9143,
9234,
9332,
9347,
9370,
9402,
9424,
9426,
9431,
9432,
9433,
9435,
9436,
9437,
9446,
9460,
9461,
9462,
9463,
9464,
9466,
9467,
9468,
9469,
9470,
9473,
9474,
9475,
9476,
9477,
9480,
9483,
9487,
9499,
9500,
9501,
9538,
9539,
9546,
9554,
9576,
9586,
9587,
9593,
9612,
9613,
9622,
9624,
9629,
9631,
9635,
9651,
9661,
9666,
9667,
9668,
9689,
9690,
9691,
9693,
9700,
9706,
9715,
9721,
9727,
