1,
5,
10,
22,
38,
40,
59,
65,
69,
77,
93,
127,
139,
147,
153,
183,
186,
225,
247,
254,
268,
280,
287,
297,
309,
315,
324,
328,
340,
341,
345,
361,
370,
375,
397,
405,
418,
419,
424,
426,
448,
462,
484,
487,
524,
530,
534,
546,
548,
596,
611,
632,
696,
712,
732,
736,
743,
785,
794,
840,
843,
846,
850,
894,
898,
911,
913,
917,
925,
934,
937,
943,
952,
953,
976,
1005,
1023,
1036,
1044,
1056,
1066,
1071,
1079,
1081,
1091,
1093,
1099,
1131,
1165,
1166,
1179,
1187,
1189,
1193,
1200,
1208,
1211,
1230,
1238,
1239,
1262,
1273,
1283,
1286,
1293,
1300,
1314,
1321,
1327,
1343,
1358,
1365,
1366,
1368,
1383,
1408,
1410,
1413,
1414,
1430,
1432,
1435,
1441,
1444,
1449,
1452,
1480,
1492,
1499,
1509,
1511,
1518,
1527,
1554,
1569,
1572,
1573,
1576,
1578,
1585,
1587,
1651,
1672,
1680,
1682,
1702,
1703,
1704,
1705,
1710,
1711,
1715,
1726,
1735,
1738,
1753,
1764,
1776,
1783,
1836,
1848,
1859,
1873,
1874,
1875,
1905,
1906,
1916,
1920,
1923,
1944,
1963,
1968,
1984,
1992,
2009,
2016,
2029,
2033,
2054,
2056,
2062,
2064,
2073,
2087,
2101,
2118,
2119,
2129,
2156,
2192,
2210,
2216,
2248,
2259,
2264,
2293,
2312,
2355,
2365,
2368,
2371,
2391,
2393,
2403,
2434,
2446,
2451,
2465,
2468,
2483,
2484,
2529,
2554,
2587,
2613,
2615,
2616,
2620,
2631,
2641,
2656,
2669,
2685,
2686,
2688,
2689,
2690,
2693,
2703,
2712,
2724,
2728,
2731,
2754,
2769,
2770,
2773,
2799,
2805,
2848,
2864,
2868,
2870,
2871,
2891,
2897,
2908,
2914,
2964,
2982,
2986,
3002,
3009,
3042,
3043,
3045,
3050,
3051,
3073,
3079,
3087,
3117,
3161,
3168,
3191,
3203,
3211,
3233,
3250,
3276,
3289,
3297,
3342,
3354,
3408,
3411,
3421,
3430,
3448,
3464,
3501,
3504,
3567,
3622,
3659,
3672,
3678,
3690,
3705,
3715,
3723,
3724,
3742,
3752,
3754,
3757,
3764,
3765,
3777,
3809,
3814,
3838,
3842,
3847,
3861,
3893,
3901,
3904,
3905,
3920,
3931,
3970,
3974,
3981,
3986,
4002,
4006,
4009,
4011,
4015,
4037,
4042,
4058,
4072,
4075,
4085,
4115,
4147,
4157,
4181,
4188,
4211,
4219,
4223,
4228,
4233,
4238,
4262,
4281,
4330,
4331,
4343,
4345,
4354,
4355,
4408,
4410,
4433,
4435,
4449,
4456,
4476,
4479,
4493,
4514,
4524,
4527,
4531,
4551,
4554,
4561,
4562,
4578,
4581,
4596,
4623,
4628,
4657,
4691,
4706,
4715,
4718,
4722,
4804,
4822,
4828,
4851,
4869,
4874,
4883,
4917,
4919,
4924,
4940,
4968,
4995,
5001,
5003,
5019,
5025,
5035,
5093,
5102,
5139,
5152,
5163,
5223,
5231,
5255,
5289,
5297,
5306,
5323,
5324,
5359,
5361,
5372,
5402,
5403,
5427,
5432,
5442,
5455,
5465,
5476,
5477,
5481,
5492,
5495,
5497,
5500,
5529,
5542,
5549,
5558,
5564,
5603,
5611,
5613,
5625,
5644,
5668,
5683,
5695,
5705,
5750,
5751,
5768,
5770,
5817,
5837,
5850,
5869,
5883,
5888,
5889,
5890,
5929,
5999,
6086,
6097,
6137,
6155,
6176,
6192,
6198,
6211,
6261,
6287,
6290,
6350,
6378,
6422,
6454,
6460,
6497,
6576,
6589,
6606,
6634,
6673,
6674,
6711,
6733,
6740,
6742,
6763,
6777,
6780,
6809,
6849,
6860,
6869,
6874,
6901,
6904,
6918,
6926,
6940,
6976,
6993,
7072,
7079,
7090,
7100,
7102,
7108,
7115,
7160,
7162,
7167,
7192,
7204,
7210,
7251,
7264,
7297,
7348,
7361,
7433,
7437,
7440,
7471,
7475,
7476,
7501,
7503,
7504,
7545,
7637,
7638,
7665,
7674,
7679,
7683,
7725,
7745,
7753,
7776,
7832,
7843,
7848,
7851,
7858,
7879,
7932,
7977,
8014,
8023,
8070,
8127,
8128,
8151,
8168,
8170,
8177,
8183,
8188,
8201,
8207,
8236,
8249,
8283,
8289,
8290,
8297,
8332,
8338,
8350,
8379,
8384,
8394,
8400,
8410,
8411,
8433,
8512,
8520,
8538,
8563,
8570,
8576,
8587,
8595,
8609,
8638,
8658,
8683,
8693,
8699,
8703,
8762,
8801,
8827,
8858,
8875,
8879,
8900,
8975,
8978,
9009,
9013,
9032,
9043,
9077,
9115,
9126,
9142,
9246,
9253,
9304,
9324,
9346,
9373,
9375,
9393,
9400,
9408,
9450,
9464,
9468,
9479,
9499,
9511,
9514,
9549,
9553,
9602,
9611,
9619,
9640,
9666,
9689,
9699,
9713,
9757,
9769,
9774,
9791,
9979,
9980,
9982,
10007,
10011,
10025,
10036,
10042,
10043,
10044,
10051,
10089,
10115,
10128,
10146,
10158,
10159,
10191,
10218,
10226,
10248,
10256,
10270,
10293,
10340,
10387,
10404,
10429,
10449,
10452,
10454,
10502,
10504,
10537,
10593,
10673,
10674,
10699,
10741,
10806,
10820,
10830,
10835,
10840,
10856,
10857,
10862,
10872,
10876,
10886,
10890,
10898,
10899,
10900,
10921,
10942,
10946,
10970,
10989,
11000,
11021,
11028,
11034,
11065,
11076,
11091,
11138,
11158,
11175,
11179,
11191,
11200,
11214,
11215,
11263,
11269,
11271,
11328,
11351,
11362,
11373,
11392,
11424,
11433,
11435,
11445,
11461,
11508,
11509,
11524,
11526,
11549,
11576,
11682,
11755,
11780,
11797,
11840,
11854,
11861,
11869,
11914,
11929,
11936,
11982,
12022,
12102,
12121,
12126,
12139,
12162,
12170,
12194,
12200,
12214,
12270,
12284,
12285,
12286,
12289,
12291,
12300,
12306,
12315,
12332,
12340,
12387,
12414,
12433,
12451,
12458,
12467,
12498,
12543,
12548,
12550,
12585,
12620,
12686,
12705,
12723,
12736,
12819,
12830,
12880,
12901,
12902,
12934,
12976,
12995,
13039,
13049,
13104,
13124,
13152,
13202,
13215,
13219,
13222,
13224,
13230,
13247,
13296,
13297,
13327,
13353,
13383,
13426,
13458,
13459,
13462,
13471,
13474,
13487,
13503,
13519,
13526,
13544,
13549,
13557,
13571,
13579,
13591,
13633,
13635,
13644,
13660,
13670,
13679,
13693,
13708,
13729,
13730,
13739,
13745,
13809,
13887,
13904,
13913,
13920,
13969,
13971,
13978,
14033,
14045,
14056,
14072,
14098,
14129,
14192,
14193,
14194,
14237,
14283,
14327,
14344,
14361,
14366,
14474,
14528,
14535,
14541,
14544,
14582,
14633,
14646,
14658,
14681,
14719,
14753,
14802,
14837,
14852,
14858,
14894,
14937,
14941,
15026,
15029,
15144,
15161,
15162,
15198,
15207,
15293,
15323,
15352,
15405,
15467,
15482,
15558,
15626,
15647,
15774,
15786,
15804,
15808,
15811,
15884,
15898,
15936,
15940,
15966,
16068,
16092,
16152,
16187,
16234,
16268,
16288,
16292,
16306,
16335,
16342,
16351,
16391,
16463,
16473,
16505,
16567,
16622,
16654,
16692,
16709,
16714,
16728,
16759,
16771,
16811,
16846,
16859,
16890,
17000,
17044,
17059,
17088,
17092,
17132,
17136,
17178,
17252,
17358,
17360,
17383,
17471,
17496,
17585,
17589,
17595,
17600,
17690,
17712,
17727,
17746,
17750,
17792,
17805,
17846,
17863,
18141,
18169,
18229,
18237,
18270,
18309,
18310,
18354,
18442,
18515,
18593,
18622,
18646,
18692,
18709,
18753,
18754,
18771,
18798,
18815,
18874,
18888,
18891,
18915,
18952,
18996,
19025,
19052,
19055,
19090,
19158,
19201,
19339,
19375,
19429,
19464,
19474,
19541,
19543,
19564,
19584,
19947,
20016,
20017,
20041,
20167,
20258,
20260,
20265,
20375,
20389,
20404,
20441,
20460,
20464,
20484,
20505,
20555,
20737,
20748,
20809,
20900,
20914,
20934,
20935,
20941,
20978,
21021,
21074,
21132,
21203,
21384,
21438,
21544,
21591,
21603,
21637,
21642,
21648,
21662,
21682,
21702,
21705,
21736,
21818,
21835,
21856,
21857,
21928,
21937,
21958,
21965,
21972,
21984,
21998,
22014,
22059,
22100,
22136,
22197,
22206,
22288,
22428,
22458,
22510,
22549,
22551,
22556,
22573,
22624,
22648,
22693,
22755,
22848,
22894,
22899,
22928,
22953,
22957,
22966,
23091,
23097,
23169,
23205,
23363,
23448,
23498,
23640,
23644,
23658,
23684,
23688,
23699,
23777,
23883,
23910,
23913,
23927,
23972,
24079,
24082,
24131,
24252,
24272,
24287,
24292,
24377,
24382,
24411,
24438,
24456,
24469,
24471,
24547,
24554,
24556,
24563,
24764,
24820,
24965,
25049,
25173,
25232,
25235,
25258,
25322,
25346,
25384,
25475,
25531,
25548,
25609,
25755,
25758,
25838,
25848,
25893,
25911,
25916,
25928,
25945,
25985,
25989,
26021,
26024,
26063,
26136,
26148,
26283,
26313,
26328,
26415,
26517,
26522,
26743,
26808,
26830,
26835,
26883,
27155,
27166,
27169,
27180,
27182,
27211,
27230,
27328,
27391,
27725,
27735,
27783,
27813,
27859,
28024,
28083,
28141,
28350,
28430,
28461,
28473,
28488,
28491,
28496,
28576,
28597,
28601,
28742,
28836,
29022,
29044,
29303,
29352,
29462,
29466,
29491,
29690,
29717,
30017,
30095,
30230,
30375,
30384,
30476,
30544,
30588,
30589,
30948,
30970,
31105,
31207,
31350,
31394,
31411,
31435,
31448,
31537,
31725,
31739,
31826,
31869,
31921,
31926,
31932,
32096,
32139,
32143,
32191,
32641,
32708,
32749,
32792,
32844,
32895,
32910,
32943,
32974,
33049,
33165,
33258,
33273,
33307,
33311,
33542,
33552,
33638,
33774,
33850,
33936,
33944,
33986,
34058,
34089,
34188,
34348,
34515,
34650,
34848,
34938,
34982,
35021,
35091,
35355,
35448,
35477,
35539,
35662,
35677,
35678,
35826,
35965,
36167,
36168,
36332,
36477,
36523,
36530,
36535,
36558,
36561,
36591,
36648,
36772,
36844,
36913,
37056,
37157,
37277,
37368,
37377,
37447,
37532,
37591,
37855,
37857,
38000,
38010,
38036,
38045,
38107,
38210,
38255,
38262,
39026,
39253,
39286,
39303,
39487,
39494,
39544,
39585,
39967,
40038,
40150,
40291,
40550,
40790,
40867,
40942,
40960,
41161,
41186,
41233,
41273,
41389,
41517,
41593,
41638,
41687,
41751,
41858,
41860,
41919,
41964,
42271,
42446,
42547,
42605,
42653,
42673,
42713,
42732,
42897,
42940,
42985,
42992,
43030,
43097,
43123,
43127,
