7 1 7 97 0 0 0 
6 2.100698112756 
9 2.70770400026 
12 3.440029148967 
16 4.154087465459 
15 3.750560325332 
16 4.052710900993 
23 5.321921194731 
  4570    4570         354.5 3.048720299659             0 
  9160    9160         349.5 1.473123141014             0 
  7046    7046         336.5 1.243926709389             0 
   615     615         549.5             0 1.025101042648 
  3346    3346         408.5 0.957508887939             0 
  7065    7065         318.5 1.075607070109             0 
  3960    3960         334.5 2.874023189954             0 
  7043    7043         360.5 1.429144950003             0 
  4294    4294         387.5 1.084295026226             0 
  3989    3989         324.5 0.8437763470853             0 
   348     348         547.5             0 0.9065607380642 
  4529    4529         477.5 0.966713071158             0 
  2757    2757         369.5 0.8690700029704             0 
  4567    4567         434.5 0.7345851946712             0 
   735     735         534.5             0 0.8344401910379 
  3659    3659         327.5 2.709585426928             0 
  6997    6997         347.5 1.343257789982             0 
  7006    7006         387.5 0.9593371610539             0 
    49      49         542.5             0 0.8165338715977 
  3929    3929         418.5 0.8568314725415             0 
  1558    1558         380.5 0.6571553024949             0 
  8625    8625         281.5 0.6747337400092             0 
   306     306         539.5             0 0.7138971007985 
  6505    6505         328.5 0.7604678853897             0 
  1545    1545         420.5 0.6737375491636             0 
  9600    9600          57.5             0 0.6344804154819 
   388     388         570.5             0 0.6405535727139 
  3660    3660         322.5 2.569072876922             0 
  3955    3955         393.5 1.288410020735             0 
  7001    7001         367.5 0.8350986258727             0 
   350     350         556.5             0 0.7195859122009 
  1351    1351         426.5 0.7922616579048             0 
  3317    3317         415.5 0.7210873326936             0 
  4560    4560         414.5 0.530899701703             0 
    51      51         547.5             0 0.6514699461043 
  4575    4575         410.5 0.5689500142982             0 
  3348    3348         337.5 0.6242125169521             0 
   651     651         514.5             0 0.6382931727964 
  4592    4592         429.5 0.6363154830276             0 
   309     309         447.5 0.5555278373728             0 
  4862    4862          53.5             0 0.5663844741101 
  1002    1002         534.5             0 0.5038275902515 
  2217    2217         454.5 0.5037582970419             0 
  3658    3658         304.5 2.480682832409             0 
  6996    6996         327.5 1.100577213139             0 
  2101    2101         470.5 0.7747399210652             0 
  1842    1842         314.5 0.802316901294             0 
    47      47         524.5             0 0.5808191708299 
  4569    4569         425.5 0.6900603892342             0 
  2434    2434         382.5 0.6123830147308             0 
  2154    2154         454.5 0.7018710513443             0 
   690     690         559.5             0 0.7461988100105 
  9394    9394         448.5 0.532679769877             0 
  3650    3650         329.5 0.5586527308549             0 
  9437    9437         425.5 0.5541615738379             0 
   809     809         525.5             0 0.5973571051155 
  7562    7562         318.5 0.4824806790097             0 
    40      40         527.5             0 0.4945973468221 
  3357    3357         329.5 2.428706511011             0 
  9469    9469         344.5 1.039618524408             0 
  3344    3344         338.5 0.7967811941441             0 
  4537    4537         485.5 0.755569543102             0 
   312     312         562.5             0 0.6721570177022 
  3956    3956         310.5 0.6073583530959             0 
  6727    6727         471.5 0.7045097264003             0 
   305     305         536.5             0 0.6324455166782 
  3046    3046         363.5 0.5190436795107             0 
  4749    4749         360.5 0.6371850259637             0 
    52      52         543.5             0 0.5721950113721 
  7007    7007         311.5 0.5773307712511             0 
  8369    8369         284.5 0.4667322244601             0 
  6689    6689         417.5 0.5218818415975             0 
   767     767         575.5             0 0.499957457829 
  9558    9558         117.5             0 0.4444777896245 
  3964    3964         301.5 2.349773014674             0 
  5474    5474         337.5 1.080119180677             0 
  4835    4835         456.5 0.6818577314305             0 
   933     933         380.5 0.7026170813887             0 
    44      44         528.5             0 0.5786590474995 
  9133    9133         438.5 0.5648966388866             0 
   918     918         361.5 0.752478099992             0 
  6761    6761         349.5 0.5625876980497             0 
   319     319         541.5             0 0.6672761640876 
  4258    4258         453.5 0.4880257406816             0 
   623     623         395.5 0.5625871023265             0 
   601     601          34.5             0 0.5116304919537 
   648     648         541.5             0 0.604130584017 
  9096    9096         387.5 0.4195060492662             0 
  3044    3044         360.5 0.537960667391             0 
  9669    9669         106.5             0 0.4657473366473 
   311     311         550.5             0 0.486584143431 
  4597    4597         243.5 0.4826144238789             0 
  4571    4571         392.5 0.4624444521996             0 
  2433    2433         388.5 0.417418573797             0 
  4275    4275         455.5 0.4530970557967             0 
   698     698         549.5             0 0.522411148368 
  4130    4130         309.5 0.3965495098111             0 
