7 1 8 82 0 0 0 
4 1.055857127519 
6 2.029623970271 
8 2.375531331392 
9 2.527009111614 
10 2.781791708304 
13 3.222166193556 
14 3.895129918419 
18 4.484577544006 
  9130    9130         354.5 3.048720299659             0 
 18280   18280         349.5 1.473123141014             0 
 14038   14038         336.5 1.243926709389             0 
  4032    4032         570.5             0 1.055867127519 
  7912    7912         334.5 2.895978260417             0 
 14035   14035         360.5 1.48802010967             0 
  9120    9120         414.5 1.116841455236             0 
  3352    3352         562.5             0 1.039186760036 
  3670    3670         338.5 1.015804526669             0 
  4529    4529         479.5 0.9904472102349             0 
  7307    7307         334.5 2.777134114951             0 
  9127    9127         417.5 1.402868033907             0 
  8550    8550         341.5 0.9726732974845             0 
  2788    2788         562.5             0 1.046376116549 
 19249   19249         481.5 1.031191305725             0 
  8791    8791         413.5 0.8311712746187             0 
 11589   11589         294.5 0.7573259112514             0 
   654     654         548.5             0 0.7888713366128 
  7308    7308         331.5 2.636269693983             0 
 14031   14031         356.5 1.314033072892             0 
 13986   13986         303.5 0.8905671173558             0 
  3395    3395         540.5             0 0.8442730960618 
  8755    8755         403.5 0.8134988566394             0 
 19172   19172         399.5 0.7641648438128             0 
 14057   14057         316.5 0.7559154283152             0 
  7908    7908         313.5 0.8048029080357             0 
   653     653         536.5             0 0.9268305872368 
  7306    7306         307.5 2.517404099108             0 
  8516    8516         369.5 1.234694109492             0 
 13998   13998         394.5 1.036384540267             0 
  2750    2750         572.5             0 0.7938943210953 
 19422   19422         444.5 0.7993784441039             0 
 19287   19287         444.5 0.7231251768902             0 
  3388    3388         572.5             0 0.7248722698994 
 18849   18849         359.5 0.715185064262             0 
 14288   14288         343.5 0.6733742264426             0 
 14097   14097         256.5 0.7532132777171             0 
  6701    6701         329.5 2.460008626871             0 
 13989   13989         340.5 1.212052915241             0 
  3927    3927         415.5 0.7592140161966             0 
 19265   19265         453.5 0.6294458950208             0 
  3384    3384         580.5             0 0.7264850610636 
 19380   19380         492.5 0.7348090704672             0 
  6400    6400         562.5             0 0.6264270166428 
  9136    9136         356.5 0.737002114565             0 
 18544   18544         349.5 0.7080741867319             0 
 19327   19327         528.5 0.6609046341175             0 
  4070    4070         579.5             0 0.7463655202561 
 18860   18860         345.5 0.6597821511161             0 
 12740   12740         394.5 0.5350413987364             0 
  9437    9437         356.5 2.406519329829             0 
 18934   18934         319.5 1.071027816286             0 
  7906    7906         345.5 0.8288275700968             0 
  4282    4282         451.5 0.7192768434759             0 
  2747    2747         572.5             0 0.8340782564007 
 18564   18564         414.5 0.6667686457614             0 
  3921    3921         460.5 0.6089038951632             0 
  3438    3438         554.5             0 0.5644690172558 
  4272    4272         448.5 0.7085979900292             0 
  9425    9425         353.5 0.7871268169853             0 
  6386    6386         548.5             0 0.6485743528937 
  4258    4258         477.5 0.7680161631753             0 
  6086    6086         363.5 0.6589140756567             0 
  2782    2782         530.5             0 0.6453178196005 
  7305    7305         289.5 2.372147225405             0 
 19398   19398         410.5 1.039814589693             0 
  9128    9128         417.5 0.7867181937071             0 
 14479   14479         352.5 0.7521175294366             0 
  9271    9271         362.5 0.7081569493054             0 
  2818    2818         574.5             0 0.797232162159 
 13999   13999         286.5 0.5963098225372             0 
  3043    3043         366.5 0.5286020640791             0 
  1816    1816          97.5             0 0.6856443536445 
  2751    2751         555.5             0 0.717648382567 
 17530   17530         388.5 0.6067491086836             0 
  3067    3067         464.5 0.5342715601874             0 
  8449    8449         577.5             0 0.6115411611063 
 13984   13984         390.5 0.5534832420905             0 
  4577    4577         426.5 0.6504528381518             0 
 19129   19129         440.5 0.4881508940517             0 
  2737    2737         569.5             0 0.645316696438 
  9428    9428         380.5 0.5709454657366             0 
