[10000]
162,
149,
123,
134,
149,
164,
165,
152,
132,
102,
72,
47,
12,
10,
25,
44,
52,
47,
43,
71,
91,
97,
108,
119,
127,
133,
118,
112,
88,
61,
53,
48,
42,
39,
37,
42,
34,
36,
40,
54,
79,
97,
102,
114,
130,
135,
126,
97,
83,
87,
86,
78,
79,
90,
95,
101,
115,
124,
114,
94,
81,
92,
106,
92,
55,
34,
28,
29,
39,
47,
45,
40,
32,
25,
23,
38,
52,
31,
53,
78,
73,
44,
41,
84,
123,
151,
160,
149,
132,
123,
128,
138,
124,
58,
15,
12,
16,
28,
60,
92,
149,
113,
79,
89,
101,
112,
111,
99,
84,
70,
56,
42,
18,
17,
26,
41,
48,
31,
32,
49,
56,
67,
84,
85,
88,
98,
95,
112,
112,
80,
73,
69,
65,
77,
64,
51,
44,
39,
34,
41,
60,
77,
75,
80,
91,
94,
90,
66,
55,
58,
62,
55,
55,
62,
64,
69,
80,
84,
73,
59,
56,
67,
86,
88,
75,
73,
64,
34,
7,
7,
10,
13,
13,
14,
21,
37,
54,
40,
27,
37,
43,
34,
34,
56,
79,
101,
112,
106,
87,
79,
86,
97,
95,
50,
25,
22,
16,
31,
75,
119,
102,
67,
57,
47,
47,
50,
47,
47,
36,
28,
28,
24,
20,
24,
32,
37,
40,
36,
41,
48,
43,
44,
45,
47,
49,
66,
74,
93,
118,
102,
82,
73,
89,
109,
85,
51,
48,
45,
34,
25,
33,
40,
41,
45,
47,
44,
37,
33,
24,
18,
30,
27,
27,
27,
24,
29,
37,
25,
11,
19,
30,
37,
47,
62,
82,
98,
92,
59,
39,
26,
13,
15,
21,
26,
29,
32,
39,
39,
25,
6,
14,
16,
16,
39,
39,
31,
48,
51,
41,
42,
47,
46,
34,
32,
29,
26,
18,
35,
81,
122,
106,
74,
55,
32,
21,
31,
21,
11,
15,
25,
16,
10,
9,
23,
39,
42,
30,
12,
29,
50,
50,
42,
32,
36,
35,
51,
60,
82,
124,
104,
72,
57,
76,
107,
103,
70,
64,
84,
59,
20,
21,
15,
11,
29,
43,
27,
12,
5,
3,
19,
44,
38,
16,
11,
9,
13,
20,
21,
25,
27,
37,
49,
47,
45,
61,
77,
77,
62,
45,
29,
9,
12,
21,
34,
31,
21,
25,
32,
26,
11,
15,
22,
28,
40,
25,
16,
27,
29,
23,
31,
39,
32,
6,
24,
24,
19,
18,
35,
79,
115,
109,
79,
48,
27,
16,
25,
18,
14,
24,
30,
15,
5,
2,
14,
30,
32,
22,
15,
27,
40,
32,
22,
20,
21,
34,
63,
92,
86,
71,
58,
48,
33,
53,
107,
129,
103,
103,
133,
91,
18,
17,
12,
22,
27,
34,
19,
10,
4,
8,
22,
53,
50,
26,
16,
17,
24,
24,
22,
22,
42,
61,
68,
64,
53,
44,
44,
50,
46,
31,
23,
21,
14,
15,
27,
28,
19,
15,
16,
7,
13,
25,
44,
44,
35,
20,
14,
9,
13,
25,
29,
30,
23,
14,
18,
16,
14,
17,
34,
74,
108,
105,
80,
36,
16,
20,
21,
12,
17,
23,
28,
16,
6,
6,
14,
26,
28,
16,
14,
18,
18,
7,
7,
13,
22,
34,
60,
85,
69,
24,
14,
26,
38,
54,
84,
99,
88,
99,
102,
78,
42,
29,
28,
30,
36,
30,
17,
17,
13,
17,
22,
34,
27,
15,
19,
21,
27,
27,
19,
31,
72,
93,
90,
87,
55,
25,
13,
21,
13,
8,
12,
20,
16,
10,
25,
37,
28,
22,
23,
23,
31,
40,
56,
51,
27,
9,
5,
16,
31,
39,
30,
16,
20,
17,
16,
19,
17,
15,
31,
67,
100,
90,
62,
43,
30,
35,
38,
21,
12,
13,
21,
15,
8,
10,
21,
34,
35,
20,
18,
22,
18,
14,
19,
18,
19,
26,
40,
48,
42,
29,
18,
17,
33,
45,
46,
49,
52,
59,
45,
37,
63,
56,
50,
39,
40,
30,
24,
24,
29,
23,
22,
30,
23,
18,
23,
25,
36,
37,
34,
52,
85,
89,
96,
102,
62,
31,
16,
16,
24,
17,
19,
28,
37,
38,
25,
37,
65,
59,
32,
37,
45,
57,
65,
41,
14,
0,
15,
27,
45,
46,
30,
20,
30,
24,
19,
28,
25,
15,
26,
61,
92,
79,
50,
30,
16,
19,
35,
29,
20,
15,
15,
14,
10,
10,
27,
47,
37,
22,
30,
35,
35,
31,
35,
44,
34,
29,
49,
52,
37,
35,
28,
11,
27,
36,
33,
28,
30,
41,
28,
21,
50,
47,
32,
26,
25,
10,
21,
27,
39,
31,
24,
25,
19,
16,
23,
25,
31,
31,
48,
63,
66,
47,
50,
65,
47,
24,
12,
26,
40,
32,
29,
33,
47,
51,
30,
43,
80,
81,
60,
49,
47,
75,
90,
45,
21,
20,
18,
18,
33,
43,
30,
19,
21,
9,
19,
34,
23,
12,
20,
57,
88,
91,
60,
20,
11,
12,
28,
26,
18,
16,
9,
15,
17,
19,
31,
49,
47,
40,
47,
61,
74,
61,
28,
76,
60,
41,
64,
69,
49,
39,
47,
37,
39,
26,
19,
13,
16,
37,
26,
21,
31,
37,
24,
9,
29,
15,
8,
23,
51,
47,
23,
12,
11,
15,
16,
13,
19,
11,
29,
42,
47,
32,
18,
33,
33,
23,
25,
44,
52,
45,
30,
24,
44,
48,
51,
63,
73,
74,
77,
65,
60,
71,
81,
49,
36,
36,
21,
8,
13,
18,
16,
12,
17,
15,
25,
32,
17,
9,
22,
56,
87,
96,
63,
22,
11,
15,
22,
17,
16,
23,
13,
9,
21,
36,
32,
35,
58,
80,
72,
84,
104,
91,
61,
65,
54,
49,
59,
52,
36,
26,
37,
37,
28,
22,
18,
22,
14,
17,
18,
28,
33,
32,
28,
20,
24,
6,
17,
28,
46,
42,
24,
15,
8,
10,
13,
11,
13,
14,
13,
21,
32,
32,
23,
28,
31,
30,
31,
48,
53,
43,
30,
19,
20,
29,
45,
63,
61,
60,
73,
63,
60,
45,
63,
62,
51,
39,
20,
13,
21,
9,
9,
14,
23,
24,
29,
26,
12,
10,
23,
56,
89,
96,
65,
28,
15,
12,
27,
22,
14,
30,
27,
22,
28,
31,
31,
33,
67,
103,
98,
90,
96,
90,
59,
22,
27,
50,
54,
38,
25,
23,
22,
24,
19,
23,
37,
36,
25,
10,
17,
30,
26,
20,
23,
14,
11,
14,
19,
17,
22,
33,
29,
16,
12,
3,
14,
16,
13,
15,
11,
20,
26,
30,
27,
28,
33,
36,
34,
33,
28,
25,
28,
21,
15,
13,
26,
43,
45,
46,
50,
46,
45,
34,
46,
59,
50,
39,
25,
22,
28,
20,
30,
24,
18,
17,
20,
18,
10,
16,
24,
55,
88,
90,
60,
28,
20,
15,
41,
40,
17,
40,
39,
38,
36,
22,
20,
35,
58,
90,
111,
74,
74,
75,
44,
23,
34,
52,
45,
38,
29,
28,
20,
7,
17,
24,
31,
36,
24,
13,
11,
18,
21,
30,
28,
16,
12,
17,
16,
15,
10,
18,
20,
9,
4,
7,
16,
12,
16,
17,
10,
10,
22,
22,
18,
27,
38,
41,
34,
22,
10,
13,
21,
18,
18,
18,
21,
37,
39,
30,
23,
20,
30,
25,
30,
40,
34,
21,
19,
36,
36,
46,
60,
45,
25,
18,
20,
19,
19,
25,
26,
52,
83,
71,
43,
26,
24,
14,
32,
39,
32,
27,
22,
26,
30,
18,
9,
37,
49,
58,
76,
59,
51,
47,
35,
41,
43,
46,
36,
31,
23,
18,
13,
10,
19,
19,
22,
36,
25,
16,
7,
9,
9,
19,
21,
6,
11,
9,
9,
12,
9,
14,
14,
4,
6,
12,
22,
16,
15,
12,
15,
16,
20,
18,
11,
15,
34,
37,
30,
27,
19,
17,
13,
19,
23,
25,
30,
32,
35,
24,
9,
17,
32,
20,
18,
27,
21,
13,
21,
40,
53,
47,
48,
45,
32,
18,
19,
15,
21,
27,
22,
49,
80,
80,
52,
28,
24,
16,
16,
20,
22,
15,
13,
10,
15,
15,
12,
29,
36,
32,
31,
38,
37,
28,
24,
26,
37,
39,
27,
17,
16,
9,
13,
12,
15,
17,
22,
31,
26,
27,
18,
11,
6,
13,
13,
9,
9,
8,
10,
10,
3,
15,
15,
7,
14,
19,
20,
15,
18,
21,
29,
26,
27,
35,
32,
26,
36,
35,
26,
22,
11,
15,
10,
10,
15,
21,
36,
25,
23,
23,
20,
13,
30,
18,
13,
21,
17,
16,
23,
46,
58,
37,
24,
28,
25,
10,
16,
16,
27,
31,
21,
48,
79,
89,
67,
40,
31,
18,
13,
7,
13,
20,
18,
7,
7,
12,
10,
20,
25,
23,
16,
21,
22,
15,
15,
30,
40,
31,
22,
13,
16,
12,
9,
12,
7,
16,
22,
19,
12,
19,
16,
18,
22,
20,
8,
9,
6,
5,
9,
10,
11,
26,
32,
19,
17,
17,
13,
15,
14,
16,
28,
17,
15,
36,
34,
24,
25,
26,
24,
14,
14,
22,
23,
26,
19,
13,
33,
25,
14,
27,
29,
17,
28,
18,
12,
19,
13,
14,
21,
35,
39,
31,
23,
19,
16,
2,
16,
23,
39,
38,
22,
48,
80,
82,
60,
48,
43,
24,
14,
21,
25,
32,
26,
9,
9,
14,
15,
17,
22,
15,
4,
9,
11,
15,
17,
35,
41,
28,
24,
26,
25,
16,
16,
13,
12,
21,
21,
13,
12,
10,
3,
12,
25,
22,
12,
11,
12,
8,
12,
14,
13,
22,
32,
21,
16,
15,
9,
19,
12,
14,
22,
19,
19,
28,
15,
11,
11,
12,
17,
18,
22,
31,
41,
57,
55,
51,
54,
48,
30,
39,
38,
29,
29,
18,
14,
15,
12,
15,
23,
28,
26,
22,
27,
36,
24,
14,
19,
17,
27,
34,
23,
50,
83,
85,
59,
43,
37,
23,
17,
29,
30,
32,
24,
13,
7,
16,
24,
24,
23,
8,
14,
21,
32,
35,
41,
51,
51,
41,
38,
46,
44,
32,
28,
15,
21,
26,
21,
14,
13,
9,
4,
14,
21,
16,
8,
11,
14,
9,
12,
13,
10,
3,
12,
12,
12,
17,
25,
21,
12,
16,
18,
19,
18,
16,
14,
9,
9,
5,
7,
8,
30,
55,
74,
87,
97,
93,
85,
86,
80,
62,
58,
48,
42,
30,
24,
30,
31,
29,
29,
28,
23,
21,
32,
46,
29,
20,
25,
22,
33,
40,
30,
55,
87,
105,
79,
37,
22,
19,
18,
18,
15,
22,
25,
19,
7,
11,
22,
25,
19,
16,
28,
32,
48,
68,
81,
91,
98,
83,
73,
72,
63,
47,
39,
26,
31,
28,
18,
17,
15,
14,
15,
17,
20,
11,
6,
11,
14,
11,
15,
14,
15,
9,
3,
7,
12,
19,
23,
24,
18,
22,
23,
16,
14,
9,
16,
14,
7,
10,
21,
30,
49,
95,
130,
135,
148,
132,
118,
114,
111,
81,
83,
97,
98,
74,
52,
48,
37,
31,
31,
31,
31,
20,
33,
34,
18,
16,
27,
25,
35,
43,
34,
59,
94,
107,
78,
44,
37,
31,
28,
19,
19,
16,
17,
17,
12,
8,
10,
20,
23,
24,
33,
32,
54,
89,
98,
113,
138,
127,
104,
92,
79,
68,
66,
53,
41,
30,
16,
16,
20,
19,
24,
23,
24,
15,
8,
8,
15,
16,
20,
21,
19,
17,
12,
13,
22,
26,
25,
23,
16,
18,
28,
27,
24,
12,
13,
11,
9,
27,
53,
67,
56,
109,
157,
178,
206,
189,
159,
127,
94,
100,
126,
147,
145,
110,
77,
63,
46,
39,
33,
28,
25,
21,
32,
25,
17,
29,
34,
19,
25,
31,
31,
63,
101,
109,
79,
55,
51,
36,
20,
17,
18,
11,
7,
7,
8,
3,
14,
30,
38,
46,
63,
58,
58,
95,
103,
104,
132,
148,
129,
100,
97,
101,
93,
69,
45,
38,
23,
14,
9,
9,
18,
15,
16,
15,
12,
11,
13,
13,
17,
29,
22,
24,
18,
13,
22,
22,
23,
27,
30,
15,
15,
26,
36,
28,
12,
7,
12,
36,
86,
116,
105,
131,
124,
185,
236,
212,
172,
123,
67,
93,
134,
157,
151,
135,
107,
88,
62,
41,
27,
25,
21,
18,
22,
16,
13,
27,
27,
2,
11,
20,
29,
66,
107,
124,
90,
59,
46,
27,
7,
17,
7,
7,
9,
10,
10,
10,
27,
51,
62,
75,
96,
91,
81,
89,
81,
84,
111,
127,
114,
81,
104,
112,
90,
76,
66,
62,
34,
14,
12,
12,
23,
21,
10,
13,
16,
17,
12,
10,
7,
25,
20,
21,
20,
15,
14,
8,
10,
24,
37,
24,
12,
24,
42,
33,
15,
16,
11,
25,
74,
103,
106,
133,
82,
133,
169,
185,
122,
100,
98,
90,
95,
108,
123,
145,
125,
96,
67,
47,
29,
27,
21,
13,
15,
14,
10,
11,
17,
4,
22,
32,
31,
70,
115,
133,
96,
52,
31,
17,
6,
15,
5,
3,
8,
14,
17,
23,
47,
82,
90,
100,
92,
68,
66,
64,
57,
63,
93,
113,
75,
60,
79,
85,
62,
73,
88,
81,
55,
30,
21,
20,
25,
26,
14,
16,
17,
14,
16,
17,
13,
20,
18,
16,
16,
15,
7,
6,
7,
14,
19,
23,
9,
12,
35,
33,
25,
30,
45,
62,
93,
85,
70,
94,
85,
70,
103,
147,
51,
67,
91,
73,
62,
73,
90,
110,
113,
96,
66,
44,
26,
24,
19,
16,
11,
9,
12,
14,
13,
12,
35,
45,
37,
74,
123,
141,
103,
46,
25,
19,
11,
15,
8,
2,
9,
14,
11,
30,
58,
90,
108,
126,
93,
56,
55,
63,
57,
22,
71,
97,
34,
34,
45,
64,
72,
75,
104,
106,
76,
40,
32,
24,
25,
28,
25,
19,
18,
6,
12,
27,
24,
24,
19,
12,
10,
11,
7,
4,
7,
15,
22,
31,
30,
18,
36,
47,
37,
52,
73,
103,
110,
81,
67,
70,
83,
50,
15,
59,
46,
47,
52,
44,
41,
51,
53,
69,
87,
65,
41,
27,
17,
13,
14,
18,
19,
20,
16,
22,
22,
19,
31,
43,
38,
77,
129,
144,
101,
46,
33,
25,
13,
13,
9,
6,
10,
16,
9,
26,
62,
88,
90,
100,
75,
49,
44,
59,
60,
30,
24,
40,
20,
35,
35,
70,
90,
80,
98,
107,
72,
47,
33,
15,
25,
36,
33,
17,
11,
17,
18,
31,
30,
23,
17,
13,
9,
5,
5,
5,
3,
5,
12,
27,
35,
35,
49,
62,
43,
61,
86,
116,
103,
73,
58,
44,
54,
47,
25,
24,
33,
43,
26,
19,
22,
19,
22,
66,
68,
45,
27,
18,
11,
14,
14,
14,
18,
20,
8,
10,
13,
12,
13,
27,
32,
79,
134,
143,
92,
38,
23,
11,
8,
11,
9,
8,
7,
14,
17,
29,
53,
71,
70,
59,
35,
29,
36,
49,
59,
43,
20,
15,
21,
35,
37,
74,
93,
59,
60,
78,
52,
48,
35,
21,
19,
35,
31,
20,
16,
18,
11,
16,
21,
23,
19,
18,
16,
7,
6,
10,
10,
4,
8,
18,
20,
22,
38,
47,
32,
41,
81,
115,
96,
58,
42,
31,
37,
44,
39,
47,
58,
46,
27,
23,
17,
13,
48,
88,
71,
42,
17,
11,
15,
16,
15,
12,
10,
13,
7,
10,
7,
8,
20,
30,
29,
83,
140,
152,
96,
32,
20,
13,
14,
14,
16,
15,
6,
16,
27,
31,
34,
46,
55,
47,
24,
23,
31,
36,
46,
54,
46,
20,
28,
38,
32,
54,
65,
33,
41,
58,
36,
42,
32,
16,
11,
14,
17,
24,
21,
11,
5,
9,
12,
19,
16,
14,
20,
13,
9,
16,
16,
10,
15,
25,
26,
21,
36,
42,
33,
31,
66,
106,
82,
43,
36,
28,
40,
54,
61,
75,
79,
48,
38,
41,
27,
23,
44,
64,
53,
37,
24,
15,
12,
10,
17,
15,
17,
16,
14,
13,
17,
23,
37,
43,
34,
90,
150,
162,
102,
45,
32,
19,
11,
12,
24,
22,
8,
18,
32,
23,
13,
29,
36,
47,
39,
25,
22,
24,
35,
58,
66,
34,
30,
39,
28,
50,
62,
52,
58,
54,
41,
45,
30,
14,
9,
6,
13,
13,
11,
9,
13,
12,
8,
15,
15,
16,
23,
15,
7,
8,
14,
16,
22,
28,
24,
27,
38,
38,
30,
27,
43,
69,
63,
32,
12,
12,
45,
69,
78,
73,
61,
51,
52,
47,
27,
21,
26,
24,
14,
25,
32,
18,
10,
13,
19,
23,
29,
18,
10,
7,
18,
24,
44,
58,
49,
103,
164,
188,
127,
60,
40,
22,
4,
8,
21,
23,
10,
8,
12,
10,
6,
18,
23,
34,
31,
22,
14,
10,
28,
39,
50,
43,
32,
38,
50,
53,
40,
28,
38,
30,
27,
33,
24,
17,
13,
15,
20,
17,
9,
13,
19,
17,
14,
18,
15,
10,
7,
8,
9,
10,
18,
22,
25,
19,
17,
21,
30,
29,
26,
29,
24,
29,
49,
42,
17,
18,
48,
55,
67,
54,
37,
51,
56,
39,
14,
14,
15,
11,
25,
37,
28,
20,
11,
11,
7,
17,
27,
20,
11,
15,
24,
33,
63,
76,
68,
120,
181,
198,
130,
55,
38,
30,
16,
13,
14,
24,
22,
15,
10,
7,
16,
17,
14,
20,
27,
12,
13,
12,
18,
19,
36,
50,
29,
35,
64,
55,
23,
8,
14,
11,
16,
19,
22,
22,
21,
19,
20,
18,
12,
11,
10,
9,
11,
14,
10,
6,
4,
3,
6,
5,
13,
23,
18,
13,
17,
15,
19,
14,
19,
21,
16,
20,
33,
35,
25,
21,
33,
38,
41,
32,
32,
40,
37,
22,
8,
6,
5,
6,
25,
34,
36,
24,
8,
10,
13,
14,
26,
37,
21,
23,
28,
35,
58,
67,
78,
141,
199,
195,
121,
50,
30,
19,
15,
17,
2,
24,
25,
18,
15,
11,
20,
17,
6,
10,
19,
22,
18,
12,
19,
15,
22,
36,
29,
31,
42,
37,
19,
8,
7,
16,
20,
18,
20,
22,
20,
15,
17,
15,
12,
9,
3,
3,
7,
4,
8,
10,
4,
3,
7,
10,
16,
31,
26,
18,
15,
12,
16,
7,
10,
14,
16,
16,
17,
17,
10,
19,
27,
33,
25,
17,
31,
27,
11,
8,
6,
5,
4,
7,
12,
19,
28,
23,
15,
7,
15,
16,
25,
36,
18,
10,
24,
25,
36,
57,
90,
160,
213,
193,
125,
57,
33,
18,
13,
12,
12,
19,
18,
15,
15,
8,
9,
12,
6,
6,
7,
18,
16,
15,
16,
12,
14,
14,
23,
27,
21,
24,
21,
14,
17,
18,
23,
26,
20,
9,
13,
5,
13,
12,
12,
13,
9,
6,
8,
6,
9,
13,
7,
3,
9,
17,
24,
28,
22,
17,
11,
5,
11,
12,
13,
12,
15,
19,
18,
14,
11,
15,
17,
18,
17,
13,
18,
18,
13,
10,
6,
9,
15,
16,
15,
10,
15,
19,
19,
11,
10,
15,
26,
19,
27,
28,
31,
22,
19,
47,
90,
156,
210,
194,
127,
62,
40,
26,
17,
9,
8,
11,
10,
10,
15,
18,
13,
16,
10,
4,
11,
15,
9,
13,
11,
10,
7,
9,
12,
23,
19,
18,
17,
13,
17,
17,
26,
30,
20,
10,
12,
8,
10,
12,
15,
19,
15,
9,
4,
8,
9,
14,
10,
4,
12,
27,
31,
20,
12,
18,
13,
10,
16,
12,
9,
11,
12,
23,
20,
17,
18,
16,
9,
15,
12,
9,
2,
6,
4,
6,
8,
8,
15,
16,
16,
6,
5,
8,
10,
16,
12,
5,
19,
22,
29,
33,
29,
16,
26,
51,
87,
150,
202,
186,
117,
56,
40,
33,
20,
9,
13,
14,
5,
7,
15,
23,
19,
25,
17,
12,
19,
17,
5,
7,
4,
13,
16,
19,
24,
38,
25,
9,
8,
12,
15,
12,
23,
27,
20,
18,
14,
8,
4,
9,
16,
21,
20,
20,
9,
9,
11,
19,
18,
9,
12,
22,
25,
16,
8,
15,
19,
17,
9,
13,
14,
12,
14,
24,
24,
17,
14,
20,
15,
28,
13,
11,
6,
6,
7,
10,
19,
15,
10,
9,
13,
8,
6,
7,
7,
15,
16,
11,
19,
20,
12,
13,
15,
13,
29,
47,
81,
153,
206,
188,
120,
51,
34,
25,
14,
12,
18,
21,
10,
6,
13,
16,
10,
17,
12,
13,
27,
21,
6,
7,
3,
14,
17,
13,
17,
27,
18,
5,
7,
17,
18,
13,
18,
22,
16,
12,
10,
9,
5,
2,
9,
13,
18,
23,
21,
20,
16,
16,
16,
5,
11,
17,
16,
11,
6,
8,
14,
15,
13,
18,
11,
13,
21,
27,
23,
14,
13,
22,
36,
50,
30,
13,
7,
5,
11,
15,
24,
17,
10,
12,
14,
10,
6,
11,
11,
18,
21,
10,
6,
17,
10,
5,
17,
18,
28,
41,
82,
157,
210,
180,
117,
45,
29,
15,
9,
14,
12,
14,
17,
8,
7,
13,
12,
12,
8,
8,
17,
18,
15,
16,
18,
26,
22,
6,
7,
12,
8,
5,
12,
19,
16,
14,
17,
17,
9,
4,
8,
10,
7,
6,
9,
10,
25,
25,
28,
24,
16,
9,
15,
7,
10,
15,
12,
6,
10,
14,
19,
26,
30,
24,
5,
14,
27,
28,
20,
13,
11,
28,
40,
41,
27,
15,
16,
15,
15,
15,
10,
9,
6,
12,
17,
14,
2,
6,
3,
14,
20,
12,
6,
13,
10,
10,
27,
26,
34,
47,
77,
142,
189,
153,
90,
32,
21,
12,
13,
19,
5,
14,
19,
14,
9,
9,
12,
14,
12,
4,
5,
12,
15,
15,
20,
26,
23,
11,
9,
5,
7,
7,
11,
12,
2,
12,
21,
19,
17,
9,
7,
16,
17,
8,
21,
28,
36,
34,
29,
20,
11,
10,
15,
11,
11,
13,
12,
7,
12,
17,
17,
28,
32,
26,
13,
17,
22,
18,
17,
14,
3,
26,
36,
23,
11,
10,
16,
20,
14,
12,
6,
5,
8,
15,
15,
12,
5,
7,
9,
8,
22,
17,
4,
11,
9,
11,
22,
24,
36,
42,
65,
128,
170,
147,
84,
27,
29,
27,
23,
28,
18,
24,
22,
17,
21,
13,
6,
11,
12,
13,
7,
14,
13,
12,
18,
15,
23,
16,
8,
4,
7,
6,
9,
13,
8,
9,
11,
10,
14,
8,
9,
19,
22,
11,
17,
26,
28,
25,
19,
14,
10,
9,
14,
12,
12,
15,
15,
17,
9,
23,
21,
25,
30,
29,
26,
30,
17,
10,
9,
12,
8,
17,
25,
16,
10,
10,
9,
24,
24,
13,
7,
3,
9,
15,
10,
16,
11,
8,
19,
16,
18,
15,
10,
15,
12,
10,
9,
12,
27,
36,
67,
120,
157,
130,
72,
25,
31,
27,
28,
30,
16,
22,
23,
11,
18,
10,
7,
13,
19,
13,
5,
16,
21,
20,
16,
15,
21,
20,
14,
11,
9,
8,
10,
15,
7,
7,
8,
7,
8,
10,
9,
15,
19,
10,
6,
14,
12,
14,
13,
10,
8,
4,
8,
10,
11,
10,
6,
13,
18,
34,
31,
16,
24,
32,
29,
21,
12,
17,
12,
14,
15,
15,
11,
7,
13,
14,
19,
24,
22,
13,
3,
5,
9,
13,
10,
16,
16,
14,
16,
11,
10,
16,
13,
12,
14,
8,
6,
12,
25,
31,
64,
114,
148,
119,
63,
24,
23,
13,
17,
21,
16,
12,
19,
12,
12,
7,
12,
9,
14,
10,
5,
21,
23,
18,
12,
7,
13,
20,
19,
17,
14,
12,
19,
26,
10,
10,
20,
19,
14,
10,
3,
9,
16,
14,
12,
15,
8,
8,
7,
7,
5,
3,
8,
11,
10,
12,
12,
11,
14,
22,
16,
7,
23,
34,
30,
14,
14,
24,
21,
20,
25,
21,
8,
3,
8,
13,
24,
22,
12,
9,
4,
11,
12,
13,
11,
8,
15,
19,
14,
8,
12,
17,
16,
9,
10,
5,
9,
9,
25,
23,
53,
109,
136,
115,
62,
27,
21,
11,
5,
16,
19,
16,
18,
14,
9,
10,
13,
7,
11,
10,
12,
13,
12,
10,
10,
7,
13,
15,
15,
17,
20,
18,
16,
21,
10,
9,
17,
21,
17,
9,
6,
10,
13,
15,
14,
9,
6,
6,
6,
8,
6,
5,
16,
18,
7,
12,
12,
9,
6,
14,
15,
16,
26,
32,
26,
18,
25,
28,
15,
20,
26,
21,
9,
4,
8,
6,
14,
16,
6,
6,
7,
10,
8,
14,
21,
19,
17,
13,
13,
13,
14,
20,
22,
19,
13,
16,
18,
11,
33,
38,
60,
108,
134,
121,
73,
33,
22,
11,
8,
23,
25,
12,
4,
4,
10,
22,
20,
19,
26,
23,
17,
11,
12,
8,
13,
17,
12,
9,
10,
10,
13,
17,
15,
11,
6,
7,
11,
17,
15,
9,
4,
9,
12,
8,
8,
7,
9,
12,
15,
15,
9,
5,
23,
22,
10,
12,
16,
11,
2,
14,
29,
31,
31,
36,
28,
16,
21,
20,
13,
26,
20,
14,
7,
8,
10,
11,
17,
17,
10,
6,
6,
9,
12,
17,
24,
14,
9,
5,
16,
20,
11,
16,
22,
31,
20,
24,
20,
18,
35,
42,
65,
111,
140,
125,
71,
30,
19,
18,
18,
24,
22,
13,
12,
8,
10,
18,
15,
19,
31,
28,
7,
6,
7,
6,
19,
26,
15,
10,
5,
1,
4,
13,
14,
11,
8,
11,
12,
9,
12,
12,
6,
7,
10,
24,
32,
24,
18,
20,
20,
14,
9,
15,
22,
18,
14,
13,
10,
7,
7,
18,
26,
24,
24,
35,
27,
16,
25,
21,
24,
29,
15,
7,
5,
4,
5,
8,
19,
16,
6,
1,
6,
10,
11,
9,
8,
15,
11,
5,
11,
11,
10,
8,
11,
18,
7,
15,
8,
13,
30,
33,
60,
115,
148,
140,
87,
36,
23,
20,
13,
8,
7,
16,
18,
11,
10,
7,
9,
10,
17,
21,
12,
5,
6,
8,
18,
18,
12,
13,
9,
5,
4,
11,
10,
4,
4,
12,
8,
5,
9,
10,
7,
8,
13,
30,
40,
33,
25,
21,
19,
13,
11,
21,
22,
15,
12,
13,
12,
4,
26,
28,
10,
15,
21,
37,
39,
47,
42,
20,
15,
12,
11,
5,
4,
4,
5,
16,
19,
10,
5,
5,
13,
12,
4,
3,
4,
11,
13,
12,
7,
8,
17,
11,
10,
17,
7,
6,
2,
12,
27,
31,
61,
116,
150,
166,
108,
39,
22,
15,
13,
15,
14,
13,
10,
17,
17,
5,
7,
9,
12,
17,
13,
10,
12,
22,
20,
11,
8,
11,
15,
9,
4,
8,
9,
8,
14,
18,
13,
10,
10,
9,
10,
12,
20,
22,
25,
17,
16,
16,
15,
10,
9,
14,
18,
13,
8,
10,
15,
21,
48,
45,
16,
14,
34,
49,
55,
63,
41,
17,
12,
18,
23,
13,
6,
6,
10,
21,
19,
8,
7,
8,
12,
9,
7,
6,
6,
8,
9,
11,
11,
9,
8,
20,
16,
10,
16,
11,
2,
13,
29,
38,
70,
132,
170,
163,
102,
40,
26,
25,
22,
18,
14,
9,
10,
15,
13,
6,
3,
4,
7,
9,
6,
11,
14,
20,
13,
6,
8,
9,
11,
9,
8,
5,
11,
7,
14,
19,
14,
13,
28,
26,
19,
12,
35,
34,
21,
6,
3,
15,
22,
18,
9,
11,
11,
7,
11,
14,
21,
34,
40,
33,
12,
27,
33,
37,
46,
53,
33,
26,
23,
27,
24,
13,
8,
12,
12,
7,
12,
10,
9,
10,
12,
9,
10,
8,
7,
8,
8,
9,
12,
14,
13,
19,
13,
6,
22,
15,
5,
16,
34,
44,
76,
140,
179,
153,
92,
41,
24,
24,
21,
15,
14,
9,
9,
12,
3,
7,
10,
8,
7,
6,
5,
7,
2,
9,
7,
12,
17,
19,
13,
15,
14,
15,
20,
10,
9,
21,
17,
19,
29,
32,
27,
8,
35,
34,
26,
20,
13,
24,
35,
23,
6,
15,
9,
11,
23,
14,
20,
32,
21,
17,
18,
24,
23,
28,
38,
57,
61,
53,
45,
35,
23,
11,
13,
17,
12,
6,
9,
10,
7,
10,
16,
19,
19,
10,
4,
6,
10,
9,
8,
11,
11,
7,
12,
5,
13,
9,
4,
9,
39,
60,
85,
141,
178,
159,
98,
42,
13,
6,
12,
15,
17,
14,
5,
5,
6,
6,
16,
18,
10,
4,
8,
7,
7,
5,
5,
7,
15,
14,
9,
9,
8,
18,
24,
16,
15,
23,
25,
24,
29,
36,
34,
22,
28,
27,
30,
27,
19,
25,
32,
21,
13,
15,
16,
20,
26,
10,
21,
25,
11,
18,
16,
12,
24,
32,
48,
69,
74,
78,
83,
56,
25,
17,
21,
24,
18,
9,
5,
9,
11,
14,
20,
24,
17,
7,
2,
7,
11,
15,
14,
13,
7,
8,
11,
9,
13,
8,
8,
26,
45,
56,
84,
139,
174,
173,
112,
48,
26,
20,
13,
15,
7,
16,
11,
4,
12,
18,
20,
18,
11,
5,
7,
9,
12,
7,
11,
6,
10,
8,
9,
8,
8,
10,
8,
19,
9,
24,
27,
21,
29,
47,
47,
36,
33,
27,
35,
33,
17,
14,
10,
7,
11,
15,
14,
11,
19,
24,
26,
24,
13,
16,
17,
16,
18,
25,
40,
55,
71,
97,
105,
66,
24,
22,
26,
22,
16,
12,
13,
14,
16,
15,
16,
20,
13,
8,
2,
5,
12,
20,
15,
4,
6,
13,
9,
10,
7,
13,
23,
42,
47,
42,
82,
149,
192,
174,
110,
50,
35,
32,
13,
8,
8,
21,
13,
5,
10,
14,
18,
14,
12,
7,
3,
5,
11,
8,
18,
13,
14,
11,
4,
8,
7,
7,
7,
14,
7,
16,
13,
29,
31,
40,
58,
56,
39,
28,
36,
31,
10,
13,
12,
5,
10,
13,
2,
11,
27,
44,
28,
15,
15,
10,
16,
15,
21,
31,
33,
48,
77,
104,
101,
59,
22,
34,
31,
19,
9,
9,
13,
21,
21,
8,
6,
8,
8,
7,
5,
7,
15,
15,
10,
7,
9,
17,
9,
8,
10,
17,
31,
47,
49,
54,
96,
158,
202,
167,
103,
48,
28,
22,
11,
6,
7,
12,
9,
7,
12,
6,
15,
8,
9,
4,
4,
10,
12,
15,
22,
20,
15,
11,
6,
11,
13,
11,
10,
16,
15,
17,
30,
57,
65,
60,
71,
77,
60,
40,
38,
31,
16,
14,
14,
6,
4,
5,
14,
32,
47,
52,
28,
20,
21,
10,
17,
26,
44,
42,
32,
41,
64,
83,
94,
71,
52,
54,
36,
16,
8,
13,
17,
23,
20,
11,
6,
4,
5,
6,
7,
5,
11,
13,
10,
15,
16,
15,
4,
6,
11,
16,
16,
28,
40,
55,
86,
150,
187,
162,
101,
45,
24,
20,
17,
10,
6,
7,
11,
16,
20,
11,
13,
9,
10,
6,
4,
11,
9,
5,
14,
25,
22,
15,
12,
11,
13,
12,
15,
24,
24,
23,
33,
53,
69,
63,
61,
65,
61,
45,
28,
22,
26,
18,
12,
4,
8,
3,
18,
50,
79,
59,
33,
25,
15,
14,
16,
28,
32,
19,
24,
31,
55,
69,
78,
80,
81,
67,
39,
23,
16,
14,
14,
19,
11,
13,
8,
5,
6,
7,
12,
10,
6,
5,
6,
16,
18,
22,
16,
9,
2,
8,
9,
7,
28,
45,
78,
137,
173,
167,
106,
47,
31,
20,
8,
16,
11,
8,
19,
27,
28,
13,
12,
12,
11,
11,
10,
9,
2,
5,
9,
17,
19,
13,
9,
8,
9,
9,
13,
23,
28,
28,
37,
55,
81,
74,
55,
54,
49,
36,
22,
21,
25,
25,
24,
13,
8,
7,
14,
41,
55,
42,
35,
25,
20,
22,
21,
35,
26,
17,
22,
40,
64,
69,
70,
83,
89,
67,
47,
30,
18,
10,
20,
21,
6,
11,
10,
9,
10,
8,
12,
15,
11,
7,
11,
14,
14,
23,
20,
14,
7,
7,
13,
6,
28,
56,
96,
146,
180,
179,
111,
52,
26,
16,
10,
17,
17,
13,
20,
23,
25,
16,
5,
14,
15,
12,
7,
8,
6,
9,
5,
6,
5,
7,
11,
13,
16,
11,
14,
18,
28,
39,
63,
88,
105,
91,
61,
51,
43,
36,
23,
25,
31,
39,
38,
26,
15,
3,
9,
24,
30,
30,
28,
13,
13,
23,
29,
37,
32,
32,
34,
46,
59,
62,
65,
78,
89,
74,
58,
34,
19,
10,
24,
25,
16,
14,
10,
11,
16,
13,
12,
17,
21,
13,
11,
9,
9,
5,
7,
8,
8,
6,
10,
5,
27,
57,
102,
166,
202,
173,
104,
48,
29,
19,
12,
15,
27,
22,
18,
19,
26,
19,
9,
15,
17,
13,
11,
10,
3,
7,
8,
6,
4,
7,
12,
18,
20,
13,
11,
14,
27,
48,
90,
105,
110,
90,
58,
45,
43,
37,
41,
67,
78,
78,
63,
39,
32,
24,
14,
14,
21,
20,
18,
16,
24,
38,
39,
44,
51,
57,
46,
38,
41,
53,
59,
57,
59,
64,
49,
30,
17,
10,
15,
9,
16,
14,
6,
8,
12,
9,
7,
12,
17,
6,
4,
8,
13,
14,
12,
12,
17,
13,
10,
10,
28,
40,
80,
155,
199,
159,
91,
42,
36,
24,
22,
25,
21,
16,
12,
9,
25,
24,
20,
19,
20,
15,
18,
13,
6,
2,
9,
7,
9,
11,
11,
11,
16,
14,
6,
9,
14,
28,
47,
66,
84,
77,
52,
37,
31,
35,
73,
114,
126,
125,
109,
66,
48,
41,
21,
14,
12,
9,
17,
32,
47,
64,
68,
94,
106,
93,
64,
52,
43,
49,
56,
54,
57,
59,
45,
34,
18,
8,
13,
12,
16,
13,
10,
11,
5,
5,
4,
2,
15,
14,
10,
14,
14,
12,
8,
10,
13,
18,
15,
12,
35,
46,
76,
137,
180,
161,
97,
43,
40,
31,
22,
21,
4,
6,
8,
9,
14,
30,
30,
18,
14,
9,
12,
9,
8,
3,
3,
3,
12,
14,
7,
2,
8,
9,
3,
12,
13,
9,
19,
49,
61,
64,
55,
41,
39,
55,
111,
156,
179,
193,
162,
94,
52,
44,
37,
26,
14,
6,
17,
39,
57,
80,
121,
162,
188,
150,
84,
66,
42,
45,
54,
53,
64,
63,
50,
32,
15,
15,
18,
20,
15,
8,
6,
10,
16,
18,
19,
17,
21,
21,
15,
15,
9,
9,
11,
13,
12,
15,
16,
24,
42,
61,
88,
148,
184,
160,
95,
39,
37,
31,
18,
17,
10,
11,
12,
13,
8,
23,
22,
3,
13,
16,
14,
11,
11,
6,
9,
6,
10,
12,
7,
1,
6,
3,
4,
8,
15,
26,
45,
59,
62,
62,
62,
50,
48,
78,
145,
188,
219,
255,
210,
105,
34,
57,
57,
38,
28,
27,
34,
35,
31,
79,
157,
206,
224,
173,
110,
79,
40,
35,
45,
30,
43,
44,
32,
21,
11,
7,
16,
17,
11,
9,
7,
10,
23,
28,
32,
29,
22,
25,
19,
8,
6,
16,
12,
16,
19,
9,
12,
25,
39,
53,
89,
147,
183,
155,
91,
34,
18,
15,
10,
14,
20,
21,
14,
9,
14,
11,
10,
12,
14,
14,
14,
12,
15,
18,
11,
3,
8,
15,
14,
12,
15,
10,
8,
9,
9,
27,
47,
62,
67,
58,
49,
36,
22,
54,
119,
172,
209,
222,
181,
119,
80,
98,
95,
82,
79,
57,
58,
44,
32,
70,
124,
158,
155,
145,
122,
100,
72,
54,
55,
34,
25,
23,
17,
21,
19,
15,
18,
14,
9,
9,
8,
7,
13,
19,
26,
18,
10,
20,
14,
8,
13,
15,
14,
14,
13,
11,
14,
25,
44,
46,
74,
134,
169,
143,
87,
33,
15,
17,
10,
16,
27,
26,
19,
10,
13,
12,
12,
15,
17,
16,
12,
10,
17,
26,
18,
9,
8,
12,
13,
14,
20,
21,
21,
25,
20,
22,
35,
50,
64,
48,
27,
21,
22,
47,
94,
140,
146,
128,
105,
112,
115,
107,
114,
116,
119,
83,
71,
64,
64,
76,
89,
92,
76,
98,
99,
86,
69,
59,
63,
51,
36,
19,
16,
23,
26,
27,
21,
11,
13,
13,
8,
2,
5,
10,
12,
10,
18,
22,
14,
9,
9,
12,
16,
16,
16,
28,
26,
26,
36,
44,
69,
116,
153,
136,
84,
35,
31,
30,
11,
18,
27,
29,
20,
13,
16,
19,
18,
19,
17,
5,
12,
14,
20,
21,
12,
9,
6,
6,
4,
8,
14,
27,
26,
22,
10,
17,
16,
16,
46,
38,
19,
21,
29,
50,
90,
108,
90,
63,
63,
86,
80,
72,
90,
95,
87,
78,
60,
61,
70,
75,
59,
47,
48,
63,
69,
58,
45,
48,
51,
55,
54,
31,
21,
22,
25,
23,
19,
18,
16,
14,
12,
13,
12,
12,
7,
9,
18,
27,
23,
19,
6,
8,
15,
30,
30,
41,
30,
26,
40,
58,
75,
111,
147,
140,
90,
38,
32,
24,
14,
11,
14,
27,
21,
12,
12,
15,
18,
22,
13,
6,
11,
21,
23,
13,
10,
12,
10,
9,
6,
12,
17,
28,
25,
13,
11,
27,
19,
24,
39,
35,
22,
20,
21,
39,
61,
63,
51,
38,
41,
49,
45,
51,
62,
49,
46,
65,
56,
45,
49,
49,
40,
25,
29,
46,
43,
32,
21,
26,
33,
45,
48,
31,
25,
23,
18,
18,
24,
30,
22,
19,
20,
21,
19,
16,
17,
13,
6,
24,
26,
23,
13,
11,
17,
26,
22,
27,
26,
27,
46,
69,
86,
129,
155,
126,
75,
32,
25,
11,
16,
3,
8,
17,
18,
14,
10,
13,
11,
15,
14,
10,
10,
18,
17,
9,
7,
7,
16,
24,
18,
18,
10,
16,
14,
17,
24,
26,
17,
17,
31,
37,
27,
15,
12,
26,
31,
33,
34,
24,
16,
13,
22,
32,
29,
17,
25,
44,
52,
43,
32,
21,
21,
11,
17,
28,
20,
16,
17,
17,
20,
25,
27,
10,
21,
23,
15,
14,
19,
25,
24,
16,
15,
21,
23,
25,
21,
17,
6,
15,
16,
6,
10,
20,
26,
16,
8,
18,
24,
32,
55,
73,
77,
118,
145,
117,
67,
24,
26,
21,
23,
16,
7,
11,
13,
16,
13,
17,
12,
12,
19,
16,
5,
4,
14,
18,
7,
6,
10,
15,
15,
17,
14,
14,
5,
16,
29,
25,
15,
10,
23,
33,
22,
9,
12,
22,
21,
26,
20,
12,
15,
13,
18,
30,
27,
23,
24,
28,
47,
42,
23,
13,
3,
11,
28,
21,
6,
8,
13,
13,
8,
7,
16,
15,
20,
17,
10,
10,
14,
17,
22,
12,
10,
18,
15,
20,
20,
11,
11,
18,
23,
12,
7,
14,
18,
9,
6,
13,
24,
37,
58,
61,
47,
72,
114,
119,
71,
21,
24,
20,
21,
15,
9,
16,
10,
14,
21,
28,
20,
11,
13,
16,
11,
6,
19,
25,
12,
9,
6,
9,
14,
9,
12,
21,
18,
25,
22,
19,
15,
13,
19,
34,
27,
12,
8,
17,
19,
22,
16,
25,
27,
24,
24,
33,
24,
23,
24,
12,
31,
33,
20,
17,
14,
13,
33,
26,
11,
8,
10,
10,
7,
5,
9,
11,
10,
11,
11,
2,
7,
15,
15,
11,
13,
10,
8,
15,
12,
11,
13,
20,
25,
16,
6,
6,
7,
12,
11,
15,
22,
30,
49,
59,
46,
76,
118,
106,
62,
17,
14,
12,
9,
4,
16,
27,
16,
7,
24,
33,
20,
5,
7,
10,
8,
12,
17,
13,
11,
17,
13,
5,
15,
11,
10,
21,
14,
13,
8,
11,
14,
8,
11,
20,
17,
15,
16,
16,
14,
15,
15,
28,
22,
18,
16,
22,
20,
29,
32,
30,
29,
29,
31,
24,
25,
30,
29,
20,
10,
6,
4,
5,
3,
4,
7,
7,
8,
10,
11,
7,
13,
17,
12,
4,
7,
11,
13,
16,
11,
8,
5,
10,
11,
14,
8,
4,
5,
13,
14,
15,
19,
30,
44,
51,
40,
81,
120,
85,
48,
21,
3,
9,
9,
10,
18,
29,
25,
13,
21,
35,
29,
19,
6,
8,
12,
21,
19,
5,
7,
19,
16,
8,
9,
13,
20,
21,
9,
11,
11,
10,
10,
4,
7,
10,
11,
14,
11,
11,
12,
12,
8,
22,
13,
9,
15,
16,
20,
29,
31,
38,
31,
27,
30,
25,
29,
44,
26,
11,
4,
10,
11,
8,
8,
7,
9,
6,
7,
12,
14,
12,
14,
20,
19,
12,
6,
13,
15,
15,
11,
9,
10,
7,
15,
22,
14,
7,
7,
18,
15,
9,
20,
37,
50,
44,
24,
59,
99,
96,
63,
25,
8,
7,
7,
16,
17,
18,
22,
19,
16,
33,
33,
25,
10,
4,
6,
19,
28,
15,
8,
15,
6,
14,
6,
12,
20,
20,
13,
11,
18,
15,
6,
6,
10,
8,
11,
13,
10,
13,
14,
13,
14,
18,
13,
7,
8,
3,
14,
21,
24,
31,
30,
25,
21,
18,
19,
29,
14,
10,
14,
20,
16,
12,
11,
6,
9,
9,
11,
14,
14,
9,
4,
14,
21,
18,
8,
11,
11,
14,
9,
11,
17,
8,
12,
19,
15,
7,
5,
13,
10,
9,
25,
38,
49,
40,
21,
50,
84,
102,
68,
28,
12,
10,
11,
14,
17,
19,
20,
14,
13,
21,
25,
27,
15,
6,
6,
21,
34,
22,
13,
14,
11,
15,
16,
10,
9,
16,
21,
15,
16,
11,
6,
8,
8,
8,
15,
17,
14,
17,
16,
10,
6,
7,
7,
9,
8,
6,
11,
12,
15,
32,
27,
18,
11,
15,
22,
23,
17,
14,
18,
29,
17,
7,
9,
5,
9,
19,
20,
10,
11,
16,
19,
17,
11,
11,
10,
9,
13,
15,
14,
24,
21,
7,
9,
9,
11,
4,
12,
17,
19,
13,
28,
38,
43,
33,
15,
57,
93,
102,
70,
34,
22,
21,
14,
7,
16,
24,
22,
14,
13,
13,
19,
27,
22,
14,
12,
15,
26,
25,
18,
7,
6,
15,
17,
11,
9,
10,
15,
13,
13,
13,
20,
14,
1,
12,
13,
11,
12,
17,
18,
11,
6,
4,
3,
7,
6,
6,
10,
5,
21,
38,
22,
10,
8,
9,
20,
18,
14,
12,
20,
31,
23,
14,
12,
9,
11,
20,
18,
3,
12,
25,
34,
24,
7,
5,
10,
10,
11,
17,
26,
40,
33,
22,
18,
17,
18,
12,
17,
18,
18,
16,
31,
41,
41,
33,
5,
62,
105,
93,
60,
34,
30,
29,
14,
11,
17,
17,
16,
16,
11,
13,
18,
18,
17,
24,
17,
5,
16,
27,
21,
4,
4,
7,
14,
23,
16,
8,
10,
12,
13,
17,
24,
13,
5,
14,
9,
4,
5,
13,
15,
16,
11,
7,
10,
13,
10,
7,
15,
13,
22,
35,
20,
13,
19,
21,
16,
12,
9,
7,
14,
27,
27,
17,
12,
9,
10,
12,
7,
5,
14,
23,
27,
17,
10,
7,
9,
7,
17,
24,
23,
29,
25,
23,
20,
16,
16,
7,
8,
12,
17,
23,
36,
44,
38,
25,
11,
64,
103,
96,
63,
35,
30,
21,
9,
16,
18,
10,
9,
11,
14,
12,
13,
11,
16,
21,
21,
22,
25,
33,
23,
8,
7,
11,
9,
21,
16,
4,
9,
9,
7,
7,
19,
12,
8,
9,
8,
6,
6,
11,
9,
16,
14,
15,
21,
21,
20,
18,
16,
25,
42,
41,
21,
20,
36,
36,
13,
4,
7,
3,
12,
22,
23,
12,
12,
10,
9,
10,
8,
10,
17,
20,
21,
12,
8,
15,
14,
6,
12,
12,
9,
11,
10,
11,
7,
4,
9,
7,
8,
14,
19,
24,
30,
35,
32,
15,
25,
62,
92,
108,
77,
34,
20,
7,
10,
18,
12,
2,
7,
7,
10,
7,
21,
18,
21,
20,
21,
23,
25,
30,
20,
8,
7,
15,
15,
15,
8,
5,
8,
8,
10,
13,
15,
12,
8,
4,
11,
12,
9,
12,
7,
9,
21,
26,
26,
26,
28,
23,
8,
30,
55,
49,
29,
33,
46,
36,
14,
8,
10,
7,
5,
15,
18,
15,
22,
14,
13,
15,
12,
13,
15,
12,
18,
18,
16,
25,
20,
5,
9,
3,
10,
7,
7,
7,
5,
4,
10,
11,
7,
17,
25,
27,
24,
30,
34,
23,
36,
68,
102,
100,
76,
32,
15,
9,
19,
22,
13,
7,
9,
13,
15,
18,
21,
9,
16,
22,
22,
23,
17,
19,
13,
6,
12,
16,
18,
15,
9,
9,
11,
13,
13,
14,
10,
7,
8,
5,
9,
13,
11,
11,
8,
9,
18,
25,
26,
30,
25,
16,
12,
25,
40,
33,
25,
49,
58,
46,
24,
5,
10,
9,
8,
12,
14,
9,
11,
10,
17,
20,
17,
14,
13,
9,
12,
17,
23,
39,
35,
25,
19,
18,
21,
19,
19,
20,
11,
7,
6,
10,
9,
18,
33,
40,
41,
39,
29,
20,
28,
62,
94,
80,
52,
21,
7,
11,
19,
18,
15,
9,
5,
11,
19,
26,
22,
17,
24,
33,
29,
26,
16,
15,
8,
16,
21,
21,
17,
16,
16,
16,
17,
21,
20,
17,
19,
19,
21,
18,
13,
12,
8,
10,
12,
4,
13,
15,
22,
28,
24,
16,
15,
21,
28,
25,
22,
40,
44,
38,
26,
15,
8,
4,
10,
11,
8,
8,
3,
14,
27,
21,
15,
11,
8,
11,
9,
9,
17,
30,
34,
31,
25,
25,
21,
17,
22,
27,
20,
15,
6,
10,
16,
17,
30,
37,
36,
40,
31,
23,
29,
67,
90,
65,
29,
11,
6,
12,
16,
11,
11,
6,
3,
4,
9,
21,
24,
30,
30,
32,
31,
31,
23,
14,
12,
21,
23,
20,
7,
13,
15,
12,
21,
35,
35,
26,
19,
28,
37,
29,
8,
16,
24,
17,
17,
19,
21,
13,
17,
23,
24,
17,
19,
25,
27,
26,
34,
28,
18,
23,
23,
19,
13,
13,
14,
22,
19,
15,
16,
22,
26,
25,
19,
12,
10,
10,
10,
12,
15,
16,
25,
31,
31,
21,
14,
6,
14,
20,
21,
22,
10,
12,
18,
19,
21,
30,
38,
38,
28,
30,
46,
69,
83,
67,
42,
16,
11,
9,
9,
5,
10,
5,
4,
4,
7,
17,
30,
30,
28,
29,
30,
38,
28,
16,
9,
14,
13,
14,
13,
15,
22,
21,
39,
66,
70,
58,
28,
33,
45,
42,
28,
30,
37,
22,
19,
34,
35,
24,
30,
36,
27,
19,
25,
32,
19,
20,
33,
21,
15,
33,
35,
23,
17,
20,
25,
34,
28,
15,
30,
31,
20,
39,
40,
26,
19,
10,
15,
16,
16,
27,
27,
26,
28,
17,
12,
9,
9,
10,
12,
14,
11,
21,
29,
25,
15,
25,
43,
42,
31,
34,
49,
62,
73,
67,
40,
19,
10,
2,
9,
10,
7,
11,
8,
5,
13,
13,
19,
17,
24,
32,
35,
29,
12,
16,
12,
12,
5,
12,
12,
18,
33,
37,
58,
92,
108,
78,
45,
39,
50,
54,
41,
34,
49,
45,
31,
32,
40,
41,
46,
52,
42,
34,
36,
39,
29,
28,
35,
30,
33,
52,
52,
38,
29,
36,
42,
41,
33,
28,
40,
43,
41,
46,
51,
57,
36,
15,
13,
8,
11,
20,
19,
17,
20,
12,
10,
8,
11,
9,
7,
11,
16,
28,
40,
31,
14,
22,
42,
50,
44,
30,
34,
62,
79,
57,
27,
10,
5,
7,
13,
14,
3,
1,
5,
5,
11,
8,
16,
16,
24,
31,
38,
30,
20,
15,
16,
14,
8,
16,
11,
15,
28,
41,
70,
102,
142,
94,
56,
43,
49,
48,
43,
46,
56,
50,
21,
15,
43,
50,
50,
56,
62,
52,
38,
37,
43,
45,
37,
37,
46,
52,
40,
29,
34,
52,
59,
46,
32,
34,
49,
51,
54,
47,
55,
77,
48,
12,
2,
4,
13,
9,
11,
23,
29,
25,
12,
7,
12,
14,
6,
16,
28,
27,
30,
27,
23,
30,
46,
53,
45,
33,
33,
65,
77,
45,
24,
9,
4,
10,
13,
9,
8,
12,
9,
8,
15,
12,
15,
12,
22,
23,
21,
21,
25,
17,
14,
17,
15,
17,
15,
24,
27,
27,
57,
67,
91,
76,
60,
51,
39,
42,
52,
45,
42,
36,
15,
12,
30,
42,
51,
54,
63,
51,
37,
35,
46,
42,
32,
32,
40,
43,
24,
14,
26,
48,
52,
38,
32,
35,
50,
53,
49,
43,
50,
57,
41,
25,
5,
9,
7,
4,
6,
19,
33,
28,
15,
7,
5,
9,
4,
16,
32,
33,
23,
17,
21,
30,
40,
45,
43,
47,
55,
58,
52,
39,
24,
8,
7,
5,
8,
9,
10,
12,
14,
15,
18,
7,
14,
12,
7,
14,
8,
13,
14,
13,
15,
10,
12,
11,
7,
20,
34,
32,
42,
32,
29,
38,
50,
40,
25,
35,
48,
32,
24,
30,
16,
7,
19,
29,
38,
37,
37,
39,
41,
40,
30,
18,
24,
23,
25,
19,
6,
11,
25,
34,
28,
29,
32,
37,
32,
36,
39,
37,
33,
18,
24,
24,
13,
17,
16,
10,
10,
13,
22,
23,
13,
9,
8,
9,
13,
14,
17,
27,
23,
23,
20,
26,
34,
39,
40,
49,
57,
53,
43,
42,
25,
16,
16,
10,
7,
9,
7,
10,
16,
10,
9,
9,
17,
20,
17,
23,
24,
15,
14,
14,
16,
16,
21,
11,
6,
17,
29,
33,
48,
36,
10,
25,
30,
23,
27,
32,
33,
25,
18,
21,
15,
5,
11,
17,
23,
13,
10,
22,
28,
28,
19,
14,
23,
15,
18,
16,
17,
19,
31,
30,
18,
19,
21,
21,
18,
23,
29,
24,
16,
12,
15,
17,
20,
17,
18,
14,
10,
8,
21,
32,
21,
14,
11,
13,
18,
17,
17,
25,
22,
25,
22,
21,
28,
35,
35,
42,
49,
48,
46,
53,
47,
44,
28,
18,
11,
6,
6,
14,
20,
10,
9,
9,
15,
17,
18,
27,
28,
21,
21,
17,
18,
24,
26,
15,
5,
17,
17,
23,
51,
52,
42,
31,
12,
20,
32,
34,
26,
26,
24,
15,
13,
10,
11,
18,
17,
16,
15,
25,
25,
9,
18,
33,
43,
26,
12,
12,
10,
10,
20,
19,
22,
28,
17,
12,
16,
29,
27,
11,
10,
18,
11,
15,
5,
5,
13,
9,
13,
12,
14,
30,
20,
17,
12,
11,
15,
19,
23,
23,
20,
22,
23,
21,
17,
21,
26,
28,
34,
37,
44,
54,
57,
52,
30,
18,
17,
17,
17,
20,
26,
20,
20,
16,
14,
12,
18,
26,
32,
40,
44,
43,
31,
30,
26,
12,
8,
14,
8,
16,
39,
48,
57,
39,
9,
20,
31,
27,
7,
16,
19,
10,
7,
12,
15,
14,
15,
32,
39,
26,
19,
22,
25,
35,
38,
34,
26,
14,
7,
5,
13,
5,
16,
25,
19,
14,
15,
29,
26,
16,
23,
25,
14,
13,
13,
13,
16,
13,
15,
18,
18,
37,
17,
8,
6,
12,
15,
20,
23,
20,
21,
24,
26,
23,
25,
21,
24,
24,
24,
26,
38,
41,
49,
39,
24,
18,
20,
29,
30,
22,
26,
23,
25,
20,
14,
15,
20,
29,
37,
46,
46,
47,
34,
26,
22,
17,
12,
13,
11,
9,
24,
25,
29,
23,
13,
22,
31,
25,
5,
9,
9,
13,
15,
17,
16,
7,
14,
34,
37,
19,
7,
26,
36,
33,
28,
36,
30,
16,
4,
1,
6,
4,
9,
18,
17,
7,
7,
16,
16,
8,
10,
16,
12,
13,
22,
19,
13,
15,
8,
35,
42,
29,
19,
13,
13,
14,
28,
35,
29,
24,
29,
29,
27,
23,
27,
25,
24,
23,
15,
12,
23,
26,
34,
33,
23,
15,
19,
28,
17,
12,
19,
19,
22,
17,
13,
13,
16,
27,
42,
41,
38,
34,
23,
14,
13,
14,
26,
24,
21,
13,
15,
11,
10,
10,
8,
19,
26,
23,
14,
13,
12,
17,
20,
26,
18,
5,
21,
24,
16,
12,
11,
24,
36,
27,
18,
19,
19,
20,
14,
8,
11,
12,
15,
19,
17,
10,
11,
16,
18,
16,
10,
7,
8,
9,
16,
17,
5,
13,
21,
43,
41,
15,
20,
18,
16,
14,
33,
39,
29,
26,
43,
50,
40,
36,
30,
19,
14,
9,
7,
7,
12,
19,
30,
35,
33,
22,
29,
33,
26,
24,
10,
13,
18,
12,
11,
15,
14,
15,
23,
22,
33,
29,
11,
14,
22,
26,
32,
34,
20,
11,
12,
7,
6,
6,
9,
21,
26,
18,
11,
11,
14,
15,
18,
25,
19,
18,
25,
22,
16,
11,
7,
12,
21,
18,
11,
5,
9,
17,
19,
15,
18,
19,
22,
16,
15,
14,
15,
17,
18,
17,
10,
4,
13,
14,
9,
12,
16,
13,
14,
27,
35,
19,
10,
9,
14,
17,
24,
16,
19,
30,
40,
52,
47,
37,
29,
20,
14,
13,
13,
10,
8,
16,
25,
39,
50,
47,
54,
48,
32,
25,
11,
10,
17,
19,
21,
16,
3,
5,
9,
18,
26,
24,
14,
19,
17,
23,
32,
34,
29,
27,
13,
9,
13,
10,
13,
21,
21,
14,
18,
20,
19,
19,
19,
19,
17,
16,
21,
26,
27,
24,
21,
15,
17,
21,
20,
21,
20,
17,
18,
14,
10,
18,
20,
16,
15,
22,
20,
13,
14,
13,
9,
9,
18,
21,
26,
26,
24,
12,
9,
24,
28,
12,
2,
4,
3,
9,
11,
4,
25,
44,
44,
47,
51,
44,
30,
24,
16,
18,
17,
12,
8,
15,
21,
33,
43,
49,
56,
51,
33,
21,
11,
11,
16,
21,
26,
16,
10,
8,
11,
16,
22,
30,
28,
17,
7,
18,
29,
24,
21,
19,
8,
10,
17,
11,
27,
31,
16,
16,
22,
26,
23,
17,
15,
11,
9,
16,
26,
32,
32,
23,
25,
27,
19,
21,
30,
32,
26,
20,
23,
24,
15,
22,
24,
16,
13,
21,
20,
18,
19,
13,
12,
17,
14,
15,
24,
28,
23,
16,
12,
17,
13,
4,
9,
12,
7,
14,
18,
23,
42,
70,
59,
39,
36,
33,
19,
15,
11,
13,
13,
13,
12,
11,
15,
22,
31,
44,
50,
53,
39,
22,
13,
16,
11,
20,
26,
14,
9,
14,
10,
8,
23,
35,
34,
22,
18,
17,
16,
13,
14,
16,
16,
16,
23,
26,
37,
35,
17,
16,
19,
16,
14,
16,
8,
8,
8,
16,
22,
26,
29,
26,
25,
28,
16,
17,
35,
41,
19,
17,
29,
27,
14,
26,
25,
14,
6,
9,
11,
16,
18,
10,
12,
16,
12,
18,
19,
18,
25,
34,
34,
24,
12,
8,
20,
26,
20,
22,
36,
50,
55,
83,
65,
33,
19,
14,
6,
5,
6,
5,
9,
10,
10,
7,
9,
15,
24,
35,
46,
61,
49,
29,
22,
19,
11,
31,
28,
12,
8,
11,
10,
2,
20,
35,
38,
25,
14,
8,
8,
12,
13,
17,
26,
22,
24,
26,
20,
19,
24,
20,
21,
14,
4,
16,
18,
14,
3,
11,
12,
13,
25,
25,
14,
11,
12,
19,
35,
42,
21,
23,
40,
34,
22,
23,
21,
17,
12,
9,
9,
10,
13,
5,
12,
17,
11,
15,
18,
12,
8,
26,
47,
47,
31,
15,
19,
26,
33,
30,
55,
91,
94,
96,
69,
40,
21,
9,
7,
7,
4,
3,
7,
9,
10,
9,
5,
10,
17,
26,
40,
54,
45,
27,
22,
23,
22,
28,
17,
4,
9,
10,
13,
5,
17,
37,
43,
28,
14,
8,
11,
13,
15,
20,
34,
27,
19,
20,
9,
9,
17,
15,
21,
17,
8,
9,
22,
21,
11,
17,
13,
7,
20,
19,
9,
4,
12,
22,
31,
37,
34,
35,
33,
21,
19,
24,
21,
11,
16,
18,
16,
11,
10,
7,
14,
16,
6,
10,
18,
23,
31,
36,
54,
53,
34,
21,
19,
30,
43,
40,
70,
102,
104,
83,
55,
38,
23,
8,
6,
13,
9,
6,
5,
9,
12,
17,
9,
9,
14,
22,
30,
31,
26,
16,
9,
27,
25,
13,
3,
15,
18,
15,
16,
12,
19,
31,
31,
24,
10,
18,
28,
19,
11,
15,
29,
20,
13,
21,
10,
9,
13,
11,
17,
16,
12,
19,
30,
23,
2,
14,
12,
14,
27,
29,
22,
18,
14,
19,
26,
29,
33,
37,
24,
5,
10,
15,
19,
13,
14,
17,
18,
9,
10,
15,
19,
21,
21,
18,
15,
28,
48,
48,
36,
39,
30,
20,
23,
37,
44,
52,
80,
84,
84,
65,
47,
37,
26,
11,
5,
14,
13,
10,
9,
11,
17,
20,
17,
15,
12,
16,
23,
26,
32,
24,
20,
36,
28,
19,
19,
30,
32,
20,
13,
13,
16,
20,
15,
18,
21,
27,
28,
18,
9,
8,
13,
7,
21,
33,
32,
16,
9,
11,
11,
9,
5,
22,
34,
24,
7,
7,
8,
20,
33,
35,
32,
30,
22,
16,
7,
14,
19,
17,
8,
7,
5,
16,
21,
14,
7,
4,
8,
5,
9,
15,
19,
23,
31,
29,
20,
28,
44,
51,
30,
22,
21,
19,
31,
47,
55,
68,
89,
74,
58,
42,
32,
26,
18,
7,
4,
10,
12,
12,
8,
11,
20,
22,
22,
16,
11,
15,
21,
24,
29,
44,
48,
45,
39,
35,
34,
39,
37,
23,
11,
11,
15,
22,
25,
27,
28,
31,
27,
16,
9,
13,
12,
11,
27,
34,
32,
18,
3,
5,
5,
8,
8,
16,
26,
17,
7,
7,
15,
20,
14,
26,
46,
38,
26,
20,
8,
11,
13,
8,
6,
5,
7,
16,
16,
11,
4,
11,
12,
7,
9,
12,
9,
12,
23,
33,
33,
35,
49,
44,
30,
15,
9,
21,
32,
48,
61,
59,
68,
62,
45,
27,
12,
11,
10,
8,
9,
6,
9,
10,
5,
12,
22,
32,
25,
13,
12,
15,
20,
25,
33,
55,
65,
53,
45,
39,
35,
42,
29,
13,
10,
15,
21,
22,
25,
28,
29,
37,
39,
19,
7,
19,
17,
15,
25,
27,
12,
19,
13,
2,
12,
19,
16,
17,
23,
14,
10,
9,
23,
30,
11,
26,
45,
35,
22,
14,
11,
11,
10,
10,
9,
10,
19,
14,
12,
11,
3,
16,
18,
9,
13,
15,
6,
13,
23,
38,
54,
53,
50,
40,
30,
17,
17,
23,
21,
42,
71,
52,
40,
41,
33,
21,
13,
9,
9,
9,
8,
2,
6,
6,
5,
13,
25,
38,
30,
12,
16,
26,
31,
28,
29,
47,
61,
54,
39,
33,
33,
41,
26,
11,
13,
21,
30,
30,
30,
29,
25,
27,
32,
21,
11,
26,
20,
12,
19,
16,
7,
22,
16,
5,
14,
21,
19,
14,
9,
5,
19,
33,
36,
27,
27,
35,
34,
31,
19,
9,
9,
17,
20,
21,
18,
18,
20,
24,
22,
14,
5,
12,
24,
29,
28,
28,
12,
17,
29,
37,
56,
59,
48,
35,
23,
16,
32,
35,
34,
52,
70,
50,
40,
42,
36,
26,
20,
15,
13,
10,
7,
2,
2,
4,
6,
13,
27,
39,
33,
8,
20,
35,
41,
33,
20,
40,
49,
47,
33,
32,
39,
45,
27,
18,
21,
28,
35,
37,
35,
30,
18,
26,
28,
18,
22,
32,
23,
11,
13,
8,
11,
12,
8,
12,
11,
13,
18,
18,
13,
3,
29,
45,
41,
25,
23,
35,
30,
26,
18,
9,
9,
22,
28,
24,
21,
21,
19,
24,
16,
7,
9,
11,
27,
38,
29,
23,
16,
14,
15,
27,
37,
48,
42,
30,
19,
18,
43,
45,
44,
55,
46,
32,
35,
42,
40,
32,
26,
21,
17,
13,
8,
6,
6,
7,
8,
12,
24,
40,
43,
34,
40,
51,
56,
51,
46,
53,
54,
48,
30,
20,
26,
38,
31,
22,
25,
30,
37,
39,
39,
36,
32,
41,
41,
27,
36,
35,
21,
16,
13,
13,
6,
8,
14,
22,
14,
15,
27,
26,
26,
18,
32,
47,
50,
45,
30,
28,
30,
27,
26,
28,
28,
31,
35,
36,
35,
34,
32,
30,
23,
24,
21,
13,
27,
39,
27,
25,
31,
20,
14,
14,
17,
42,
47,
45,
39,
47,
63,
56,
49,
57,
35,
28,
37,
47,
49,
46,
43,
38,
32,
24,
18,
12,
11,
11,
12,
14,
21,
35,
69,
101,
110,
103,
97,
110,
131,
117,
79,
45,
25,
15,
17,
27,
31,
32,
41,
54,
62,
61,
64,
58,
56,
90,
104,
78,
63,
31,
22,
18,
9,
15,
9,
5,
12,
21,
22,
21,
30,
56,
57,
51,
74,
89,
97,
95,
69,
48,
56,
53,
51,
69,
54,
44,
70,
89,
80,
65,
58,
67,
57,
47,
40,
30,
34,
40,
43,
52,
67,
66,
41,
36,
45,
46,
51,
56,
63,
84,
101,
90,
67,
78,
105,
95,
85,
90,
93,
96,
96,
92,
82,
65,
44,
25,
15,
14,
18,
25,
35,
64,
110,
143,
157,
152,
147,
162,
182,
156,
101,
50,
25,
23,
16,
23,
36,
42,
53,
72,
85,
86,
94,
97,
99,
129,
146,
118,
88,
48,
41,
29,
16,
21,
15,
12,
18,
26,
31,
33,
45,
79,
90,
85,
112,
130,
138,
129,
100,
79,
88,
81,
76,
89,
81,
76,
102,
126,
121,
105,
89,
93,
87,
80,
64,
40,
35,
33,
41,
60,
86,
82,
46,
53,
51,
31,
37,
49,
55,
91,
113,
101,
70,
82,
141,
141,
135,
139,
139,
139,
138,
135,
124,
96,
59,
29,
17,
17,
24,
41,
57,

