     1     1    10    10
     1     7    10    10
     1    13    10    10
     1    19    10    10
     1    25    10    10
     1    31    10    10
     1    37    10    10
     7     1    10    10
     7     7    10    10
     7    13    10    10
     7    19    10    10
     7    25    10    10
     7    31    10    10
     7    37    10    10
    13     1    10    10
    13     7    10    10
    13    13    10    10
    13    19    10    10
    13    25    10    10
    13    31    10    10
    13    37    10    10
    19     1    10    10
    19     7    10    10
    19    13    10    10
    19    19    10    10
    19    25    10    10
    19    31    10    10
    19    37    10    10
    25     1    10    10
    25     7    10    10
    25    13    10    10
    25    19    10    10
    25    25    10    10
    25    31    10    10
    25    37    10    10
    31     1    10    10
    31     7    10    10
    31    13    10    10
    31    19    10    10
    31    25    10    10
    31    31    10    10
    31    37    10    10
    37     1    10    10
    37     7    10    10
    37    13    10    10
    37    19    10    10
    37    25    10    10
    37    31    10    10
    37    37    10    10
    43     1    10    10
    43     7    10    10
    43    13    10    10
    43    19    10    10
    43    25    10    10
    43    31    10    10
    43    37    10    10
    49     1    10    10
    49     7    10    10
    49    13    10    10
    49    19    10    10
    49    25    10    10
    49    31    10    10
    49    37    10    10
    55     1    10    10
    55     7    10    10
    55    13    10    10
    55    19    10    10
    55    25    10    10
    55    31    10    10
    55    37    10    10
    61     1    10    10
    61     7    10    10
    61    13    10    10
    61    19    10    10
    61    25    10    10
    61    31    10    10
    61    37    10    10
    67     1    10    10
    67     7    10    10
    67    13    10    10
    67    19    10    10
    67    25    10    10
    67    31    10    10
    67    37    10    10
    73     1    10    10
    73     7    10    10
    73    13    10    10
    73    19    10    10
    73    25    10    10
    73    31    10    10
    73    37    10    10
    79     1    10    10
    79     7    10    10
    79    13    10    10
    79    19    10    10
    79    25    10    10
    79    31    10    10
    79    37    10    10
    85     1    10    10
    85     7    10    10
    85    13    10    10
    85    19    10    10
    85    25    10    10
    85    31    10    10
    85    37    10    10
     1     1    10    20
     1     7    10    20
     1    13    10    20
     1    19    10    20
     1    25    10    20
     7     1    10    20
     7     7    10    20
     7    13    10    20
     7    19    10    20
     7    25    10    20
    13     1    10    20
    13     7    10    20
    13    13    10    20
    13    19    10    20
    13    25    10    20
    19     1    10    20
    19     7    10    20
    19    13    10    20
    19    19    10    20
    19    25    10    20
    25     1    10    20
    25     7    10    20
    25    13    10    20
    25    19    10    20
    25    25    10    20
    31     1    10    20
    31     7    10    20
    31    13    10    20
    31    19    10    20
    31    25    10    20
    37     1    10    20
    37     7    10    20
    37    13    10    20
    37    19    10    20
    37    25    10    20
    43     1    10    20
    43     7    10    20
    43    13    10    20
    43    19    10    20
    43    25    10    20
    49     1    10    20
    49     7    10    20
    49    13    10    20
    49    19    10    20
    49    25    10    20
    55     1    10    20
    55     7    10    20
    55    13    10    20
    55    19    10    20
    55    25    10    20
    61     1    10    20
    61     7    10    20
    61    13    10    20
    61    19    10    20
    61    25    10    20
    67     1    10    20
    67     7    10    20
    67    13    10    20
    67    19    10    20
    67    25    10    20
    73     1    10    20
    73     7    10    20
    73    13    10    20
    73    19    10    20
    73    25    10    20
    79     1    10    20
    79     7    10    20
    79    13    10    20
    79    19    10    20
    79    25    10    20
    85     1    10    20
    85     7    10    20
    85    13    10    20
    85    19    10    20
    85    25    10    20
     1     1    10    30
     1     7    10    30
     1    13    10    30
     1    19    10    30
     7     1    10    30
     7     7    10    30
     7    13    10    30
     7    19    10    30
    13     1    10    30
    13     7    10    30
    13    13    10    30
    13    19    10    30
    19     1    10    30
    19     7    10    30
    19    13    10    30
    19    19    10    30
    25     1    10    30
    25     7    10    30
    25    13    10    30
    25    19    10    30
    31     1    10    30
    31     7    10    30
    31    13    10    30
    31    19    10    30
    37     1    10    30
    37     7    10    30
    37    13    10    30
    37    19    10    30
    43     1    10    30
    43     7    10    30
    43    13    10    30
    43    19    10    30
    49     1    10    30
    49     7    10    30
    49    13    10    30
    49    19    10    30
    55     1    10    30
    55     7    10    30
    55    13    10    30
    55    19    10    30
    61     1    10    30
    61     7    10    30
    61    13    10    30
    61    19    10    30
    67     1    10    30
    67     7    10    30
    67    13    10    30
    67    19    10    30
    73     1    10    30
    73     7    10    30
    73    13    10    30
    73    19    10    30
    79     1    10    30
    79     7    10    30
    79    13    10    30
    79    19    10    30
    85     1    10    30
    85     7    10    30
    85    13    10    30
    85    19    10    30
     1     1    20    10
     1     7    20    10
     1    13    20    10
     1    19    20    10
     1    25    20    10
     1    31    20    10
     1    37    20    10
     7     1    20    10
     7     7    20    10
     7    13    20    10
     7    19    20    10
     7    25    20    10
     7    31    20    10
     7    37    20    10
    13     1    20    10
    13     7    20    10
    13    13    20    10
    13    19    20    10
    13    25    20    10
    13    31    20    10
    13    37    20    10
    19     1    20    10
    19     7    20    10
    19    13    20    10
    19    19    20    10
    19    25    20    10
    19    31    20    10
    19    37    20    10
    25     1    20    10
    25     7    20    10
    25    13    20    10
    25    19    20    10
    25    25    20    10
    25    31    20    10
    25    37    20    10
    31     1    20    10
    31     7    20    10
    31    13    20    10
    31    19    20    10
    31    25    20    10
    31    31    20    10
    31    37    20    10
    37     1    20    10
    37     7    20    10
    37    13    20    10
    37    19    20    10
    37    25    20    10
    37    31    20    10
    37    37    20    10
    43     1    20    10
    43     7    20    10
    43    13    20    10
    43    19    20    10
    43    25    20    10
    43    31    20    10
    43    37    20    10
    49     1    20    10
    49     7    20    10
    49    13    20    10
    49    19    20    10
    49    25    20    10
    49    31    20    10
    49    37    20    10
    55     1    20    10
    55     7    20    10
    55    13    20    10
    55    19    20    10
    55    25    20    10
    55    31    20    10
    55    37    20    10
    61     1    20    10
    61     7    20    10
    61    13    20    10
    61    19    20    10
    61    25    20    10
    61    31    20    10
    61    37    20    10
    67     1    20    10
    67     7    20    10
    67    13    20    10
    67    19    20    10
    67    25    20    10
    67    31    20    10
    67    37    20    10
    73     1    20    10
    73     7    20    10
    73    13    20    10
    73    19    20    10
    73    25    20    10
    73    31    20    10
    73    37    20    10
    79     1    20    10
    79     7    20    10
    79    13    20    10
    79    19    20    10
    79    25    20    10
    79    31    20    10
    79    37    20    10
     1     1    20    20
     1     7    20    20
     1    13    20    20
     1    19    20    20
     1    25    20    20
     7     1    20    20
     7     7    20    20
     7    13    20    20
     7    19    20    20
     7    25    20    20
    13     1    20    20
    13     7    20    20
    13    13    20    20
    13    19    20    20
    13    25    20    20
    19     1    20    20
    19     7    20    20
    19    13    20    20
    19    19    20    20
    19    25    20    20
    25     1    20    20
    25     7    20    20
    25    13    20    20
    25    19    20    20
    25    25    20    20
    31     1    20    20
    31     7    20    20
    31    13    20    20
    31    19    20    20
    31    25    20    20
    37     1    20    20
    37     7    20    20
    37    13    20    20
    37    19    20    20
    37    25    20    20
    43     1    20    20
    43     7    20    20
    43    13    20    20
    43    19    20    20
    43    25    20    20
    49     1    20    20
    49     7    20    20
    49    13    20    20
    49    19    20    20
    49    25    20    20
    55     1    20    20
    55     7    20    20
    55    13    20    20
    55    19    20    20
    55    25    20    20
    61     1    20    20
    61     7    20    20
    61    13    20    20
    61    19    20    20
    61    25    20    20
    67     1    20    20
    67     7    20    20
    67    13    20    20
    67    19    20    20
    67    25    20    20
    73     1    20    20
    73     7    20    20
    73    13    20    20
    73    19    20    20
    73    25    20    20
    79     1    20    20
    79     7    20    20
    79    13    20    20
    79    19    20    20
    79    25    20    20
     1     1    20    30
     1     7    20    30
     1    13    20    30
     1    19    20    30
     7     1    20    30
     7     7    20    30
     7    13    20    30
     7    19    20    30
    13     1    20    30
    13     7    20    30
    13    13    20    30
    13    19    20    30
    19     1    20    30
    19     7    20    30
    19    13    20    30
    19    19    20    30
    25     1    20    30
    25     7    20    30
    25    13    20    30
    25    19    20    30
    31     1    20    30
    31     7    20    30
    31    13    20    30
    31    19    20    30
    37     1    20    30
    37     7    20    30
    37    13    20    30
    37    19    20    30
    43     1    20    30
    43     7    20    30
    43    13    20    30
    43    19    20    30
    49     1    20    30
    49     7    20    30
    49    13    20    30
    49    19    20    30
    55     1    20    30
    55     7    20    30
    55    13    20    30
    55    19    20    30
    61     1    20    30
    61     7    20    30
    61    13    20    30
    61    19    20    30
    67     1    20    30
    67     7    20    30
    67    13    20    30
    67    19    20    30
    73     1    20    30
    73     7    20    30
    73    13    20    30
    73    19    20    30
    79     1    20    30
    79     7    20    30
    79    13    20    30
    79    19    20    30
     1     1    30    10
     1     7    30    10
     1    13    30    10
     1    19    30    10
     1    25    30    10
     1    31    30    10
     1    37    30    10
     7     1    30    10
     7     7    30    10
     7    13    30    10
     7    19    30    10
     7    25    30    10
     7    31    30    10
     7    37    30    10
    13     1    30    10
    13     7    30    10
    13    13    30    10
    13    19    30    10
    13    25    30    10
    13    31    30    10
    13    37    30    10
    19     1    30    10
    19     7    30    10
    19    13    30    10
    19    19    30    10
    19    25    30    10
    19    31    30    10
    19    37    30    10
    25     1    30    10
    25     7    30    10
    25    13    30    10
    25    19    30    10
    25    25    30    10
    25    31    30    10
    25    37    30    10
    31     1    30    10
    31     7    30    10
    31    13    30    10
    31    19    30    10
    31    25    30    10
    31    31    30    10
    31    37    30    10
    37     1    30    10
    37     7    30    10
    37    13    30    10
    37    19    30    10
    37    25    30    10
    37    31    30    10
    37    37    30    10
    43     1    30    10
    43     7    30    10
    43    13    30    10
    43    19    30    10
    43    25    30    10
    43    31    30    10
    43    37    30    10
    49     1    30    10
    49     7    30    10
    49    13    30    10
    49    19    30    10
    49    25    30    10
    49    31    30    10
    49    37    30    10
    55     1    30    10
    55     7    30    10
    55    13    30    10
    55    19    30    10
    55    25    30    10
    55    31    30    10
    55    37    30    10
    61     1    30    10
    61     7    30    10
    61    13    30    10
    61    19    30    10
    61    25    30    10
    61    31    30    10
    61    37    30    10
    67     1    30    10
    67     7    30    10
    67    13    30    10
    67    19    30    10
    67    25    30    10
    67    31    30    10
    67    37    30    10
     1     1    30    20
     1     7    30    20
     1    13    30    20
     1    19    30    20
     1    25    30    20
     7     1    30    20
     7     7    30    20
     7    13    30    20
     7    19    30    20
     7    25    30    20
    13     1    30    20
    13     7    30    20
    13    13    30    20
    13    19    30    20
    13    25    30    20
    19     1    30    20
    19     7    30    20
    19    13    30    20
    19    19    30    20
    19    25    30    20
    25     1    30    20
    25     7    30    20
    25    13    30    20
    25    19    30    20
    25    25    30    20
    31     1    30    20
    31     7    30    20
    31    13    30    20
    31    19    30    20
    31    25    30    20
    37     1    30    20
    37     7    30    20
    37    13    30    20
    37    19    30    20
    37    25    30    20
    43     1    30    20
    43     7    30    20
    43    13    30    20
    43    19    30    20
    43    25    30    20
    49     1    30    20
    49     7    30    20
    49    13    30    20
    49    19    30    20
    49    25    30    20
    55     1    30    20
    55     7    30    20
    55    13    30    20
    55    19    30    20
    55    25    30    20
    61     1    30    20
    61     7    30    20
    61    13    30    20
    61    19    30    20
    61    25    30    20
    67     1    30    20
    67     7    30    20
    67    13    30    20
    67    19    30    20
    67    25    30    20
     1     1    30    30
     1     7    30    30
     1    13    30    30
     1    19    30    30
     7     1    30    30
     7     7    30    30
     7    13    30    30
     7    19    30    30
    13     1    30    30
    13     7    30    30
    13    13    30    30
    13    19    30    30
    19     1    30    30
    19     7    30    30
    19    13    30    30
    19    19    30    30
    25     1    30    30
    25     7    30    30
    25    13    30    30
    25    19    30    30
    31     1    30    30
    31     7    30    30
    31    13    30    30
    31    19    30    30
    37     1    30    30
    37     7    30    30
    37    13    30    30
    37    19    30    30
    43     1    30    30
    43     7    30    30
    43    13    30    30
    43    19    30    30
    49     1    30    30
    49     7    30    30
    49    13    30    30
    49    19    30    30
    55     1    30    30
    55     7    30    30
    55    13    30    30
    55    19    30    30
    61     1    30    30
    61     7    30    30
    61    13    30    30
    61    19    30    30
    67     1    30    30
    67     7    30    30
    67    13    30    30
    67    19    30    30
