9,8
22222222
22222222
21111222
11001122
10000011
10013361
10053551
11111111
22222222
9,8
22222222
22222222
21111222
11001122
10000011
10013351
16050351
11111111
22222222
9,8
22222222
22222222
21111111
11600001
15010001
10333511
10510012
10011112
11122222
9,8
22222222
11111111
10000001
10101131
15160301
15305001
11111001
22221001
22221111
9,8
22222222
21111122
21000111
21003001
21133051
22160501
22110101
22210051
22221111
9,8
22222222
11111222
10001111
10330001
10515001
10011011
10011312
16000512
11111112
9,8
22222222
22222222
11111122
16500122
10510111
10033001
10350001
11111111
22222222
9,8
22222222
11111111
10651001
10530501
10013001
10030011
11100122
22100122
22211222
9,8
22222222
21111111
11000561
10300301
15351111
10011222
10012222
10012222
11112222
9,8
22222222
21111112
21050012
21001612
21003011
21131001
21000101
21503501
21111111
9,8
22222222
11111111
10010001
10355301
16353511
10355301
10010001
11111111
22222222
9,8
22222222
22211111
11110501
10356501
10301001
10100301
10001111
11111222
22222222
9,8
22222222
22222222
22111122
11100111
10550351
10033061
11110001
22211111
22222222
9,8
22222222
22221111
22221601
11111001
10303031
15005001
11105001
22111111
22222222
9,8
22222222
11111111
10001001
10153031
10003001
11111501
22100061
22100051
22222222
9,8
22222222
22211112
22116011
21100551
11031311
10003501
10010001
10000111
11111122
9,8
22222222
11111122
10006122
10331111
10305001
11015101
15000101
10000001
11111111
9,8
22222222
22211112
22210012
11110311
10635001
10110001
10001101
10003551
11111111
9,8
22222222
22211111
22210601
21110001
21030311
11030012
15001012
15500012
11111112
9,8
22222222
22211111
11115061
10053001
10100111
10303051
11110001
22211111
22222222
9,8
22111122
11100112
10353011
10035001
16153501
10535011
10353012
11001112
22222222
