3 2 16 135 20 20 1 
2   -2.08345342 
5    -2.0787015 
5    -1.7878263 
6   -1.88290906 
6   -1.78322697 
5   -1.79815841 
7   -1.83704507 
7   -1.81632102 
7   -1.81595218 
7    -1.8231138 
9    -1.8464725 
10   -1.84587276 
11    -1.9073385 
14   -1.90959442 
13    -1.8268646 
21   -1.86444831 
 24500  1  4 19 12 -1  1  7 19  6  2   -220.755875  0.0713156909  -0.804718971  -0.972955108   -1.44518578    -1.7005986    -1.9707911   -2.20639849   -2.45632792   -2.75570726    -3.0068593   -3.23423147   -3.01931071   -3.13352656    -3.2726984    -2.5025115   -1.87589681   -1.64758611   -1.10851371  -0.380713284   0.321093738   0.818492115    1.03546286    1.26079071    1.30223191    1.21646619   0.979634941   0.614891052    0.10963279  -0.344113618   -1.40168011   -1.15129268  -0.693147182  -0.693147182 
  2878  4  0 12  7 -1  7  0  6  7  2   -106.974945   0.156524137  -0.401499748  -0.147876784  -0.316882461   -1.10507917   -1.30159342   -1.65885019   -1.76161277   -2.16726184   -2.31570387    -2.7450223   -2.19027543    -3.3201313   -2.12441278   -1.94504285   -1.36625183   -1.13495183    -1.1527065  -0.435857266   0.211941674   0.631590664    0.97231096    1.14537907    1.10190272    1.06455755   0.890087366   0.597311974   0.181152493  -0.592721581   -1.01910806  -0.974392354  -0.766754866  -0.570757866 
    -1  0  0  0  0  0  0  0  0  0  0    -2.0834434    7.06237411   -2.20065236   -2.39238477    -1.7409153   -1.57015765   -1.55573857   -1.79177511    -1.9789257   -1.42582345   -1.17595387   -1.45655727    -1.6934576   -1.10583365   -1.19502628  -0.715767503   -1.06709003   -1.11652076   -0.13041614  -0.355809003 -0.0302753225   -0.22688736 -0.0639824495   0.495719552    1.17261255   0.769966006   0.878325343   0.950492322    1.26473701    1.44552863    1.63557148    2.22372985     2.0236454    2.41674995 
 30410  3  5 15  4 -1  3  7 15  2  2   -99.4418335    0.15894419  -0.109998189             0 -0.0431309454  -0.193590268  -0.382714361  -0.404723018  -0.538958848  -0.944772661   -1.12730014  -0.300482392  -0.629759014  -0.293987721  -0.157887936  -0.500267029   -0.79042232  -0.861346722  -0.299605668   0.173431203   0.353159487   0.477384776    0.88187778    1.15183735    1.12136853   0.666097343  -0.295993447   -1.21186221   -1.87600958    -1.4974134   -1.38373029   -1.07835865  -0.702653646  -0.595185697 
 45673  0  9  9  9 -1  3  9  3  9  3   -143.176468   0.110028468  -0.511528373  -0.640767276  -0.985658884   -1.04917181   -1.43795872   -1.92027712   -1.94862533   -2.00002122   -1.08157825  -0.852670372  -0.385261893  -0.314908117   -0.26259321  -0.261773735  -0.319116801  -0.564926207  -0.306821436     0.1611965   0.683367908    1.00602055    1.09176755   0.863442063    0.68944639   0.362183303  -0.086255379   -1.26472437  -0.844451964   -0.66325146  -0.510845542  -0.256077647  -0.270835787  -0.358026415 
 10618  7  1  4 10 -1  9  1  2 10  2     -66.22966   0.233432218  -0.175438806  -0.258415461  -0.594179273  -0.648131311    -1.0170927   -1.29938805   -1.40510142  -0.661439717  -0.313287646  -0.606817603  -0.531822383   -0.48691082  -0.349187642  -0.518512547  -0.597641945   -0.51978457   0.117840342   0.418891996   0.509764493   0.590132833   0.498555809    0.36770305 -0.0378671996  -0.695667684   -1.78218365   -2.05351543   -1.73963475   -1.08314753  -0.500903785  -0.137527972             0  -0.097317785 
 49116  2 10 16  5 -1  6 10  8  5  2   -85.0248566   0.166824043  -0.464068741   -1.62117708   -1.66219282  -0.990651488   -1.70784605   -0.48270604  -0.671692669 -0.0699715242   0.184026107   0.264698058   0.379762888   0.484291017   0.427022696   0.151435286  -0.259239048  -0.311870247  -0.445033371  -0.825564861  -0.869719625   -1.06498766   -1.38632023   -2.06309772   -2.35338211   -2.56155586   -2.52301836   -1.89207423    -1.7788794   -1.61347938  -0.697603047  -0.528596044 -0.0381062329 -0.0407733805 
    -1  0  0  0  0  0  0  0  0  0  0   -2.07869267    4.09549093   -2.03171301   -1.77044082   -1.53804934   -1.36211443   -1.15536976  -0.984746516  -0.832108915  -0.649576187  -0.492113173  -0.338264108  -0.133914202  0.0550007783   0.226906866   0.408759296   0.579377711   0.794246435   0.997581065    1.22342122    1.45561588    1.69964528    1.79305017    2.17842364    2.27031636    2.72238874    2.77349496    3.29630232    3.21026492    3.65812111    3.63153648    3.55396605    3.54384589    3.08183002 
 60402  0 18 20  2 -1  5 18 10  2  2   -64.4425049   0.249264032  -0.374243766   0.298387349  0.0621101968   0.629439116    0.56786412   0.480804175   0.569934666    0.52783668   0.390587509   0.355240464    0.27778098   0.119530939  0.0478057042 -0.0912158117  -0.264887571  -0.449644417  -0.494983345  -0.239165217  -0.017204307   0.187922522   0.353201896   0.592458606   0.826063812    1.25402331    1.33519351    1.50522089    1.45773125    1.63003802     1.1978457   0.269905478  -0.300212204    -0.5473575 
 48675  1 10  3  6 -1  1 12  3  2  3   -55.3516541   0.296406388  -0.186639771 -0.0628042817             0  -0.129438028  -0.152263433  -0.850956202   -1.00693548   -1.60922062    -1.9051671   -2.23864985   -1.76795006   -1.56040287   -1.14646924  -0.894620717  -0.348607332   0.173188329   0.271800578   -0.25219658  -0.962464392   -1.25649261   -2.02698731   -1.63793111   -2.18788171   -2.18483543    -1.8719101    -1.7436986   -1.21884453  -0.713743687  -0.229055807  -0.374009997  -0.125781715 -0.0469712056 
  3665  6  0 10  4 -1  6  2 10  2  2   -77.8720856   0.208858773  -0.341991484  -0.749102175   -0.23407279  0.0320177749   -0.38967225  -0.446072459   0.376918763   0.456520021   0.729235053   0.826780796   0.837920249   0.647315562   0.495872468    0.44093281   0.167457655   -0.21601674  -0.557407796   -0.41434586  -0.130724385  0.0316724032  0.0868447572   0.170656562   0.263497829   0.323101074   0.214688882  -0.218731642  -0.345674872   -1.36010158   -1.01863158   -0.54689616  -0.075771369  -0.646833956 
  6962  0  1 13 14 -1  0  8 13  7  2   -173.295303  0.0816687793  -0.518107295  -0.845834136   -1.30213964   -1.82995462   -1.07033074   -1.65762353   -1.59082651   -2.65759206   -0.94168812   -1.03982568  -0.757901192  -0.494500041  -0.276083618  -0.099043496  0.0587324537   0.264618188   0.341586024   0.308078825   0.279328823  0.0914036781 -0.0302431956  -0.132271364  -0.215749353  -0.376131117  -0.586115837   -1.09213305   -1.29464495   -1.61133873    -2.7224586   -2.21983409   -1.18469465  -0.509720743 
    -1  0  0  0  0  0  0  0  0  0  0   -1.78781629     3.8117187   -1.92436504    -1.7579335   -1.47287643   -1.28803837   -1.02083206  -0.791621268  -0.546287715  -0.327228904 -0.0462737381   0.189300656     0.4480232   0.679974437   0.921205282    1.20607877    1.47968793     1.7378211    1.98529398    2.31205916    2.52621937    2.78610992    3.12993479    3.16630149    3.66038179    3.49693465    3.45569897    3.62817073    3.41021895    3.15257788    2.91039801    2.74330139    2.37396622    1.74096346 
 48316 16  9  4  6 -1 16 11  4  2  3   -54.9242706   0.258978844  -0.310082436             0  -0.850998282  -0.620294452  -0.786689281   -1.54319835    -1.8978039   -2.13969922   -1.64433682   -1.19229245  -0.812808335  -0.550267339  -0.176930845   0.157533407   0.246865422  -0.069384478  -0.750163376   -1.37193561    -1.8159976   -2.17269969   -1.66173017   -2.46610856    -2.2059803   -1.80821311   -1.57475615   -1.19985783  -0.890493035  -0.515132666   -0.71336323   -0.35965687  -0.360547364  -0.218271926 
 50481  9 10  4  6 -1  9 12  4  2  3   -49.6652222   0.314767182   -0.49642399  -0.605644703 -0.0657504797    1.10554981   0.993525624    1.06857312    1.38951707    1.19876719    1.00309169   0.856849074   0.631520033   0.436892867   0.311367482  0.0339957476   -0.15606451  -0.472540051  -0.150761724 -0.0080405008  0.0118459333   0.197275072   0.298282176   0.464578301   0.430545777   0.576719344   0.556475163   0.995094836    0.77418226   0.651314259  -0.478504002  -0.228129789  -0.120864838 -0.0927598998 
 48090 12  9  8  5 -1 14  9  4  5  2   -49.0745239   0.305717319  -0.551239312   -0.46054244  -0.882833302  0.0376549587  -0.116081037 0.00855014566  0.0436004214   0.173805699   0.168587252   0.168105572   0.192576513   0.183317482  -0.085781917  -0.243596286  -0.362501949  -0.395795822 -0.0542278178   0.295528084   0.413794339   0.546779573    0.62669605    0.55116719    0.36643827   0.250631213 -0.0943808034  -0.347618401   -0.29367879   -1.38041615    -1.0509088  -0.700506508 -0.00979811046  -0.119744234 
 37392 12  6  6  6 -1 15  6  3  6  2   -60.8818588   0.269926608  -0.754773319  -0.473363578  -0.862948477   -1.25241709   -1.47573102   -1.92155313    -1.5708518   -1.17731667   -2.15259552   -1.32048452   -1.09164536  -0.641111732   -0.53020227   -0.36456427  -0.250566304 -0.0926961377   0.109148063   0.339451253   0.287440151  0.0655856803  -0.181449011  -0.626661241  -0.711014926   -1.13805223   -2.23741102   -2.51773071   -2.30952525  -0.797039509  -0.708570182    -1.1558764  -0.671934009  -0.843236923 
  5439 10  0  6  9 -1 13  0  3  9  2   -77.6953735   0.209352866   -0.46988377  -0.997365117     -1.110695   -1.57292283    -1.8641001  -0.976424634   -1.44428658   -1.08727503  -0.786401451  -0.199441105  0.0331130773   0.175077975   0.234230205   0.323103219   0.215498269 -0.0205561314  -0.453950286  -0.465904295   -0.72567898   -0.90484637  -0.838728964   -1.25457084   -2.35350418   -2.09896493   -1.59000528   -1.43413186   -1.26541996   0.671291232  -0.906978309  -0.829151928  -0.188175857  -0.233324245 
    -1  0  0  0  0  0  0  0  0  0  0   -1.88289905    3.80187345   -2.09301209   -1.80487812   -1.56061339   -1.36090159   -1.03880572  -0.814956963  -0.574400067  -0.327705175 -0.0737647042   0.112106144   0.381203383   0.696052551   0.917032838    1.19057369    1.44207931    1.64990366    1.91011548    2.11286831    2.42801595    2.61659241    2.92663598    3.25736022    3.55546498    3.54560781    3.74924684    3.88274264    3.74896955    3.54963446     3.3738122    3.04850912     2.5529542    1.54824972 
 45417  0  9  4  6 -1  0 11  4  2  3   -51.4129639    0.27525717  -0.370031029             0  -0.699340403  -0.646673441   -1.38110352   -1.52753687   -2.11287355   -2.08669543   -1.11802292   -1.15712166  -0.807910204  -0.537240744  -0.140894368   0.158542708   0.246821985  -0.145147771  -0.611809194   -1.29753101   -1.40698135   -1.50428522   -1.36478114   -2.21551085   -2.03809834   -1.64200377   -1.38124621   -1.15724599    -1.0269866  -0.785238981             0  -0.138604268             0  -0.138604268 
  4136  7  0  6  3 -1  9  0  2  3  3   -38.2355804   0.309687078  -0.245262742  -0.337674171  -0.989510119  -0.017420454   -1.09057462   -1.74982703   -1.06030071  -0.719895899  -0.877619684  -0.783521533  -0.394529402 -0.0435168371   0.258444965   0.154892311  -0.270312935  -0.852934003   -1.54228163   -1.63058937   -2.46851301   -1.93289101   -1.97180235   -1.83239567   -1.56186306   -1.41383719   -1.72701025   -1.08736169  -0.496367127   -0.41969201             0             0  -0.213132769  -0.180688113 
 51149 17 10  3  6 -1 17 12  3  2  3   -52.2080078   0.315253496  -0.202438891  -0.169737443 -0.0365169793   -0.63083303  -0.406068802  -0.566168487  -0.942274809   -1.75537586   -1.86432254   -1.58236229   -1.50589705   -1.06666541   -1.08191204  -0.749449909  -0.270116419  0.0654354095   0.224199891 -0.0486531593  -0.562705457  -0.839739323    -1.0633918   -1.29300344   -1.15939295   -1.39460087   -1.58108807  -0.588694811  -0.437922031             0  -0.227017999             0  -0.367449403  -0.200581565 
 52890  8 11  6  6 -1  8 13  6  2  3   -75.1356812   0.219103664  -0.190178752  -0.301568925  -0.831048012   -0.46306625 -0.0441346876  -0.453253925    0.24156709  0.0847287476   0.413973451   0.386762887   0.369110405   0.185579702  0.0830942616  -0.023698695  -0.129418761  -0.192105487  -0.369857848  0.0232640766   0.255292743   0.426135331   0.701704144   0.936506391    1.01862323    1.38345206    1.49546385    1.50835621    1.56066334   0.904983461   0.553839147 -0.0605939813             0   0.251538962 
 55243  9 12  2  8 -1  9 16  2  4  2   -37.7875977    0.39737916  -0.264151841  -0.111221977  -0.850296021     -1.193349   -1.33941424   -1.77958786   -2.30708313   -1.17365575   -1.42906582   -1.12829769   -0.78467083  -0.494991779 -0.0664219931   0.206387803   0.220621511   0.138541222   0.131429628   -0.10291893  -0.465031654  -0.831798136   -1.15467227   -2.31732512   -2.51094127  -0.799009264   -2.13684535   -1.63699841   -1.15590954  -0.542370796  -0.625266373  -0.521915913             0   -0.51682049 
    -1  0  0  0  0  0  0  0  0  0  0   -1.78321695     3.9519453   -2.00423789    -1.8272382   -1.55392015   -1.33303285   -1.04250395  -0.828257978   -0.56026417  -0.298732162 -0.0813100785   0.177751005   0.423360229   0.671233475   0.915227473    1.19693339    1.50570512    1.67335176     1.9009136    2.23651481    2.55772448    2.69708014    3.17179108    3.46411419    3.61443472    3.88086605    4.05007124    3.92474747    3.77925301    3.66769552    3.55544615    3.30218172    2.89097452    2.33703065 
 20200  3  3 12  3 -1  9  3  6  3  2   -58.0065689   0.253380269  -0.588342428  -0.907409906   -1.13672066   -1.85208511   -2.11736512    -2.4697156   -2.69786668    -2.0255065   -1.23666608    -1.0409745  -0.667136192  -0.367998987  -0.286961436 -0.0993351191  0.0214115735   0.253231227   0.296057016   0.185452372   0.121437706 -0.0251366515  -0.160670027  -0.421619803   -0.72943449   -1.11742103   -2.90536928   -2.55909061   -2.29760957   -1.96886957   -1.64560151   -1.07689178  -0.795592785   -0.26200825 
 42452  2  8  6  2 -1  5  8  3  2  2   -37.3469467   0.475258142  -0.109783471             0             0   -0.29254514  -0.468131989  -0.682216465  -0.891007304   -0.81855458   -1.41396952   -2.19663763   -2.66137958   -2.86631632  -0.845818102  -0.716438472  -0.484223694 -0.0683370903   0.180460393   0.249358952  0.0240624808  -0.296461254  -0.509092152   -0.87355125   -0.74794364  -0.941710532    -2.1679945   -1.67499959   -1.67882597     -1.430475    -1.0979656  -0.346153796  -0.982416332  -0.648250639 
 58267  8 14  6  5 -1 10 14  2  5  3   -72.4273682   0.226904824   -0.61562562 -0.0953832939   -0.11754021  -0.461551905             0    -1.0574913   -1.12054849   -1.55824971   -1.94408071   -2.24627638    -2.6376133   -1.78073394   -1.23863888   -0.52867949  0.0299859848   0.219666347  0.0245945137    0.13386786  -0.323772818  -0.828575552   -1.03577852   -1.81407499   -2.30431247   -2.50391698   -2.16330242   -1.74164307     -1.243186   -1.00888085  -0.909115076  -0.519481957 -0.0903245881  -0.314319849 
 22643  9  3  6  8 -1 11  3  2  8  3   -78.2870178   0.210956886  -0.014976833             0  -0.119086802  -0.170501158   0.959358931    0.88494885   0.749385476   0.857702672   0.742242575   0.722961783   0.692689061   0.640208542   0.426167876   0.392034799   0.303785294   0.127608508  -0.359804511  -0.316748023  -0.159797326  0.0336807407    0.15714924    0.32727012   0.503730893   0.526007056   0.399794012   0.586067855   0.669167101   0.614555657     0.2079238  0.0244692415  0.0946564451   -0.86117053 
    -1  0  0  0  0  0  0  0  0  0  0   -1.79815423    4.41165304   -2.04094529   -1.81024802   -1.62968183   -1.38518393   -1.10641813  -0.898875117  -0.686173201  -0.466627657  -0.207317457 -0.0170077514    0.20716618   0.429383188   0.638546228   0.867044091    1.12638092    1.37462258    1.57535708    1.80074596    1.99984145    2.23193574    2.53477144    2.65741944    3.19237232    3.20004416    3.65494108    4.00745583    4.18561268    3.90647817    3.96421385    3.55744243    2.81100678    1.81072104 
    14  0  0  8  2 -1  4  0  4  2  2   -41.4491272    0.39116177  -0.255645216  -0.347908795  -0.922916234  -0.699504137   -1.12769663   -1.31584907   -1.42397225  -0.599444747  -0.458937079  -0.791577637  -0.379258394  -0.379294187  -0.289473385  -0.257531822  -0.304422945  -0.335777313  -0.179870859   0.111692488   0.246719003   0.351044387   0.536244631   0.574778855   0.557270408   0.554637909   0.296249777   0.167555779   0.295124739 -0.0227030534  -0.713717759  -0.766163766  -0.468301326   -0.43049866 
 27338  8  4  3  6 -1  8  6  3  2  3   -38.1838989   0.322101414  -0.794225574   -1.01990855   -1.34211242   -1.82894981   -1.16552985   -1.09158552   -1.74790263   -1.24991357  -0.928273797  -0.377445012 -0.0316603184   0.130547196   0.137117282   0.186816126  -0.150682732  -0.482805312   -1.00616896  -0.942779779   -1.06479037    -2.6252656   -2.22851539   -1.89257646   -1.04568684  0.0473041534   -1.07600522   -0.82394278  -0.565668702             0  -0.563181221             0             0  -0.104335144 
  8427  3  1  4  6 -1  3  3  4  2  3   -71.2163467   0.241409242  -0.166984931             0             0  -0.434952915  -0.818606436  -0.977069795  -0.532609999   -0.43532747   -0.20654121   0.197694123   0.236031383   0.198062137  0.0916331187  0.0128200296 -0.0942206606  -0.182232499  -0.332831502  -0.165512145   0.189202696   0.468107522   0.607860804    0.86073488   0.807581484    0.75554049   0.964811325   0.505320072   0.488918662   0.674562931   0.393943787  -0.156762034             0  -0.203999162 
 55029  7 12  6  6 -1  9 12  2  6  3   -69.8963623   0.206634611   -0.35373807  -0.207582206     -0.497915  -0.546177447   -1.07372725   -1.34139502   -1.81389105    -2.1441648   -2.62392569  -0.971093655  -0.906617939  -0.181883052   0.230010584   0.173862934 -0.0692670569   0.158208132  -0.222053766  -0.658882141   -1.07159376    -1.6975491   -1.98027205   -1.85618389   -2.54844236   -1.89593804   -1.62168169   -0.81008482  -0.923601449   -1.02542078             0             0  -0.162147507  -0.317242384 
 18224 14  2  3 10 -1 14  7  3  5  2    -34.589386   0.310294807 -0.0772901103  -0.616023898  -0.889530718   -0.89784658   -1.82727444   -2.28555274   -2.65369892    -1.7643702  -0.873106778  -0.512841105  -0.380514622  -0.078136526 -0.0165939201  0.0850383863   0.185023963   0.225260213   0.201902851  0.0882273763  -0.059903644  -0.256522715  -0.499732703  -0.751083136   -1.06465733   -1.28261399   -2.05925274   -2.00899506   -1.94258285    -1.8937248  -0.689663589  -0.462933779 -0.0379082374 -0.0975694209 
 24944  2  4  9  3 -1  5  4  3  3  3   -83.2164001   0.224422276   -1.20609045 -0.0391329713             0  -0.596030831  -0.455789357  -0.923413694   -1.21529698   -1.45281196   -1.68839288  -0.459736943  -0.601920009 -0.0707839802   0.457757682   0.469217509   0.473500788   0.309175432   0.154184982 -0.0700135306  -0.387400419  -0.170014277  -0.125856027  -0.188532084  -0.178617328 -0.0557402708   0.163212836   0.654359758    0.61797297    1.53164768    1.46203363    1.36488056             0   0.745609939 
    -1  0  0  0  0  0  0  0  0  0  0   -1.83704042    3.75692368   -2.02934885   -1.75288999    -1.4932158   -1.28601277   -1.02443349  -0.776744366  -0.493761212  -0.313405991 -0.0395344272   0.230011657   0.520658433   0.743309617   0.991207063    1.24222827    1.54299116    1.91374671    2.09693909    2.30221391    2.70355225    2.79849863    3.06287527    2.98000002    3.65248013    3.88866568    3.76756167    3.90572953    3.70322561    3.68086553    3.65215254    3.28910327    2.69495511    1.79608762 
 18494  0  3  2  6 -1  0  5  2  2  3    -51.515892   0.364459485  -0.134740889  -0.134740889             0  -0.297795534  -0.392999053  -0.175147787  -0.681071758   -1.15408111   -1.15325463   -1.62547266   -2.11454701   -2.08353257   -1.16659999   -1.23620129  -0.781055808  -0.732171476  -0.466777056  -0.190088123   0.168854535   0.233789071 -0.00037781187  -0.282826066  -0.675299644  -0.916025102    -2.0449121   -0.78098315   -1.29627144  -0.669570029  -0.758679986  -0.601379275             0  -0.106971882 
  2131  3  0  6  4 -1  5  0  2  4  3   -60.8887787   0.298531353  -0.288977891             0  -0.629805624  -0.514704764  -0.575030267   -1.30824435   -1.55510139    -1.7544241   -2.06877279   -2.20661712   -1.21134996   -1.28955626    -1.4562093   -1.09055436  -0.660054684   -0.29780075  0.0213620495   0.205683678   0.123660713 -0.0979097858  -0.355084389  -0.578759074  -0.691591978   -1.12094176   -1.26378834   -1.01443732   -1.70597398   -1.04227185   -1.76715279  -0.623224735  -0.921886027  -0.390565604 
 50873 12 10  8  8 -1 12 12  8  4  2   -83.8060608   0.209646806  -0.235274881  -0.185768098  -0.378649294  -0.146318421  -0.987844944   -1.89960372   -1.73469961   -1.20789409   -1.52979004  -0.954719961   -1.04306364   -1.03462899  -0.648439586  -0.483742595  -0.208143309 -0.0597109757   0.151731804   0.169829294    0.17764914 -0.0348735861  -0.397658646  -0.728693366  -0.827666283   -0.97002703  -0.661010504   -2.05731511   -1.68304074   -1.23121166   -1.13753855  -0.490272999  -0.212018847  -0.136274546 
 54951  7 12  6  6 -1  7 14  6  2  3   -77.4489746   0.220227122  -0.156367525   -0.43080017  -0.696438909   0.158609971   0.286091864  -0.746771991  0.0540717319   0.453022748  -0.011835536   0.370927393   0.194777295   0.130686477   0.192336857   0.190806344  0.0889559239  0.0154335909  -0.266538441  -0.292607665 0.00867407396   0.211383447   0.395355254   0.597402215   0.692403197   0.983097851   0.740742207    0.59741354    0.55762285   0.884879231    1.12505245  -0.174348071  -0.328914642  -0.159324571 
 57267  0 14  6  6 -1  0 16  6  2  3   -74.7988892   0.208103314  -0.285123259  -0.687797368  -0.512399733   -1.17877579   -1.53077364   -1.78439653   -1.55537117   -1.46537924   -1.73900366   -1.07703185   -1.15128565  -0.653830767  -0.692024171   -0.29687041   -0.02532221   0.122461922   0.248753756  -0.115007915  -0.398527294  -0.653103232  -0.767969847   -0.95521313   -1.20950174   -2.02563453   -1.48917007     -1.619385   -1.28667212  -0.969333887  -0.718695104  -0.129616827  -0.545916617  -0.399641871 
 28348 12  4  6  2 -1 14  4  2  2  3   -35.5559692   0.481142521   0.146239966  0.0770874321  -0.421964437 -0.0219923854   0.302887887  -0.295112193  -0.914029479  -0.151280135  0.0900822505   0.447996855   0.386548221   0.451243222   0.403774381   0.274348348   0.273590386   0.163518652 -0.0748331174  -0.371302217  -0.266645223  -0.272678584  -0.197381482  -0.340349585  -0.256349623   -0.14914085   0.254536152   0.209733382   0.902687192  0.0836968571  -0.334514648   0.232921645  -0.200501233    1.27627814 
    -1  0  0  0  0  0  0  0  0  0  0    -1.8163141    3.92829561   -2.04981995   -1.78078258   -1.53244758   -1.30493629   -1.05220711  -0.775829673  -0.533048868  -0.298234314  0.0011621092   0.237530902   0.459512055   0.714147031   0.953455567    1.20907795    1.49169266    1.74153912    2.02321696    2.41826916    2.43353558    2.67376137    2.80536127    3.32127571    3.44736958     3.9071877    4.17956829    3.87079048    4.10373974    3.78069592    3.45441604    2.97422194    2.08236527   0.631358743 
  5861 12  0  6  4 -1 14  0  2  4  3   -56.8718872   0.310786873  -0.201818764  -0.681820154  -0.469780922   -1.31417179    -1.2806555   -1.38185585   -1.67604053   -2.09025264   -1.55152011   -1.86207521   -1.89055133   -1.35880899   -1.19435406  -0.945406139  -0.510586143  -0.143134281   0.125450596    0.19203043   0.148413271 -0.0411604904 -0.0930265561  -0.147861212  -0.191054285  -0.357615292   -0.41249761   -1.22517574   -1.25139916  -0.720924497  -0.751775205    -0.6588462  -0.413147271  -0.276148081 
 47145  6  9  3  8 -1  6 13  3  4  2   -47.3060303   0.378545165  -0.263228238  -0.635519207  -0.612694263   -0.79501611   -1.12439704  -0.694565058  -0.826294899  -0.666987956  -0.868819654  -0.599943638  -0.607787609  -0.422189564  -0.357964903   -0.10363964  0.0996574461   0.232561558   0.260700643    0.14023079  -0.105912581  -0.226637647  -0.284844905  -0.415794939   -0.59687072    -1.2908541  -0.897036076   -1.33857131   -1.03234506   -1.70078051   -1.18010271  -0.839630663  -0.273591071  -0.462597609 
 25812  4  4  2  4 -1  4  6  2  2  2   -26.5758057   0.644457757  -0.107582368             0             0             0             0  -0.352657497 -0.0930105299  -0.761466801   -0.15708223   0.819509983   0.463603258   0.112998717   0.304693907  0.0258114357  -0.051311519  -0.243602261  -0.466099113  -0.319440871  -0.040700417   0.195413813   0.297548771   0.331851721   0.266049564    0.23562324   0.057776548   0.102232948   0.428209603 -0.0651221797   -0.45306322   0.136160061  -0.152356282  -0.188760802 
  9985  6  1  5  9 -1  6  4  5  3  3   -93.0827332   0.190101549  -0.649954975  -0.865183949   -1.08701861     -1.193362   -1.78312004   -1.48795092   -2.10579133   -1.18134665  -0.976690233  -0.796649218  -0.556618571   -0.38849473  -0.195558116 -0.00672197156   0.160722882   0.291969836   0.225366026  0.0150716081  -0.216022715  -0.240593717  -0.393428177  -0.287127435  -0.292135477  -0.276777655  -0.258871257  -0.749112666  -0.954641879  -0.620984256  0.0859455988             0             0  -0.246897593 
     5  0  0  2  8 -1  0  2  2  4  2   -33.6739769   0.490846455 -0.0923225433  -0.400118709   -1.24932575  -0.494414002   -1.41347003  -0.506432891  -0.455672204   -1.26384497  -0.552900612  -0.924205899  -0.736256599  -0.683574259  -0.474674046  -0.244867906 -0.00274283625   0.139318183   0.204000041  0.0406375453  -0.109490126  -0.280012578  -0.465820283  -0.776785851   -1.10481739  -0.782306552   -2.02169752   -1.83441556   -1.43552577   -1.30767012  -0.740684688  -0.226214096  -0.129589111  -0.140102386 
 43566  5  8  6  4 -1  7  8  2  4  3   -44.9169922   0.316390902  -0.659162164  -0.954619229   -1.21837842   -1.85932243   -1.88017929  -0.418170571   -0.37423104 -0.0282672234  0.0201680809  0.0948132277   0.187673837   0.308024645   0.268431813 -0.0638953298  -0.378530174  -0.109507434  0.0414914042   0.139421165    0.17235294   0.100862853   0.127651215  -0.447913647 -0.0692036748   0.102441162  -0.765179157   -0.61771524  -0.350483358  -0.149422348  -0.482136786  -0.208231181             0   -0.15960753 
    -1  0  0  0  0  0  0  0  0  0  0   -1.81594646    4.21935797    -2.0431757    -1.8089658    -1.6277914    -1.3482554   -1.13033676  -0.907412529  -0.656396925  -0.405657351  -0.166266829 0.00530245202   0.279500961   0.557193518   0.754703462   0.988656223    1.25949812    1.48127627    1.61017001    1.92278254    2.04021382    2.42370319    2.60906386    2.94433928    3.18575644    3.40925455    3.57027578    3.65175152    3.86571693     3.8651433    4.11258221    3.99199867    3.62064052    2.79048204 
 45192 14  8  4  2 -1 16  8  2  2  2   -20.7726898   0.785220504   -0.21402365             0  -0.933795035  -0.329018831   -1.14534235    -1.0258106     -1.124529   -1.89538288   -1.80926764   -1.33707654   -1.14338386  -0.771720588  -0.641105056  -0.459323674  -0.142382011   0.120792434   0.127324685    0.15894331 -0.0434902571   -0.35810867   -0.43951723   -1.07516849   -1.63074148   -1.50570929   -2.26217628  -0.229384035  -0.418795466  -0.694470942  -0.677486897  -0.346916586             0  -0.363367051 
  6325 14  0  6 11 -1 17  0  3 11  2   -101.186829   0.163303956 -0.0220120568  -0.186015978  -0.285724759  -0.696760952  -0.406833887   0.350332826  -0.125322431   0.536685586   0.691136599   0.579360783   0.392155737   0.405087918   0.303255141   0.126531884  -0.070416823  -0.278311253   -0.27733773  -0.158552364  -0.108062513 -0.0448127836   0.134746507   0.342253685   0.506717563   0.704141617   0.693554461   0.754288793   0.637676179   0.330490112 0.00105583551  -0.923533082   -1.04170489  -0.498900443 
 47466  8  9  5  6 -1  8 11  5  2  3   -69.1352539   0.254213274   -0.11304035  -0.238657296   0.338809401    1.09383905  -0.202837601   0.613252997   -0.40621233   0.423138708   0.215421423   0.572250068   0.499771118   0.566414654   0.452312797   0.311375201   0.195651531   0.030932311  -0.189530835  -0.273631603 -0.0953996181 -0.0643429533  0.0578094572   0.272718519   0.269041896   0.447486401   0.498686612    0.44736138   0.130859807   0.113470674   -0.24876292  -0.768605769  -0.514843047  -0.270044953 
 44832 11  8  4  8 -1 11 10  4  4  2   -58.6057739   0.292172045  -0.136366099             0  -0.554294765             0             0   -1.07725787   -1.38135374  -0.894988537   -1.43044686  -0.661984205  -0.562644899    -0.6191957  -0.358271867  -0.276126325  -0.132516265  0.0465373434   0.122094527   0.165334374   0.145461649  -0.263384461  -0.511491418  -0.629067898  -0.983980179   -1.39266932   -2.06992412   -2.14782357   -1.64453268   -1.21051502   -1.24915862  -0.539616346  -0.817579448  -0.347234994 
  4508  8  0  6  2 -1 10  0  2  2  3   -27.2489777   0.449256241    0.20694007  -0.208028391  -0.422664106  -0.903450787  -0.300306886  -0.158822343  -0.970922232  -0.825888515  -0.553014815  -0.446264982  -0.376624525  0.0230155829   0.140246451  0.0738487393  -0.128369242  -0.481473953  -0.887891591  -0.982133448   -1.58147776   -1.19811511   -1.99150646   -2.09729004   -1.68726563   -1.40805078  -0.760901988  -0.799831331  -0.557898402 0.00940792076  -0.534679472             0  -0.119874209   -0.15126662 
 16547  7  2  7 18 -1  7 11  7  9  2   -152.172104   0.117445134   -1.04908895   -1.22673345   -1.85457194   -2.20150733   -2.55653238  -0.889004946   -1.14488757   -0.98429966  -0.740260124  -0.288953155 -0.0656166449   0.011133193   0.105335116   0.206114754   0.167553574   0.139041573   0.160939604  0.0434962809 -0.0396281518 -0.0324275754  -0.122063123  -0.208275899  -0.278298646  -0.243082047  -0.210019961  -0.283080727  -0.111711495   0.198620647   0.595357716   0.789699852   0.976716101   0.977749467 
    -1  0  0  0  0  0  0  0  0  0  0   -1.82310379     4.1218729   -2.03072286   -1.83938682   -1.55669367   -1.32480764    -1.0435431  -0.840104222  -0.590689182  -0.354567915    -0.1403649   0.118565179    0.38684082   0.617233455   0.853573501    1.10111749    1.28566325      1.559641    1.79826617    2.05335259     2.2047441    2.44375825    3.02233696    3.04303622    3.27663541    3.30535722     3.4808042     4.2973299    3.73103189    3.86199665    3.14070249    2.74646735    2.01881123    1.00082862 
 31135  4  5  4 15 -1  6  5  2 15  2   -79.8756485   0.221724331  -0.238439143  -0.161261231  -0.571969151   -1.06243229   -1.32896554     -1.656425   -1.83160019   -2.20490575   -2.17335606   -1.71507156   -1.19158423   -1.17504311   -0.67555815  -0.347957313   -0.29081589  -0.068203032   0.175659046   0.189320371  0.0779960006 0.00155929103 -0.00882219896 -0.0854926109  -0.264250219  -0.458321482  -0.400340259   -1.52318776   -1.79271293   -1.42894995   -1.12113333  -0.723950505  -0.411450058  -0.599964678 
 12284 14  1  4  6 -1 14  3  4  2  3   -79.9800873   0.232411191  -0.167511746  -0.105059199             0             0  -0.364193797  0.0264230967  -0.701671541 -0.0752567351   0.289601445  -0.049711924    0.17655994   0.233138651   0.226210982   0.258044541   0.141155154  0.0303101055   -0.11036732  -0.220652029   -0.24567996  0.0862089843   0.314357728   0.368397236   0.450626701   0.641774833   0.324284494   0.457606733    0.40005824  -0.545888722  -0.263701946   0.102133952   0.227011606   0.116681881 
  6155 13  0  6  9 -1 15  0  2  9  3   -97.9337769   0.177793697  -0.183970645 -0.0861046389  -0.476087689  -0.653355658  -0.596166134  -0.338285893  -0.960894763    -0.8593449   -0.84043926  -0.466793835  -0.885919571  -0.732899606   -0.54983902  -0.315145493  -0.109011836  0.0466747396   0.157745972   0.137900144 -0.0160864182  -0.252328664  -0.531875849  -0.827624738  -0.948241532   -0.98822993  -0.992771924  -0.534482002   -1.96714902   -1.67568779   -1.23814964  -0.981894076  -0.745638847   -0.84241271 
 22736 10  3  4  6 -1 10  5  4  2  3    -56.820343   0.288982123  -0.319145083  -0.174841583   -0.84936285    -1.0317148   -1.53164673   -1.63891733   -1.65197825   -2.20183063   -1.60141492    -1.1614548   -1.14774108   -0.73854959  -0.373459756 -0.0373900086   0.106556542   0.146556303  0.0768150836   0.021700643 -0.0895601064  -0.229365394  -0.338791251  -0.608266115  -0.443248987  -0.449440002  -0.107288085   0.464111388   -1.01069725  -0.475449771  -0.197583824  -0.593295395             0  -0.491455644 
 27524  8  4  6  7 -1 10  4  2  7  3   -57.5829468   0.179066256  -0.276901126  -0.667349756    0.40300113   0.585125864   0.705697238   0.607380927   0.442285955   0.390851557  0.0514047854 -0.0386840776  -0.216615692  -0.155418664 -0.0149242179      0.213863   0.406248152   0.537231624   0.480643958   0.610917985   0.297932267 -0.0868884251    -1.2010479 -0.0721145347  -0.586462736  -0.892678261  -0.301396042 -0.0874921232             0  -0.148482621             0             0             0 -0.0640091226 
 42056  0  8  4 12 -1  2  8  2 12  2    -81.861084    0.18702428  -0.185692459  -0.401932001   0.579214931  -0.681556284   -1.32393777   0.419890463   0.235689685   0.441793829   0.565627098   0.478130072    0.47081542   0.368962109   0.262922704  0.0339353792  -0.146437675  -0.302345693 -0.0532883257  0.0928167254   0.179615274   0.327663928   0.111255944   0.127636075  -0.307856441  -0.319096625  -0.718341053   -0.90894115   -1.19111121   -2.11853719   -2.18527555   -1.33881712  -0.945905805  -0.792014718 
 34262  1  6  6  6 -1  3  6  2  6  3   -51.2335243   0.247311369  -0.381219864  -0.468296349    -1.0160259 -0.0431168564   -1.06805789   -1.18576038  -0.130460978  -0.761430442  -0.725208104  -0.352363139  -0.278074235 -0.0953241885  0.0446465649    0.20302923   0.128405854  -0.147834733  -0.334044665  -0.378163129  -0.554802597  -0.962505162   -1.18060637  -0.501314282   -2.12688303   -1.83596218   -1.41397631   -1.52757573  -0.634689689  -0.935946405  -0.328106999  -0.159326807 -0.0371184088  -0.446043938 
 58638  0 15  5  4 -1  0 17  5  2  2   -50.1859131   0.362753242 -0.0999357998             0             0  -0.185533166   -0.66880703  -0.949216843  -0.990739286  -0.727594614  -0.523691952   -1.20914471  -0.760732949  -0.757502019  -0.476309896  -0.691652119  -0.235489383  0.0598841496   0.185464129   0.210379794 -0.0969465077  -0.169193476   -0.22785373  -0.411626607  -0.607054889  -0.398472607  -0.251527965  -0.590891898  -0.480539739  -0.575234413   -1.15568566   -1.02782023  -0.495643437   -0.47915116 
    -1  0  0  0  0  0  0  0  0  0  0   -1.84647107    3.87011409   -2.06469035   -1.80778003   -1.55807817   -1.30643082    -1.0659343  -0.798381031     -0.511684  -0.264528185 0.000703149766    0.22227788   0.460329562   0.728091359   0.987681389    1.18968213    1.53130198    1.64193344    1.88386691    2.06913114    2.17551589    2.67341423    2.60837245    2.73423862    3.17764258    3.38444781    3.38602805    3.54162169    3.92368174    3.68939877     3.3735044    2.97252345    2.40965199    1.57886207 
 59276  9 15  6  5 -1 11 15  2  5  3   -78.1647949   0.192586094  -0.105376199             0 -0.0833727643  -0.309612304  -0.552798092  -0.408937246   -0.52016902   -1.21176159   -1.55719292   -1.55318487   -1.41596603   -0.90950942  -0.522315085  -0.144134879   0.164877102  0.0669878647  -0.145605758  -0.470758289  -0.797432184   -1.73496926    -1.5199877  -0.759785175   -1.52065289   -1.02273118  -0.579543889   -0.39151904  -0.300845534  -0.105376199  -0.131624654             0             0  -0.105376199 
 28780 15  4  3  6 -1 15  6  3  2  3   -53.0140076   0.291722804  -0.176714003  -0.142447218   -0.18113187  -0.731908143  -0.183543831  -0.688861489   0.359270424   0.467806935   0.215565965   0.152701542  0.0487184525  -0.118381217  -0.227266058  -0.257079124   -0.24642846   -0.12555638   0.200300127    0.27553007   0.147260413 -0.0848487988  -0.126515061   -1.10361433   -1.02965248   -1.68897581   -1.01476717   -1.03387702  -0.647739828  -0.269174427             0  -0.184468463             0   -0.11427889 
 40480  8  7  5  4 -1  8  9  5  2  2   -36.8999939   0.433352441  -0.687292039  -0.923613429   -1.12542713  0.0151977735   0.342012942  -0.148494795  0.0769970715   0.295903474   0.273476064  0.0121253124  -0.209513828  -0.368952632  -0.419069827  -0.394148618  -0.313973963  0.0311646238   0.175878331   0.141070291  0.0919150487  0.0359135941 -0.0648551062  -0.214915141  -0.257925808  -0.392179132  -0.888128519   -1.40185273   -1.50945973  -0.895594001  -0.859321237  -0.429237127   -0.60577023  -0.350821793 
 16758  8  2  5 12 -1  8  6  5  4  3   -88.2729034   0.148442626   0.408438146    0.74664104    2.10165215    1.50917709    1.37998497    1.27195168   0.580568314   0.682685971   0.374966949   0.186938569   0.124332145  0.0909628943 -0.0706444681  -0.221195683  -0.212235942   -0.16930595    0.04386051   0.110540248   0.183869958   0.167335883  0.0779968202   0.160906926   0.223914117   0.530345201   0.208562031  -0.188489735   -1.18829799  -0.783519328   -1.17072022  -0.816354275  -0.573455095   -0.41227147 
 51688  2 11  3  4 -1  2 13  3  2  2    -28.434063   0.675522923   -0.17989932 -0.0815181732             0             0             0  -0.667456269  -0.313999534   -1.25825036   -1.21192157  -0.310784996  -0.449822426  -0.895594656   -1.20978987  -0.493208528  -0.282082587  -0.201366261  0.0386412442   0.214430586   0.140219361  -0.127432704  -0.230647549  -0.316088319  -0.574646115  -0.598452747  -0.805799901 -0.0940553173   0.210149139   0.147692338   0.606848359  -0.594431818  -0.334027618  -0.135788083 
  5327 10  0  6 16 -1 10  4  6  8  2   -93.1444702   0.150838003  -0.809333861   -0.84464103   -1.36252213  -0.424136788   -2.12895107  -0.457167685  -0.560690582  -0.469372809  -0.345648319  -0.266366273 -0.0772601888 -0.0231229234  0.0644301996  0.0899118111   0.133416817   0.140390202   0.106141157  0.0702389479  -0.047696542  -0.123204872  -0.206358254  -0.389516443  -0.563219965  -0.783449709   -1.60903192   -1.93029499   -2.12362981    -1.7430346   -1.32454813  -0.691800654    -0.5144521  -0.137622923 
 59897  8 16  4  4 -1  8 18  4  2  2   -33.2220459   0.446614593  -0.147199571  -0.547619939   0.252237082   0.479043603  -0.438280135  -0.248127833  -0.104472443  -0.225956455   0.395442128   0.252921522  0.0905367881   0.140046671 -0.0858892947  -0.132718414  -0.252920002  0.0922239795   0.232424572   0.151379228  0.0379684567 -0.0608613715   -0.26466471  -0.622494996  -0.447373956  -0.777720332  -0.657031238   -1.37087715    -1.1771785   -1.27696717  -0.501748085  -0.856083095  -0.203074485  -0.338592798 
 15107  4  2  3 10 -1  4  7  3  5  2   -22.9478149   0.385448664  -0.952171087   0.456847459   0.118482783   0.114792876  -0.623790681   -0.19695653  -0.287625104  -0.444486827  -0.348726571  0.0371949971 -0.0912813842  0.0369533524   0.130401179   0.113626927   0.110430002  0.0849502012   0.103069529  0.0265821666  -0.157351881  -0.214480564  -0.287829071  -0.528544068  -0.839533389  -0.924109995   -1.38748085   -1.65896499   -1.86157107   -1.45946395  -0.992198765   -0.86517632             0  -0.641570807 
 11364  9  1  4 17 -1 11  1  2 17  2   -78.7981873   0.224303752  -0.550157666 -0.0863171518  -0.475949526    -0.5907076  -0.936137617   -0.22898142  0.0690694973   0.520851433   0.592278004   0.453622222   0.339331657   0.332380861  0.0731629953  0.0738869086    0.10575863  0.0439434946  0.0915740132  -0.106622666  -0.240101352  -0.201380298   -0.19216381  -0.118373781  0.0929655954   0.171017751   0.475127995   0.729713678   0.806482077    1.11053574   0.889750361   0.390020579  -0.202917084  -0.152371541 
    -1  0  0  0  0  0  0  0  0  0  0   -1.84586275    4.29269171   -2.08251262   -1.79538882   -1.58935368   -1.40411901   -1.14734912  -0.867015719  -0.630877912  -0.441570073  -0.203040153 0.00854790304   0.252662867   0.507920146   0.739013016   0.907858312     1.1757654    1.39792907     1.5887059    1.86226249    2.14695668    2.18404865    2.49807668    2.77562737     2.8252492    3.24821424    3.08606577    3.49701118    3.73987484    3.34974575    3.21428251    3.09435916    2.47546339    1.40221655 
 29238  0  5 16  6 -1  4  5  8  6  2   -96.8601685    0.15231514  -0.481551439   -0.15062654  -0.493424684  -0.874012113   -1.62871766   -2.14342904   -2.45248246   -2.38093662  -0.717885494  -0.656791568  -0.327241212  -0.152084321  -0.074316211 -0.00734986551  0.0379571132   0.174314514   0.218588218  0.0918019116 -0.0160762053  -0.112132959  -0.214759335  -0.366658866  -0.300685734  -0.624915302  -0.994755805  -0.715215087   -2.25557733   -1.80754781   -1.47374475   -1.12579107  -0.651719153  -0.572642863 
 24497  1  4 18 12 -1  1  7 18  6  2   -52.5601997   0.148167193 -0.0731889233             0   0.372004926   0.497127116  -0.615851879   0.381242961   0.532169461   0.458410978   0.214822143   0.258003533  0.0880745277   0.101764888 -0.00942817144 -0.0463795476  -0.119676776  -0.139043361  -0.162425682  -0.179338813  -0.108389579   -0.05137394   0.168762207   0.287621528   0.344268262   0.216769233   0.462975234   0.561158836    1.07042921    1.21502984    1.56325984    1.88646102    1.65745258    1.94230318 
 53844  0 12 16  8 -1  4 12  8  8  2   -137.927185   0.114038102  -0.454841375  -0.622472286   -1.22017539  -0.489269853  -0.141976595   0.288161755   0.346372873   0.359468311   0.364687413    0.26072225   0.393927634   0.205184147   0.179100856 -0.0395912938  -0.138421446  -0.241670281  -0.133152962 -0.0320200212  0.0941096246   0.136414617   0.170568824  0.0716270357 -0.0815977901  -0.478737831  -0.732096791   -0.74298501   -0.94773227   -2.07445216   -1.63640332  -0.931016624  -0.271012634  -0.162941396 
 60060 14 16  6  4 -1 14 18  6  2  2   -52.9350586   0.294348538  -0.820832372   -1.23692608   -1.45963764   -1.49920475   -1.01002586    -1.9493283   -1.39470673  -0.576494098  -0.630132139   -0.76075834  -0.459436357  -0.390191972 -0.0369002409   0.179650784   0.174978882 -0.0137689067 -0.0489824452    -0.1431797  -0.408847332  -0.701401711  -0.500166059  -0.583361268  -0.485135049  -0.458986431   -0.34745878  -0.318154305   -0.26138854  -0.313800335   -1.02917683  -0.486569941  -0.765384197  -0.111880228 
 44253  8  8  5  6 -1  8 10  5  2  3   -57.6186523   0.255389512   0.698851824  -0.481987983   0.515644193   0.973944187   0.101092041   0.494409919   0.446008712   0.664298296   0.559405267   0.437856853   0.321158081   0.156596363 -0.0355346501   -0.23084496  -0.205962241 -0.0565236546  0.0636936873   0.156867072   0.175529853   0.211252198   0.177426606   0.103650935  0.0386458114  -0.148772612  -0.623546362    -0.4203839   -1.04823947   -0.38690877  -0.627133548  -0.648954868  -0.439981192  -0.108973324 
  6556 18  0  2  6 -1 18  3  2  3  2   -36.5263672   0.473730534  -0.261450738  -0.729077339  -0.705640972  -0.928806186   -1.16699684   -1.58720756  -0.951442182    -2.0856564   -1.00684667   -1.47080362  -0.672059655  -0.526801169  -0.610970616  -0.327504337  -0.210330084 -0.0901302472 -0.0158852078  0.0202215035  0.0910998061   0.150682613   0.181417808   0.249624982   0.138298884 -0.0408073738  -0.014312963 -0.000844184367   -0.21643348  -0.736670315  -0.964615345   -1.47506535    -1.1467222  -0.717287838 
 15453  5  2 11  6 -1  5  4 11  2  3   -106.871941   0.149799526  -0.513682842  -0.657721698  -0.713791847   -1.29125333  -0.763876915  -0.264172554  -0.605847418  -0.203061596 -0.0127912806   0.101861455   0.252945095   0.179013133   0.175982714  0.0782279521  0.0194278397  -0.183243394  -0.386744469  -0.360593647  -0.172186494  -0.182371095  -0.139111742 -0.0549682453   -0.15685083  0.0423933566   0.510606289    1.45349753   0.798508286  -0.108276546  0.0792500153             0             0  -0.435427487 
 32406  9  5  2  6 -1  9  7  2  2  3   -25.4865112   0.473839372  -0.438083947  -0.424034745  -0.524002194    -1.2037915   -1.29772115   -1.92278612   -1.05689871   -1.26909268  -0.994950056  -0.509654582 -0.00220533041   0.131590545   0.107132562 -0.0526461452  -0.164871052  -0.201460481  -0.297460645  -0.469880521  -0.649072886  -0.844180286  -0.565237522   -1.22210598   -1.07177711   -1.31927598   -1.42203796   -1.13706231  -0.568248391  -0.463060439  -0.260311335 -0.0871162042  -0.247332647  -0.173784852 
 51016 14 10  6  2 -1 16 10  2  2  3   -26.1359863   0.571441054   0.376394808 -0.0839779899    0.25788337    0.19670932   0.573728144 -0.0467840731  -0.446660787  -0.490896493  -0.311515212  -0.188932076   -0.38722387  -0.275636643  -0.237161219  -0.138662234  -0.154639035   0.110518657    0.22747314  0.0114160581  -0.140723407  -0.293147027  -0.349960834  -0.453550011  -0.457859367   -0.75808984   -1.13874376  -0.978797436  -0.953656316  -0.779676318  -0.151565343  -0.361236751  -0.201734498  -0.213911608 
 47256  7  9  6  2 -1  9  9  2  2  3   -31.8242188   0.454910517  -0.168675646 -0.0382893458  -0.193624377             0  -0.381065756  -0.678096116   -1.25422513    -0.8875947   -0.65703094  -0.269167483 -0.00856360327  0.0252336189   0.185107678  0.0179124661  -0.237205997   0.047439035    0.19320333   0.174504831  0.0410280228  -0.206112027  -0.617776394  -0.445306242   -1.08540964  -0.901154578  0.0465536937  -0.113868527   0.611783028  -0.548573613  -0.851058483  -0.378184021  -0.306759685  -0.164707527 
    -1  0  0  0  0  0  0  0  0  0  0   -1.90732849      3.978194   -2.09178329   -1.86570179   -1.58722067   -1.37455308   -1.09305906  -0.824156225   -0.61246568  -0.363604695  -0.142154589   0.123744562   0.314464808   0.585940957   0.809057832     1.0466212    1.26708066    1.43609571    1.71022797    1.91305244    2.01538301    2.23494339    2.42719102     2.7285881    2.81611896    3.05551744    3.07093453    2.99427557    2.88559651    2.72371101    2.37123656    1.68264747   0.723350585   0.723350585 
  9453  5  1  2  6 -1  5  3  2  2  3   -37.4585533    0.46654442 -0.0946392193  -0.159077823  -0.176373988   0.854067624    1.00781953  -0.140082121  0.0711900219   0.175695479   0.238474533    0.15090552  -0.111003846   -0.13783586 -0.0949766859  -0.124407403  -0.160008579  -0.159221828  -0.187044963 -0.0266980026   0.136594757   0.248945832   0.326109856   0.328268737   0.315271348   0.501850784   0.490262479   0.737981081   0.873645306  0.0294808932   0.714350581    1.10294974  -0.483198494   0.792071879 
 40060  6  7  4 12 -1  6 11  4  4  3   -86.9429016   0.200436279 -0.0706092045  -0.575922906   -1.03505456  -0.971721113   -1.53825045   -1.85582101  -0.936413765  -0.544576049  -0.322025061  -0.134164393  -0.119567126  -0.211632028  -0.101852521  -0.137551293  -0.111900866 -0.0149800498  0.0612519272   0.128708169   0.179723084 0.00226891763  -0.190972745  -0.297183752  -0.590102196   -1.01073515   -1.51503885   -1.77364278   -1.10073817   -1.78753543   -1.20297992    -1.1681149  -0.259898305  -0.212287143 
  5603 11  0  6  4 -1 13  0  2  4  3   -42.9470978   0.365958452  -0.217740536 -0.0950121507  -0.357409537  -0.856260598  -0.263249457    -1.0559485  -0.717393756  -0.481426209   -1.34335554  -0.924152553  -0.671749413  -0.284472317 -0.0332073383  0.0815143958   0.144532517  0.0773129463 -0.0679457635  -0.264941841  -0.363461614  -0.472208291  -0.294282258  -0.597972333   -1.38247073    -1.1616981   -1.30534101  -0.821983755  -0.434271991  -0.194027558             0   -0.24715662             0  -0.175410807 
 60275  6 17  6  3 -1  8 17  2  3  3   -39.8635254   0.399384499   -0.15730992             0  -0.149210304   -0.31109333  -0.535781145   -1.04193676  -0.499818206  -0.454940379  -0.887930155  -0.430701137  -0.673291862  -0.485953093  -0.372337401  -0.178584352  0.0417914726  0.0344200172   0.144590408 -0.0850386918  -0.287825793  -0.442079395  -0.731375396  -0.724268436  -0.309437037   -1.29207182   -1.33590508   -1.06143916  -0.606074154  -0.535767555  -0.135318995             0             0  -0.191931024 
 14914  4  2  2  6 -1  4  4  2  2  3   -39.3961639    0.46033895   0.153278902     1.0232358    0.92691797   0.770963609    1.03756499    1.07073498    1.00304234    0.79635036   0.717546701   0.550356328   0.451071054   0.351084381   0.354132235   0.107225999  0.0252597313 -0.0237479229 -0.0671346113  -0.100159697  -0.148813009  -0.101965986  -0.103219695  0.0523938201 -0.000346799527   0.414179474   0.201089337   0.213158816   0.764731109   0.239984468 -0.0313513614 -0.0188536402  -0.373867065 -0.0274800956 
 26088  4  4 16  7 -1  8  4  8  7  2   -98.3707275   0.149902403  -0.330199987  -0.318451166   -1.12754512   -1.50733995   -1.49797726   -1.97825992   -1.18735433  -0.521640837  -0.857561767  -0.318174213  -0.254290074  -0.100931369 0.00466523506  0.0613384694   0.115999736   0.131456017   0.147169933 -0.00730504561 -0.0420713015  -0.097653456  -0.310017705   -0.32647717  -0.286050528  -0.257668227  -0.211320817  -0.300047874  -0.141852841   -1.60890913  -0.987011552  -0.283535004  -0.161157951 -0.0671756789 
   666  0  0 20 18 -1  5  0 10 18  2   -259.109985  0.0595621951  -0.174265727  -0.515451133    -1.1847136   -1.21098149  0.0983439684   0.559704185   0.733911633   0.481974334   0.536298156   0.461952657   0.252068341   0.127331331  0.0898284689 -0.0429116748  -0.072960265   -0.24308154   -0.21233663  -0.137750596 -0.0816697478 -0.0018687112  0.0264826249  0.0688672215  0.0148738567  0.0943926796   0.138786837   0.111520216   0.239853099   0.223309517   0.486560225   0.660292864   0.790332139   0.483220637 
 35294  4  6 12  3 -1  7  6  6  3  2   -38.5911255   0.351005673    0.34273088   0.262191772   0.147370294    1.00089705    1.10364401   0.782872975   0.679315031   0.376363248   0.286031604   0.168557048    0.25644657   0.204700962 -0.0205590166  -0.204024225  -0.198948085  -0.110025637 -0.00849434268  0.0150027536   0.046695929   0.180454776    0.12580362   0.256103516   0.154839978   0.161735773   0.421184391   0.481293499  -0.484609246   -1.11370003   -0.89529717  -0.501769483  -0.214707971  -0.234952942 
 54247  2 12  4  8 -1  4 12  2  8  2   -47.6567917    0.31586653  -0.320162416  -0.478198558  -0.106615767  -0.895851374  -0.311286211  -0.938976884 -0.00865186658  -0.540468812  -0.219010457  -0.147198409  -0.111912504  0.0262320004  0.0738404542  0.0388908423 0.00369392312 -0.00801961124   0.217495471    0.11952582  -0.207566991  -0.226721033  -0.273346275  -0.523823738  -0.636971235  -0.400573075  -0.189970091  -0.317071646  -0.168449834  -0.897803426   -0.29434514  -0.139349893             0  -0.212608382 
 32849 11  5  6  6 -1 13  7  2  2  9   -85.1496582   0.158232242  -0.105641454  -0.498852789  -0.935815513   -1.29411793   -1.39790654   -1.01454151  -0.282843351  -0.201805577    -0.2281643  -0.275445193  -0.401287466  -0.249665201 -0.0901551098  0.0676026791   0.141452387   0.111334413 -0.0245087426 -0.0959553644  -0.278060824  -0.502938449  -0.690324843  -0.628569663   -1.21902072   -1.38754272     -1.223158    -1.0213449  -0.586188614  -0.301166981  -0.436908394             0             0  -0.380947798 
 27470  8  4  8  5 -1 10  4  4  5  2   -40.2548523   0.368227303  -0.629856527  -0.190262556  -0.143246621   -0.10504438  -0.258040428   0.167292029   0.189100176    0.18811886   0.314709187   0.209449738  0.0822782144 -0.0595108643  -0.250740439  -0.369431496  -0.160940096 -0.0455303825  0.0452245213   0.072279267   0.122592553    0.14974001   0.167719617    0.18959327   0.214079544   0.157000005 -0.0606887862    0.12811406  -0.356626391   -1.00307035  -0.774387896   -1.30922103   -0.62330395  -0.275191873 
 51914  2 11 15  9 -1  7 11  5  9  3   -186.403687  0.0940279737  -0.240311325  -0.536678076  -0.397280127  -0.834093451    -1.6355381   -1.72329438   -1.95960426   -1.84119546  -0.717412412  -0.285183996 -0.0466262773  0.0586543158   0.171373084     0.1424229   0.022777589 -0.0415561311    -0.1496768  -0.135654047 -0.0310190879  0.0383626893   0.114246033   0.124958523   0.278030813   0.230375573   0.185980842   0.280523896   0.117806718   0.204833612   -1.01025784  -0.504302382    1.20552158  -0.228172839 
 16859  8  2 12  7 -1 11  2  6  7  2   -101.719162   0.178165317  -0.138586029  -0.498573452  -0.763129532   -1.21394825   -1.91731441   -2.06780052   -1.06840491  -0.386247247  -0.687110662  -0.256897718 -0.0949445814 -0.00654129451   0.148056209   0.198463947   0.174163312   0.109636202 -0.0186744649 -0.0973150954  -0.208525315  -0.127747029 -0.0462017208  0.0646000803  0.0106283464   0.108563051   0.173935801   0.260470897  0.0290813539  0.0213412046   0.824114621   0.771823943  -0.398138702  -0.459805042 
    -1  0  0  0  0  0  0  0  0  0  0   -1.90958703       4.47507   -2.11246157   -1.89330804    -1.6390022   -1.40001798   -1.21808267   -1.02360141  -0.805242658  -0.569667161  -0.310820878  -0.108443126  0.0822744519   0.320432246   0.507993519   0.737547576   0.957678974     1.1537168     1.4005357    1.53947461    1.80280852    1.92654514     2.1307795    2.26076579    2.62756658    2.99883318    3.54554152    3.29573846    3.77503586    3.87325215    3.40640783    2.73900962    1.97504282     0.9641397 
  6554 18  0  2  6 -1 18  2  2  2  3   -39.1456299   0.348631442  -0.192985326  -0.267634839  -0.582635939  -0.550438941    -1.3263818   -1.30575919  -0.914564967  -0.388684332  -0.415527523   -0.29856056  -0.211253628 -0.0960428342   0.091528371   0.126460999 -0.0024275505  -0.166829199  -0.399935067  -0.847741723  -0.900667727   -1.62927449   -2.29224324   -1.35731077   -1.50441873   -1.08539867  -0.381321967  -0.294318676  -0.157762602             0  -0.303443789             0  -0.145187825 -0.0764657706 
 48080 12  9  3  8 -1 12 13  3  4  2   -43.9941406   0.419617623  -0.191541553 -0.0845778435  -0.119261079    -0.6274665  -0.633309484   -1.12820339  -0.989025354  -0.144356489  -0.401268333     -0.603257  -0.404564708  -0.332576543  -0.249296919  -0.173655406 0.00148875732  0.0872101858   0.112596937   0.152813897  0.0428153574 -0.0356006622  -0.157598034  -0.284897447  -0.460250556  -0.623239338  -0.799494088  -0.588301957  -0.436365187   -1.66599679   -1.05621266   -0.69578135  -0.526590765  -0.162006661 
 55106  8 12  6  3 -1 10 12  2  3  3   -36.3730469   0.405724078   -1.00801206  -0.828430593   -1.03691876  -0.946169674    -1.4009881   -1.78559458   -1.95482814   -1.95066512   -1.27611649   -0.75175029  -0.174888536  0.0845975652   0.127182007   0.105128072 0.00653135497  0.0350931585  -0.116023704  -0.256408155   -0.25281024  -0.455760837  -0.723852992   -1.03177035   -1.60358787   -1.70061266   -1.34663773   -1.08670676   -1.19495821  -0.743656099  -0.551589251  -0.714922547 -0.0920251608  -0.103996709 
 58134  7 14  7  4 -1  7 16  7  2  2   -41.5864258   0.395803779    0.52892071   0.609545231   0.407205254    1.02063823   0.811791241   0.716451168    0.45623529   0.453388214   0.373527825   0.225541905   0.260522991  0.0240264032  0.0139390649  0.0549431182 -0.0856845751  -0.197862715  -0.195284426 -0.0499811918  0.0656671748   0.118643969   0.204829231   0.226330802  0.0980971679   0.231051087   0.319276243  0.0877896026  -0.228454798  -0.178325266   0.882034659   0.238893569  -0.558667302   0.708509505 
 28981  0  5  7  6 -1  0  7  7  2  3   -61.5643463   0.216741323   0.385559708  -0.647386312  -0.113588341   0.837380052   0.201558232    0.14117609   0.568627954   0.246351913    0.17694506 -0.0903470367  -0.297655165  -0.215945885 -0.0258330293  0.0249843076  0.0818897635    0.10988421 -0.00896158069  -0.133571893  -0.341049552  -0.506353796  -0.711031079  -0.908894598   -2.35133934   -2.12298036   -1.58431125   -1.48439205   -1.06412053  -0.741451561  -0.925946057             0  -0.602718592  -0.249600515 
 34258  1  6 18 10 -1  1 11 18  5  2   -161.807541    0.10984984  -0.504838884    1.24694228   0.941501737   0.584252656   0.362500072   0.381925672  0.0759723186   0.187299296    0.14496544  0.0543329641  0.0417336784  0.0743567795  0.0199452881  0.0438957028 -0.0175777227 -0.0466103926 -0.0829388872  -0.149597719  -0.177479997  -0.201852456  -0.129582793  0.0461773351   0.126677856   0.411570579   0.475583822   0.704367638    0.79799217   0.532293618    1.13561904  -0.381097108  -0.426107496  -0.366504252 
 45317 15  8  5 10 -1 15 13  5  5  2   -80.1738281   0.223308101  -0.312020242  -0.373846114  -0.815732419  -0.752802789   -1.04548955   -1.06894529   -1.03614879  -0.780297995  -0.660583317  -0.393146574  -0.152194366 -0.0177934468  0.0843274891  0.0681982487   0.127913266  0.0931371152   0.100112021  -0.105020374  -0.144019142 -0.0421900339  -0.190120116  -0.150725722 -0.0117937243   0.053817533    0.32565102  -0.218118832  0.0344338529   0.254807472  -0.479079783   0.695234537   0.254529029   -0.25146082 
 25863  4  4 13  6 -1  4  6 13  2  3   -135.590408   0.123893581   -0.68021971  -0.665950179   -1.14370453  -0.917171955   -1.02862227   -1.20616722   -1.44056809  -0.962150872   -0.66111362  -0.563549519  -0.437109172  -0.467785746  -0.606777012  -0.513872445  -0.171671078  0.0423318855  0.0810294226   0.126219615   0.034445215  -0.054497119     -0.160053  -0.255478859   -0.18390055  -0.440511316  -0.100133747  -0.620730758  -0.434884131  -0.960096717  -0.406870037 -0.0294815656             0 -0.0181093514 
 23505 14  3  2  8 -1 14  5  2  4  2   -31.9089966      0.578915  -0.118665025 -0.0479629748  -0.197517857  -0.198055387   0.403693318   0.449406564 -0.0962202251   0.874374509   0.684378862   0.514787018   0.419289798   0.380312443   0.414029658   0.118118897   0.184065998   0.111652963  0.0820212141 -0.0101476638  -0.110099383  -0.230433524   -0.12636824  -0.123083889   0.037686266   0.148917437   0.252216071   0.421466738   0.505915701    1.07863247    1.12300038 -0.0541537441   -0.23765178  0.0811576471 
 44889 11  8  3 12 -1 11 12  3  4  3   -80.0802917   0.221735999 -0.0758702233  -0.127067566  -0.929480255  -0.662529945   -1.03714371    -1.4683125   -1.47192848  -0.690861464  -0.906936526  -0.621200919  -0.320007265 -0.0671344921 -0.0196083765 -0.0689856932 -0.0696256608 -0.0263124984  0.0956604332   0.137862906  0.0382623002 -0.0458085388  -0.218542665  -0.385155529  -0.838031828   -1.35282683   -1.36899745   -1.98847711    -1.0927074   -1.08919752  -0.884381175  -0.458840489  -0.133847952  -0.369332701 
   105  0  0 20  3 -1  5  0 10  3  2   -73.1384277   0.181267411  -0.301810086  -0.434552908  -0.594897211  -0.723922968  0.0212009978   0.277243644   0.250985622   0.413664162   0.253700584   0.274262875 0.00735991681 -0.0602438748  -0.138681144  -0.104838386 -0.0301634129  0.0500044674  0.0529754348   0.098527804   0.149759918  0.0859654546  0.0227362495  0.0225928333  -0.167039469  -0.390426874  -0.533345103  -0.750193059     -1.055861   -1.20548844   -1.10203886  -0.918305457  -0.269405276  -0.401506722 
  2451  3  0  8 12 -1  7  0  4 12  2   -90.0788116   0.155498728  -0.421022534  -0.087565355             0  -0.288129508   -0.56069833  -0.908276618   -1.21231842  -0.369629622  -0.918257952  -0.465078831  -0.500537038  -0.372802794 -0.0861335471  0.0614522211  0.0970107839    0.14214173   0.134084031 -0.00619196706 -0.0451686233  -0.179292589  -0.231482834  -0.286992759  -0.224245191  -0.120089769   -0.57232666  -0.200193763   -1.48522472  -0.549066603  -0.816309392  -0.950986803  -0.625442863  -0.190525427 
    -1  0  0  0  0  0  0  0  0  0  0   -1.82685506    3.94464731   -2.00891304   -1.77782702   -1.48874104    -1.2254324  -0.996018648  -0.760240734  -0.528130949  -0.279001951  -0.037458431   0.198828951   0.392097026   0.613493681   0.799180269   0.951301813    1.18365455    1.39281821    1.61512148    1.78032458    2.10018611    2.18280339    2.63276434    2.77747059    2.95512938     3.2411449    3.46693444    3.28381348    3.27742267    2.77831388    2.20172215    1.46484029   0.860892236   0.252310455 
 43135  4  8  2  6 -1  4 10  2  2  3   -22.8751221   0.631524682  -0.465122104  -0.260196298  -0.873729765   0.216783598   -1.19047654   0.272434354  0.0920642018  0.0745204389   0.021732986 -0.0941533074 -0.0141127137 -0.0528806783   -0.15264453  -0.160220727  -0.100946844   0.185431063   0.109170459  0.0105601968  -0.127799973  -0.216357708  -0.283137828  -0.586203516  -0.521838546  -0.523321986  -0.900295436   -1.47046709   -1.21522379   -1.10285568  -0.581631601  -0.449051231  -0.378568828  -0.530102134 
 27009  7  4 12  2 -1 10  4  6  2  2   -36.7034302   0.457373321 -0.0692255571  -0.581062973  -0.705835462  -0.950652838   -1.49526238   -1.10035217   -1.62717474  -0.467316389  -0.583200932  -0.201629475  -0.262809336   -0.15554814  -0.117599629 -0.0653016493 -0.0198875461   0.048942253  0.0913414136   0.136027068   0.110027008 -0.0171531979  -0.176181197  -0.235790521  -0.336398304  -0.652378917  -0.809583485  -0.520489395  -0.704309702  -0.318133771  -0.385177463 -0.0925407261    0.34474346    0.51254344 
 20654  4  3 12  9 -1  8  6  4  3  9   -165.693146  0.0500332378    1.38832402    1.34450102   0.682860136   0.620503783   0.526001692   0.364257991   0.176851273  0.0432382226 -0.0891956463  -0.209613055 -0.0944982767  0.0592073835  0.0849640593  0.0841109678   0.134749696   0.253627568   0.145651221   0.154989153  -0.410128713   -1.02747345   -1.08332336  -0.237838984  -0.709746301  -0.190795183             0             0             0 -0.0718043894             0             0             0  -0.235990018 
 28106 10  4  8 12 -1 14  4  4 12  2   -97.3994064   0.174130201  -0.251158267  -0.242821842  -0.824895144   -1.17356563   -1.77641857   -1.25111699  -0.204838619  -0.384205759  -0.247833937  -0.215633005  -0.232974321  -0.108602554 -0.0312265474  0.0688019469   0.060543742  0.0955876634  0.0830707178  0.0997216478  0.0172596779 -0.0766973794  -0.140962511  -0.245644078   -0.35628292  -0.473910242   -1.08374476  -0.480056167  -0.904942036   -1.72453296   -1.29408467  -0.836188734  -0.480180115   -0.30082038 
 23623 15  3  4  2 -1 17  3  2  2  2   -18.3311768   0.838011384 -0.0404115841             0  0.0411411673  -0.162417427   0.355309039   0.554821014   0.475403577   0.599441111   0.355335265   0.347884923   0.160504848   0.225827545   0.222645327   0.136035129 -0.0634549186  -0.199036807  -0.104293674 -0.0432146192   0.102110982    0.12328244   0.174153566  0.0989286825  0.0683494806  0.0756655931   -0.02675521  0.0411696993  -0.356760561  -0.952526629  -0.485989749  -0.575986922             0  -0.322489291 
 37798  0  7  3  6 -1  0  9  3  2  3    -27.539978   0.523563623 -0.0692850053  -0.123198181  -0.123802811  -0.397304833  -0.971523821    -1.3416599   -1.36151707  -0.417974174  -0.557141423  -0.714416981  -0.404560298  -0.123991355 -0.0760428384  0.0019962315  0.0486841314   0.127874792 -0.0365288891  -0.142333284  -0.153928295  -0.145836547  -0.385778993  -0.611515999  -0.640890718   -1.36290097    -1.9536792    -1.6835835    -1.2102133  -0.913924277  -0.822788239  -0.803763449  -0.154954448  -0.425625831 
 18299 15  2  2  6 -1 15  4  2  2  3   -51.8128967   0.367147744 -0.0342645347             0             0             0 -0.0976564735  -0.155521542   0.118877895   0.188201293  -0.168884695   0.724946797   0.410389483   0.503923118   0.448227108   0.306370854    0.14047569   0.115444101  0.0388559736 -0.0145536466  -0.106071733  -0.176549882  -0.109524369 -0.0749186054  0.0109881302   0.259146035   0.444990158   0.411059886  0.0543436818    0.58511287  -0.718303919   0.176134422     1.0008868   -0.11005912 
 14299  2  2 16 12 -1 10  2  8 12  2   -177.893494  0.0871662796   0.329158962 -0.0240409337   0.941962063   0.852906048   0.777588129   0.661169291   0.383129686  -0.042631112  -0.267581522 -0.0768147409  -0.133134022 -0.0685324892  -0.165839463 -0.0730171055 -0.0462516956  0.0130779492   0.080248788  0.0251664352  0.0522256307 -0.0246859826  0.0421910323 -0.0534312464  -0.199429527  -0.123105079   0.274301469   0.291270554   0.368489832    0.26527366  0.0298033655    0.12767005  -0.837894619  -0.840158463 
 23536 14  3  6  6 -1 14  6  6  3  2   -57.2203064   0.239739224  -0.176394895             0             0             0  -0.783861518   -0.22858195   0.229544446   0.135451719 -0.00242441706 -0.0982016772  -0.124021076 -0.0841343179 -0.0530540906  -0.192467779  -0.140105858 0.00169716112  0.0850008279   0.124692373  0.0889200196  0.0204395354 -0.0673448741  -0.201603249   -0.38840872  -0.792661071  -0.819099069   -2.07139063   -1.84983516  -0.582104981  -0.167584389             0             0  -0.343331575 
 15732  5  2  4 18 -1  5 11  4  9  2   -87.5152359   0.178751022  -0.137686208 -0.0358993411  -0.830051899   -1.11850739  -0.936129987  -0.683011293   -0.49743101  -0.338409483  -0.227184415 -0.0873810202  -0.096007295  -0.107772321  -0.184130847  -0.147132933 -0.0369608663   0.146625146   0.110915877   0.111919254  0.0889850035   0.109064803  0.0837244689  0.0467811115  0.0094097387  -0.112674922  -0.272215039  -0.591456115  -0.550549746  -0.726949751   -1.84254515   -1.29855418  -0.837974608  -0.405459523 
 34451  2  6 12  2 -1  5  6  6  2  2   -33.1037903   0.451887876  -0.287242532  -0.315813482  -0.187572509  -0.664342046   -1.04724348   -1.38007462    -1.4065094   -1.08777273  -0.824504435  -0.527221203  -0.232081071   -0.14093338  -0.132916763  0.0207822789  0.0782526135    0.11239256  0.0310966577  0.0193365384 -0.0800248533  -0.124658763  -0.242937326  -0.371057183  -0.424190491  -0.912669957   -1.67343545    -1.2406795  -0.821924627  -0.445794582  -0.332841754  -0.233447045  -0.474769026  -0.096550785 
 47809 10  9  6  3 -1 12  9  2  3  3     -35.29422   0.461718768  -0.233676165  -0.360627294  -0.424138635   -0.88709867  -0.467978865  -0.532093346 -0.0883318037  -0.104261182  -0.114873357  0.0575459488 -0.0986655504 -0.0369990468   0.129509255   0.171722502   0.112592787 -0.0650171489  -0.200026467 -0.0583482385  0.0112591088  0.0681261048   0.156018838   0.277396232   0.233609453   0.390947372   0.732014477   0.641611814   0.511305034  -0.177281961  -0.497578919 -0.0953036919  -0.110276505  -0.199034214 
 13960  2  2 15  6 -1  2  5 15  3  2   -108.794052   0.146815524  -0.484111607   -1.29105854   -1.31859756  -0.974554896  -0.271704525 -0.0173065066   0.199804828   0.244181961 -0.00928327255  0.0919975489  0.0694355592 -0.0986329019  -0.323224723  -0.292327642  -0.161534682 -0.0665764809  0.0869322047  0.0996579528   0.107630923  0.0927333012  0.0275213979 -0.0531830452  -0.158366352  -0.170219421 -0.0920408964  -0.397207499 -0.00680260081   0.296379924   0.583769739   0.905117273    0.21216768  -0.317226917 
 47622  8  9 12 11 -1 11  9  6 11  2    -122.30011   0.126454681  -0.523361385  -0.132506832  -0.442833811   0.138771608  -0.752340078  -0.314992636 -0.0681335256  -0.295180082 -0.0397732146   0.150852442  0.0593938045  0.0251367055  0.0395637788 -0.0861504152 -0.0839333236 -0.0705971122  0.0417211838  0.0854681432   0.110531017    0.14490208  0.0316781886    -0.2204099  -0.317433655  -0.385756165  -0.406585395  -0.660460949   -1.10469925  -0.556882262   -1.22858214   -1.38354993    0.62101835  -0.443519264 
  4910  9  0  2  4 -1  9  2  2  2  2   -19.1351471    0.80009979  -0.233633533  -0.633048296  -0.774571538  -0.961944938 -0.0297201462  -0.648885667  -0.601742983  -0.509956479  -0.428031445  -0.420391917 -0.0932984948  0.0171839613  0.0273085106  0.0672410429  0.0945671573  -0.024866784  0.0411706679  0.0353324711  -0.139267653  -0.215823337  -0.340060025  -0.614382744  -0.609617531   -0.75911212  -0.758008182   -1.01233721   -1.19518423   -1.01160264             0  -0.169411063             0  -0.118599154 
  6044 13  0  5  4 -1 13  2  5  2  2   -46.2852478   0.366419345  -0.189362288  -0.152773499  -0.599807978   0.125333384    1.16702151   0.689659119     0.5289433   0.324495643   0.164160475   0.218947276   0.155240819  0.0927607045  0.0391782597 -0.00190907368 -0.0523633026  -0.125078246  -0.172504649  -0.112167343   0.118430629   0.206011698   0.104785629   0.106921196  0.0315574594 0.00573327905  -0.414231449  -0.483499885  -0.534329176  -0.827679276   -1.40574825  -0.584682167  -0.235775948  -0.238867462 
 37799  0  7 12  2 -1  3  7  6  2  2   -33.7330017   0.496582061  -0.132391512   0.319528967    0.30053857  0.0577891991   0.314514488   0.535811841   0.590682149    0.45675391   0.488758236   0.221298411  0.0743639246 -0.0302745271 -0.0526054762  -0.138164252  -0.102451682 -0.0610676557  -0.109255299  0.0199540015   0.108575255   0.163238868  0.0940124691 -0.0663110986 -0.0777237341  -0.254716992  -0.304293334  -0.277193248  -0.335361868  -0.948157191  -0.710667908  0.0411709771  -0.434178025 -0.0973890349 
 16053  6  2 13 15 -1  6  7 13  5  3   -121.960999  0.0918221995 -0.0820688158             0   0.272518158  -0.145240918   0.944007814    1.17535472    1.15931368     0.9472844     0.7594859   0.720327795    0.27974844  0.0435327664   0.086187616  0.0644952729  0.0229594186 -0.00860033277 -0.0568717755  -0.115997359  -0.138568521 -0.0442730263 -0.0495121144  0.0319311805    0.11561691  0.0650935248   0.154303238   0.129439965 -0.00255775079  -0.100635566   0.300303668  0.0307256598   0.266946852 -0.0741125569 
 43747  6  8  4  4 -1  6 10  4  2  2   -28.5263672   0.595139146   0.162024394  -0.281342208  -0.203153595    1.29771304   0.732328355   0.679663062   0.550774813   0.468364269   0.236179024   0.129220709  0.0470661595  0.0500576235 -0.0575165078 -0.0762395337  -0.038885124 -0.00522269169  0.0290595945  0.0847197548  0.0136620505  -0.169092268   -0.41556862  -0.490503252  -0.597670853   -0.89264971   -1.64390111   -1.70924604   -1.36928999   -1.29848421  -0.757156193  -0.860361934  -0.655184448 -0.0997475088 
 25363  3  4  6  2 -1  5  4  2  2  3   -44.7686768   0.385032445  -0.303126872  -0.104639076             0  -0.893662512 -0.0859947875   -0.28416878   0.289619058  -0.885812342 0.00642677071    -0.2080248   0.459012151   0.437049747   0.280831665    0.25145784    0.13679783 -0.00559604587   -0.09018071 -0.0958754048  0.0258553196   0.161546797   0.253900617   0.446798682   0.368876874 -0.00551768299   0.170557454   0.500469387    1.33496809   0.732065022  -0.741603255  -0.318379968  -0.362069726   -1.06350458 
