0,
1,
2,
3,
4,
5,
6,
7,
8,
63,
63,
63,
9,
63,
10,
11,
12,
63,
63,
63,
63,
63,
63,
63,
13,
63,
63,
63,
14,
63,
15,
16,
17,
18,
63,
63,
63,
63,
63,
63,
63,
63,
63,
63,
19,
63,
63,
63,
20,
21,
63,
63,
63,
63,
63,
63,
22,
63,
63,
63,
23,
63,
24,
63,
25,
26,
63,
63,
27,
63,
63,
63,
63,
63,
63,
63,
63,
63,
63,
63,
28,
63,
63,
63,
63,
63,
63,
63,
63,
63,
63,
63,
63,
63,
63,
63,
29,
63,
63,
63,
63,
63,
63,
63,
63,
63,
63,
63,
63,
63,
63,
63,
30,
31,
63,
63,
63,
63,
63,
63,
32,
63,
63,
33,
34,
63,
35,
36,
37,
38,
63,
39,
63,
63,
40,
41,
63,
63,
63,
63,
63,
63,
63,
42,
63,
63,
63,
63,
63,
63,
63,
63,
63,
63,
63,
63,
63,
63,
63,
63,
63,
63,
63,
63,
63,
63,
63,
63,
63,
63,
63,
63,
63,
63,
63,
63,
63,
63,
63,
63,
63,
63,
63,
63,
63,
63,
63,
63,
63,
63,
63,
43,
44,
45,
63,
46,
63,
63,
63,
47,
63,
63,
63,
63,
63,
63,
63,
48,
63,
49,
63,
63,
63,
63,
63,
63,
63,
63,
63,
63,
63,
63,
63,
50,
51,
52,
63,
63,
53,
63,
63,
63,
63,
63,
63,
63,
63,
63,
54,
55,
56,
57,
63,
63,
63,
63,
63,
63,
58,
63,
63,
59,
60,
63,
61,
62,
