0,
1,
2,
3,
4,
63,
5,
6,
7,
63,
63,
63,
8,
63,
9,
10,
11,
63,
63,
63,
12,
63,
63,
63,
13,
63,
63,
63,
14,
63,
15,
16,
17,
63,
63,
63,
63,
63,
63,
63,
63,
63,
63,
63,
18,
63,
63,
63,
19,
63,
63,
63,
63,
63,
63,
63,
20,
63,
63,
63,
21,
63,
22,
23,
24,
63,
63,
63,
25,
63,
63,
63,
63,
63,
63,
63,
63,
63,
63,
63,
63,
63,
63,
63,
63,
63,
63,
63,
63,
63,
63,
63,
63,
63,
63,
63,
26,
63,
63,
63,
63,
63,
63,
63,
63,
63,
63,
63,
63,
63,
63,
63,
27,
63,
63,
63,
63,
63,
63,
63,
28,
63,
29,
63,
30,
63,
31,
32,
33,
34,
63,
35,
63,
63,
63,
36,
63,
63,
63,
63,
63,
63,
63,
37,
63,
63,
63,
63,
63,
63,
63,
63,
63,
63,
63,
63,
63,
63,
63,
63,
63,
63,
63,
63,
63,
63,
63,
63,
63,
63,
63,
63,
63,
63,
63,
63,
63,
63,
63,
63,
63,
63,
63,
63,
63,
63,
63,
63,
63,
63,
63,
38,
39,
40,
63,
41,
63,
63,
63,
42,
63,
63,
63,
63,
63,
63,
63,
43,
63,
44,
63,
63,
63,
63,
63,
63,
63,
63,
63,
63,
63,
63,
63,
45,
46,
47,
63,
48,
63,
63,
63,
49,
63,
63,
63,
63,
63,
63,
50,
51,
52,
53,
63,
54,
63,
63,
63,
55,
56,
57,
63,
58,
59,
60,
61,
62,
