0,
1,
2,
3,
4,
63,
5,
6,
7,
63,
63,
63,
8,
63,
9,
10,
11,
63,
63,
63,
63,
63,
63,
63,
12,
63,
63,
63,
13,
63,
14,
15,
16,
17,
63,
63,
63,
63,
63,
63,
63,
63,
63,
63,
18,
63,
63,
63,
19,
63,
63,
63,
63,
63,
63,
63,
20,
63,
63,
63,
21,
63,
22,
63,
23,
24,
63,
63,
25,
63,
63,
63,
63,
63,
63,
63,
63,
63,
63,
63,
26,
63,
63,
63,
63,
63,
63,
63,
63,
63,
63,
63,
63,
63,
63,
63,
27,
63,
63,
63,
63,
63,
63,
63,
63,
63,
63,
63,
63,
63,
63,
63,
28,
63,
63,
63,
63,
63,
63,
63,
29,
63,
63,
30,
31,
63,
32,
33,
63,
34,
63,
35,
63,
63,
36,
37,
63,
63,
63,
63,
63,
63,
63,
38,
39,
63,
63,
63,
63,
63,
63,
63,
63,
63,
63,
63,
63,
63,
63,
63,
63,
63,
63,
63,
63,
63,
63,
63,
63,
63,
63,
63,
63,
63,
63,
63,
40,
41,
63,
63,
63,
63,
63,
63,
63,
63,
63,
63,
63,
63,
63,
42,
43,
44,
63,
45,
63,
63,
63,
46,
63,
63,
63,
63,
63,
63,
63,
47,
63,
48,
63,
63,
63,
63,
63,
63,
63,
63,
63,
63,
63,
63,
63,
49,
50,
51,
63,
63,
63,
63,
63,
63,
63,
63,
63,
63,
63,
63,
52,
53,
54,
55,
63,
63,
63,
63,
63,
63,
56,
57,
63,
58,
59,
60,
61,
62,
