0.07062,
0.130893,
0.0994755,
0.121324,
0.0429763,
0.102692,
0.310391,
0.139952,
0.1179,
0.165246,
0.0157138,
0.108564,
0.0897222,
0.0405799,
0.0532175,
0.0914041,
0.0242365,
0.121363,
0.0177546,
0.185049,
0.143491,
0.0148368,
0.038724,
0.0826364,
0.0950743,
0.0389489,
0.0416639,
0.125587,
0.107022,
0.0989575,
0.0324024,
0.0261967,
0.0817124,
0.117309,
0.0797096,
0.134224,
0.0308942,
0.0197315,
0.0478478,
0.0471328,
0.0319718,
0.0541204,
0.2582,
0.0525572,
0.174709,
0.122864,
0.182462,
0.0560076,
0.110059,
0.0444366,
0.102255,
0.191919,
0.208875,
0.0195525,
0.0795289,
0.0628413,
0.0533834,
0.0455534,
0.0816424,
0.292694,
0.109891,
0.171062,
0.0471008,
0.127243,
0.0645831,
0.0275251,
0.151305,
0.0327027,
0.134674,
0.0176854,
0.0290216,
0.102497,
0.16497,
0.00448145,
0.120447,
0.208906,
0.126828,
0.170508,
0.139801,
0.0737348,
0.0506074,
0.101886,
0.199053,
0.0932608,
0.218784,
0.103543,
0.0874245,
0.112296,
0.0334389,
0.126992,
0.181234,
0.0927919,
0.042999,
0.118268,
0.140223,
0.141046,
0.203361,
0.0329332,
0.043423,
0.250125,
0.228464,
0.179051,
0.0652202,
0.119151,
0.16151,
0.106056,
0.136845,
0.143822,
0.527253,
0.0598825,
0.844473,
0.158052,
0.146366,
0.271084,
0.203415,
0.114289,
0.0770081,
0.146143,
0.123273,
0.0630392,
0.159448,
0.200716,
0.307949,
0.0947991,
0.254758,
0.16259,
0.0801532,
0.167607,
0.109095,
0.364067,
0.149957,
0.07701,
0.0893654,
0.204437,
0.106594,
0.225775,
0.108922,
0.132982,
0.117686,
0.205144,
0.0663426,
0.177352,
0.0960336,
0.0790469,
0.0810218,
0.20789,
0.0878264,
0.100128,
0.0558186,
0.0910952,
0.0634444,
0.135864,
0.129079,
0.09453,
0.189379,
0.114112,
0.180126,
0.116454,
0.0950118,
0.0756431,
0.0769542,
0.154625,
0.349749,
0.185993,
0.174228,
0.132026,
0.0633364,
0.115376,
0.119677,
0.175446,
0.361918,
0.109467,
0.132357,
0.0756679,
0.133778,
0.145801,
0.0712248,
0.24741,
0.0895543,
0.0834144,
0.0747856,
0.107158,
0.0703496,
0.0852555,
0.218441,
0.31771,
0.212366,
0.0825874,
0.0825114,
0.0870568,
0.0821887,
0.107399,
0.0660873,
0.113221,
0.0498394,
0.137717,
0.129167,
0.285754,
0.165741,
0.0850123,
0.229185,
0.0714761,
0.107995,
0.187425,
0.337579,
0.124046,
0.133728,
0.0890984,
0.0730082,
0.109526,
0.130287,
0.038945,
0.114099,
0.0551874,
0.0104447,
0.16696,
0.0616994,
0.0818572,
0.170883,
0.052355,
0.169896,
0.0269556,
0.0182138,
0.197945,
0.0735931,
0.121258,
0.0960153,
0.111515,
0.0509998,
0.102037,
0.0657136,
0.0356695,
0.0942912,
0.0978247,
0.276473,
0.05457,
0.168104,
0.100714,
0.0722775,
0.3361,
0.176737,
0.0856095,
0.118123,
0.0370443,
0.0678816,
0.133439,
0.094531,
0.0960011,
0.0399161,
0.10489,
0.0346388,
0.190434,
0.093469,
0.278942,
0.465025,
0.135522,
0.128593,
0.101914,
0.0768055,
0.167638,
0.255767,
0.442169,
0.192718,
0.195626,
0.0893569,
0.134912,
0.651898,
0.574313,
0.0502859,
0.202362,
0.115016,
0.131111,
0.0768842,
0.0570199,
0.0643303,
0.0949033,
0.210312,
0.14533,
0.214167,
0.201598,
0.168251,
0.0320573,
0.194409,
0.139148,
0.181647,
0.130667,
0.138683,
0.194729,
0.25802,
0.0825977,
0.0865525,
0.0990865,
0.211838,
0.0922263,
0.42553,
0.186996,
0.171104,
0.229069,
0.0836984,
0.107272,
0.238679,
0.119103,
0.0834182,
0.250813,
0.0566463,
0.168813,
0.119756,
0.0898264,
0.342441,
0.0702461,
0.0737896,
0.0890092,
0.76659,
0.0714029,
0.147992,
0.058236,
0.110406,
0.08073,
0.102934,
0.0551777,
0.169672,
0.158689,
0.00291566,
0.196453,
0.0773754,
0.147802,
0.0742117,
0.0527059,
0.185606,
0.104315,
0.61866,
0.138628,
0.0965837,
0.0560316,
0.105356,
0.0449041,
0.103377,
0.0840916,
0.220181,
0.0307665,
0.15521,
0.0901307,
0.106695,
0.0418917,
0.109885,
0.0628426,
0.0406741,
0.0684604,
0.106287,
0.245603,
0.114093,
0.0693953,
0.132014,
0.125831,
0.131031,
0.113093,
0.154759,
0.376659,
0.133715,
0.100033,
0.435429,
0.196463,
0.0922886,
0.234754,
0.146568,
0.181234,
0.16276,
0.0886023,
0.224717,
0.19262,
0.176407,
0.411272,
0.168706,
0.14902,
0.221239,
0.37645,
0.071598,
0.0772771,
0.229566,
0.00300529,
0.064536,
0.140777,
0.0907527,
0.0466096,
0.156962,
0.172963,
0.164911,
0.119743,
0.100674,
0.304235,
0.0397231,
0.0569477,
0.118863,
0.0901479,
0.163152,
0.0132785,
0.067404,
0.0824568,
0.0821663,
0.0885887,
0.12275,
0.115988,
0.0529755,
0.143078,
0.0264456,
0.0150246,
0.0643244,
0.0832833,
0.122008,
0.0935757,
0.161743,
0.0718488,
0.0455952,
0.0596994,
0.0692994,
0.149785,
0.068721,
0.0986163,
0.0701887,
0.0410715,
0.0508484,
0.0899143,
0.0233832,
0.110543,
0.0876412,
0.107473,
0.116856,
0.221672,
0.0895771,
0.0957936,
0.0509484,
0.0903785,
0.0692569,
0.0591776,
0.115752,
0.157529,
0.075577,
0.0869071,
0.0977633,
0.124971,
0.118661,
0.157153,
0.0593142,
0.10743,
0.247682,
0.0980643,
0.0886309,
0.108952,
0.60438,
0.22343,
0.062476,
0.0966132,
0.0474457,
0.108491,
0.188919,
0.162843,
0.0725215,
0.202412,
0.107872,
0.0476958,
0.407956,
0.185902,
0.224831,
0.0940919,
0.215031,
0.12229,
0.163383,
0.0568775,
0.0859263,
0.549434,
0.19957,
0.296159,
0.156115,
0.240378,
0.0379973,
0.0595328,
0.126669,
0.0502236,
0.100671,
0.176205,
0.0604585,
0.0685275,
0.134877,
0.0697539,
0.0982549,
0.123,
0.130966,
0.192192,
0.00786878,
0.127505,
0.251131,
0.186248,
0.123968,
0.310776,
0.0975751,
0.163952,
0.110471,
0.09525,
0.171778,
0.0690372,
0.0956719,
0.104254,
0.234368,
0.0997345,
0.0928091,
0.0769966,
0.137553,
0.0585472,
0.0625667,
0.0935029,
0.108959,
0.0960551,
0.0698107,
0.120934,
0.0924011,
0.0627186,
0.079658,
0.138031,
0.043836,
0.0532912,
0.094186,
0.157613,
0.0834865,
0.149741,
0.349983,
0.226084,
0.0560488,
0.183154,
0.0881068,
0.0873169,
0.0770047,
0.1648,
0.191172,
0.094372,
0.172245,
0.111085,
0.0678697,
0.100208,
0.0995716,
0.0801438,
0.112371,
0.131058,
0.32596,
0.192956,
0.0948826,
0.254134,
0.0605673,
0.0904205,
0.072527,
0.159073,
0.164988,
0.0550866,
0.0850283,
0.178634,
0.105504,
0.0603538,
0.321398,
0.134488,
0.171969,
0.140175,
0.0772041,
0.124214,
0.190998,
0.0260908,
0.0851068,
0.0445463,
0.0560966,
0.290302,
0.460067,
0.201674,
0.134022,
0.106292,
0.0464262,
0.146097,
0.109912,
0.0672439,
0.126892,
0.142657,
0.139641,
0.0539212,
0.18501,
0.235945,
0.0140255,
0.141014,
0.112503,
0.137002,
0.0304522,
0.137431,
0.0816228,
0.161745,
0.0236621,
0.0781493,
0.127397,
0.0488553,
0.133031,
0.0327577,
0.2409,
0.129212,
0.115477,
0.198194,
0.0262283,
0.165591,
0.0533718,
0.130887,
0.0532626,
0.0189481,
0.0332001,
0.0474601,
0.0879155,
0.0435228,
0.0474164,
0.0994146,
0.0699673,
0.085815,
0.0485679,
0.107193,
0.0277294,
0.0667935,
0.0725719,
0.0530843,
0.144763,
0.0427695,
0.0887658,
0.0226545,
0.255723,
0.183163,
0.102554,
0.158997,
0.0576112,
0.0470186,
0.223995,
0.233087,
0.164169,
0.165546,
0.142624,
0.0893704,
0.123586,
0.175653,
0.137909,
0.3975,
0.137157,
0.170948,
0.119925,
0.16037,
0.257755,
0.134491,
0.060067,
0.126308,
0.0715995,
0.0556777,
0.120304,
0.11397,
0.146202,
0.131467,
0.392448,
0.184752,
0.117162,
0.104529,
0.101144,
0.137909,
0.210047,
0.0846592,
0.129008,
0.154227,
0.173428,
0.0954494,
0.0694206,
0.0758021,
0.113936,
0.145565,
0.124277,
0.111477,
0.360412,
0.123269,
0.0841063,
0.139723,
0.0980184,
0.188172,
0.0387886,
0.1245,
0.172801,
0.167112,
0.121314,
0.105098,
0.0521147,
0.0508589,
0.391756,
0.146844,
0.0736826,
0.141525,
0.177838,
0.0635592,
0.079028,
0.114331,
0.0973679,
0.100034,
0.0915056,
0.0728544,
0.344646,
0.0910692,
0.503849,
0.13129,
0.100593,
0.193794,
0.104859,
0.0799802,
0.166661,
0.106953,
0.0994103,
0.0922729,
0.0675862,
0.1244,
0.178216,
0.0983003,
0.0659246,
0.0911893,
0.0881484,
0.129908,
0.0835977,
0.0788184,
0.213335,
0.048607,
0.0921087,
0.0918473,
0.298237,
0.188864,
0.142349,
0.0587019,
0.202762,
0.113716,
0.166997,
0.121906,
0.261322,
0.160916,
0.101736,
0.0992651,
0.160498,
0.0636703,
0.186578,
0.120096,
0.121147,
0.144889,
0.0337312,
0.107974,
0.380462,
0.0956638,
0.100237,
0.125661,
0.133428,
0.085851,
0.0953902,
0.110048,
0.0613464,
0.150585,
0.217757,
0.0822751,
0.0522239,
0.115023,
0.0887878,
0.102577,
0.0755092,
0.133739,
0.091403,
0.0496927,
0.0391785,
0.15893,
0.236729,
0.0824551,
0.111553,
0.137988,
0.0583165,
0.0923315,
0.108147,
0.0551875,
0.0329631,
0.0545792,
0.0738387,
0.22422,
0.103814,
0.0718597,
0.0766416,
0.14185,
0.0626672,
0.463833,
0.0797854,
0.27861,
0.0332995,
0.171015,
0.0372445,
0.0468996,
0.116651,
0.359415,
0.0646425,
0.0808726,
0.0303931,
0.0634908,
0.0692951,
0.095705,
0.154778,
0.206492,
0.0783605,
0.123757,
0.271446,
0.0785363,
0.0982881,
0.0854788,
0.101297,
0.0713288,
0.0919494,
0.0982136,
0.155263,
0.10423,
0.10154,
0.129206,
0.0868083,
0.166726,
0.0621394,
0.213369,
0.0410582,
0.0595066,
0.263801,
0.0716324,
0.162389,
0.0345319,
0.146649,
0.00350191,
0.0670078,
0.121805,
0.0966202,
0.128128,
0.0883838,
0.0693478,
0.00322133,
0.164127,
0.0657249,
0.0757328,
0.091247,
0.0566239,
0.0320079,
0.106911,
0.0610973,
0.0747389,
0.0983682,
0.0241653,
0.0709306,
0.0605093,
0.0229822,
0.0723804,
0.201779,
0.091378,
0.140637,
0.0785448,
0.0508549,
0.136636,
0.0763708,
0.0615987,
0.0798475,
0.0513856,
0.10416,
0.0419449,
0.0187226,
0.0536628,
0.17952,
0.159556,
0.126424,
0.104144,
0.148773,
0.145545,
0.126864,
0.150893,
0.0809904,
0.0665535,
0.178031,
0.257425,
0.125611,
0.0592058,
0.116485,
0.192782,
0.128015,
0.0678737,
0.231963,
0.0665994,
0.0418036,
0.0833282,
0.0691488,
0.0586363,
0.128772,
0.0884195,
0.202004,
0.23935,
0.0973868,
0.0750409,
0.174493,
0.114336,
0.0807405,
0.0580784,
0.0924649,
0.109018,
0.139215,
0.243284,
0.224091,
0.129454,
0.131824,
0.137896,
0.12541,
0.104119,
0.470386,
0.106796,
0.321954,
0.125896,
0.193027,
0.173264,
0.0884859,
0.702614,
0.0741245,
0.0826265,
0.107059,
0.194598,
0.121401,
0.197167,
0.260455,
0.0713464,
0.133198,
0.472798,
0.281606,
0.134375,
0.0624689,
0.0611266,
0.147509,
0.175632,
0.0648522,
0.225468,
0.217467,
0.129433,
0.100956,
0.0909024,
0.146323,
0.239336,
0.10768,
0.148991,
0.0709754,
0.0679607,
0.115058,
0.175428,
0.143563,
0.062465,
0.0552625,
0.0969655,
0.0771553,
0.245477,
0.0797937,
0.0798417,
0.0736719,
0.113722,
0.0737083,
0.0872364,
0.118881,
0.226828,
0.172832,
0.180981,
0.0495912,
0.137849,
0.0342917,
0.0909628,
0.0562655,
0.15026,
0.120165,
0.0611077,
0.140945,
0.0630091,
0.0653088,
0.136297,
0.115925,
0.0571903,
0.269432,
0.0427702,
0.145008,
0.0736793,
0.119114,
0.0820596,
0.0850261,
0.0519835,
0.0618589,
0.291637,
0.137375,
0.0535032,
0.152685,
0.192187,
0.0583599,
0.146483,
0.0983887,
0.132544,
0.041422,
0.103647,
0.143069,
0.118396,
0.0938757,
0.0864616,
0.0717213,
0.0348376,
0.0619559,
0.220725,
0.0724246,
0.126012,
0.054775,
0.0766995,
0.0929821,
0.255193,
0.101808,
0.101384,
0.106322,
0.113414,
0.107475,
0.107171,
0.106641,
0.0720664,
0.123159,
0.10489,
0.281122,
0.182699,
0.163974,
0.156985,
0.0515792,
0.0330584,
0.0883902,
0.308536,
0.0993783,
0.326232,
0.206051,
0.114682,
0.107447,
0.108838,
0.0432364,
0.0959068,
0.0807643,
0.0808325,
0.160145,
0.204008,
0.160167,
0.124349,
0.0884421,
0.188701,
0.118456,
0.0732328,
0.108727,
0.0703086,
0.101789,
0.0656401,
0.0765506,
0.0803367,
0.23176,
0.0709003,
0.226977,
0.102127,
0.120232,
0.0541418,
0.188378,
0.0701776,
0.082748,
0.0770964,
0.0754695,
0.153385,
0.153529,
0.148192,
0.205691,
0.0743929,
0.147133,
0.213741,
0.073548,
0.0818837,
0.129394,
0.0391452,
0.100958,
0.149091,
0.243844,
0.136216,
0.0685815,
0.14562,
0.046767,
0.128363,
0.119519,
0.0485787,
0.0433036,
0.0217471,
0.0934833,
0.17,
0.147134,
0.0957178,
0.181188,
0.0260296,
0.0446974,
0.0883089,
0.0472929,
0.0420583,
0.015395,
0.0388572,
0.0859215,
0.0541804,
0.0139566,
0.0936994,
0.0387545,
0.011553,
0.0112329,
0.0820883,
0.0478006,
0.0290141,
0.0774822,
0.210308,
0.184675,
0.038584,
0.143879,
0.0617911,
0.128958,
0.07363,
0.126312,
0.235342,
0.118072,
0.0835441,
0.521514,
0.421365,
0.118099,
0.183444,
0.102907,
0.162049,
0.157766,
0.139098,
0.140994,
0.518419,
0.365095,
0.154242,
0.110999,
0.128329,
0.127132,
0.0386588,
0.123237,
0.0769799,
0.145332,
0.257609,
0.0612036,
0.0967552,
0.0776262,
0.355497,
0.149338,
0.0838358,
0.135925,
0.117967,
0.12144,
0.116823,
0.147055,
0.121565,
0.102302,
0.166557,
0.0798915,
0.0376797,
0.160847,
0.170815,
0.0707409,
0.219039,
0.270014,
0.120314,
0.0782666,
0.172562,
0.102755,
0.184589,
0.0940872,
0.0976718,
0.195443,
0.065692,
0.0672552,
0.171218,
0.13246,
0.090835,
0.10484,
0.154671,
0.0710778,
0.0450643,
0.137611,
0.0468619,
0.0952389,
0.0535859,
0.181234,
0.124256,
0.151772,
0.160827,
0.103635,
0.124245,
0.150231,
0.141145,
0.0771672,
0.215207,
0.0607789,
0.173815,
0.0516112,
0.105372,
0.0947523,
0.0884131,
0.0515978,
0.0531737,
0.15442,
0.399842,
0.0848834,
0.046406,
0.0477278,
0.222802,
0.101751,
0.151012,
0.220276,
0.161227,
0.144981,
0.0664798,
0.126046,
0.113384,
0.134839,
0.108,
0.239489,
0.0344035,
0.0732325,
0.0945931,
0.17093,
0.105853,
0.117598,
0.163771,
0.0591404,
0.0964407,
0.112931,
0.0748336,
0.249798,
0.471291,
0.125147,
0.0980672,
0.057862,
0.0795479,
0.120868,
0.0593894,
0.0681171,
0.377597,
0.196182,
0.119225,
0.0455764,
0.189773,
0.330661,
0.0928361,
0.112637,
0.273036,
0.311837,
0.080939,
0.129051,
0.115362,
0.119485,
0.0801174,
0.17862,
0.286039,
0.193323,
0.0663689,
0.100601,
0.0997671,
0.0966504,
0.129696,
0.0908746,
0.0513766,
0.0829352,
0.0524468,
0.155714,
0.152497,
0.154728,
0.0685916,
0.153434,
0.0603014,
0.0391578,
0.0659152,
0.110406,
0.0859051,
0.097495,
0.136821,
0.0818711,
0.220729,
0.0627366,
0.13818,
0.110036,
0.094066,
0.1175,
0.0491766,
0.0762478,
0.0994358,
0.0315203,
0.0455418,
0.124671,
0.0547638,
0.126911,
0.0570052,
0.112949,
0.0653427,
0.0962584,
0.080619,
0.0559016,
0.0188905,
0.150092,
0.111825,
0.0757434,
0.0885766,
0.197131,
0.169468,
0.135505,
0.0868056,
0.0330233,
0.123847,
0.0411836,
0.085471,
0.128259,
0.0650958,
0.0759239,
0.151907,
0.0308966,
0.102168,
0.0508348,
0.165292,
0.233191,
0.0879174,
0.0985367,
0.121109,
0.129577,
0.0927958,
0.098006,
0.0718432,
0.0990176,
0.109326,
0.151809,
0.0993939,
0.0465018,
0.067942,
0.129483,
0.046036,
0.110996,
0.229403,
0.33808,
0.24606,
0.154863,
0.185008,
0.270854,
0.15535,
0.206855,
0.317566,
0.114752,
0.152461,
0.109061,
0.0719835,
0.0664803,
0.109387,
0.0616933,
0.183545,
0.0859611,
0.151846,
0.175597,
0.161994,
0.148756,
0.242071,
0.206599,
0.134525,
0.185047,
0.137028,
0.19638,
0.11886,
0.160639,
0.165432,
0.129532,
0.0752616,
0.164125,
0.0738365,
0.14212,
0.046731,
0.162077,
0.0751624,
0.06968,
0.0436157,
0.0468285,
0.113321,
0.141072,
0.114244,
0.0801504,
0.0527596,
0.133532,
0.181295,
0.147176,
0.114019,
0.262226,
0.0804264,
0.107671,
0.0918468,
0.111677,
0.119604,
0.394563,
0.0789621,
0.0753641,
0.0586487,
0.265161,
0.0543543,
0.130863,
0.0792813,
0.134786,
0.014832,
0.226904,
0.100511,
0.10796,
0.126877,
0.168647,
0.0545517,
0.131603,
0.102458,
0.138908,
0.0810406,
0.165085,
0.235675,
0.104346,
0.0503561,
0.392566,
0.1388,
0.112606,
0.144131,
0.142732,
0.153669,
0.132521,
0.0704632,
0.0888834,
0.0857089,
0.0648497,
0.194507,
0.117765,
0.0931708,
0.054015,
0.0930006,
0.0796864,
0.0902495,
0.146137,
0.14009,
0.153439,
0.149097,
0.148882,
0.279677,
0.159199,
0.123936,
0.0562964,
0.322236,
0.292391,
0.165976,
0.139907,
0.0934579,
0.0687829,
0.14835,
0.187856,
0.0327004,
0.123807,
0.0168483,
0.0251286,
0.0190785,
0.0345949,
0.0973562,
0.265842,
0.0629815,
0.16149,
0.109028,
0.124903,
0.275176,
0.141829,
0.15324,
0.0591524,
0.56647,
0.150472,
0.268024,
0.136096,
0.173101,
0.258371,
0.0891226,
0.0537048,
0.32001,
0.0930086,
0.239881,
0.0679488,
0.138076,
0.117453,
0.0957465,
0.0504496,
0.0525162,
0.0311219,
0.106076,
0.201517,
0.051163,
0.0216832,
0.0323872,
0.0657142,
0.193571,
0.0721255,
0.0492612,
0.138271,
0.0259621,
0.0246717,
0.140236,
0.0662528,
0.02592,
0.107837,
0.177353,
0.0893565,
0.11433,
0.68153,
0.379001,
0.209596,
0.205534,
0.142329,
0.146044,
0.228515,
0.0562552,
0.103176,
0.0666643,
0.181811,
0.143318,
0.0865941,
0.341386,
0.195784,
0.0552579,
0.099546,
0.120872,
0.111905,
0.0922521,
0.0771388,
0.113587,
0.269654,
0.0898718,
0.153481,
0.0930811,
0.200504,
0.045598,
0.0765835,
0.192369,
0.0584333,
0.159473,
0.227898,
0.104692,
0.161151,
0.107069,
0.0898131,
0.22516,
0.0621456,
0.249488,
0.306402,
0.116337,
0.174056,
0.106822,
0.136944,
0.0932833,
0.109016,
0.133774,
0.317865,
0.117585,
0.145969,
0.0937674,
0.0780883,
0.123236,
0.192454,
0.155047,
0.106352,
0.0766229,
0.191849,
0.135135,
0.0745161,
0.0403028,
0.0972599,
0.102011,
0.0538592,
0.110497,
0.112189,
0.0883339,
0.0719499,
0.0870531,
0.13106,
0.0580989,
0.0497997,
0.0997778,
0.0526018,
0.0731598,
0.0678457,
0.100234,
0.122815,
0.120536,
0.0827253,
0.0924641,
0.0891177,
0.0785457,
0.13794,
0.110571,
0.13343,
0.247091,
0.0696785,
0.114881,
0.0971314,
0.100208,
0.0998694,
0.16983,
0.0947921,
0.105131,
0.109392,
0.0929126,
0.292136,
0.0740285,
0.141189,
0.0650942,
0.11788,
0.157742,
0.12915,
0.0870942,
0.191524,
0.0951587,
0.0647971,
0.0551482,
0.146251,
0.125708,
0.0596341,
0.131289,
0.21146,
0.117979,
0.100982,
0.261655,
0.255431,
0.158477,
0.195881,
0.0699846,
0.143578,
0.333039,
0.0731452,
0.113905,
0.181809,
0.222754,
0.167775,
0.0789254,
0.0516591,
0.19875,
0.0636476,
0.138698,
0.104613,
0.328489,
0.0916954,
0.11414,
0.106183,
0.117751,
0.127124,
0.0572441,
0.163923,
0.0943632,
0.0326166,
0.204988,
0.308997,
0.123963,
0.175836,
0.167224,
0.0911895,
0.0654893,
0.123371,
0.0789288,
0.128129,
0.0362564,
0.053015,
0.0417732,
0.0868456,
0.0739998,
0.0314379,
0.139335,
0.117348,
0.499972,
0.0857308,
0.0895787,
0.0545966,
0.112007,
0.166017,
0.288074,
0.101407,
0.122908,
0.0315155,
0.166306,
0.127595,
0.0964955,
0.148403,
0.0723178,
0.157964,
0.0773018,
0.106235,
0.128321,
0.13398,
0.133418,
0.207429,
0.0667321,
0.131097,
0.0889595,
0.0879351,
0.14225,
0.0574126,
0.101388,
0.0342596,
0.0794351,
0.0578329,
0.0823026,
0.125984,
0.100793,
0.0266634,
0.0876433,
0.0562585,
3.99961,
0.0287643,
0.107966,
0.119836,
0.0959889,
0.163848,
0.0605529,
0.224764,
0.119778,
0.0328197,
0.170545,
0.174492,
0.064756,
0.151885,
0.0695437,
0.0361054,
0.114472,
0.0674113,
0.101154,
0.170713,
0.316111,
0.35479,
0.0802445,
0.0856285,
0.0819579,
0.114048,
0.19461,
0.0757878,
0.189623,
0.140154,
0.0815856,
0.115542,
0.0611667,
0.0620797,
0.141953,
0.100096,
0.0832502,
0.0889757,
0.241329,
0.168692,
0.0928303,
0.0769708,
0.135002,
0.0271494,
0.132152,
0.219361,
0.308526,
0.0803214,
0.0273364,
0.186588,
0.0307088,
0.0665559,
0.194435,
0.217757,
0.0854147,
0.139716,
0.0736719,
0.0922532,
0.0263011,
0.127467,
0.14254,
0.107665,
0.0435329,
0.104362,
0.20368,
0.0767502,
0.045121,
0.0621087,
0.13718,
0.0662077,
0.244745,
0.0412997,
0.042976,
0.0786409,
0.168442,
0.266617,
0.126624,
0.0470793,
0.0131406,
0.0276109,
0.112854,
0.0932846,
0.0784765,
0.113798,
0.247209,
0.257443,
0.216018,
0.172449,
0.0982211,
0.425554,
0.112011,
0.1792,
0.100683,
0.114073,
0.0607219,
0.183565,
0.0471935,
0.239668,
0.255195,
0.303961,
0.177032,
0.259699,
0.263393,
0.181699,
0.298482,
0.314805,
0.208597,
0.259924,
0.285749,
0.306848,
0.205783,
0.241213,
0.127378,
0.216039,
0.220031,
0.324757,
0.249536,
0.18716,
0.161796,
0.145635,
0.229901,
0.191435,
0.169098,
0.273712,
0.319515,
0.146214,
0.211077,
0.2307,
0.243479,
0.223351,
0.296735,
0.154669,
0.175784,
0.168659,
0.204295,
0.249096,
0.198223,
0.245609,
0.172846,
0.290959,
0.283885,
0.283079,
0.209281,
0.220216,
0.179746,
0.233758,
0.237218,
0.262122,
