3.909920, 
0.621760,
0.477854,
0.447285,
0.432025,
0.403600,
0.385839,
0.378323,
0.375642,
0.349921,
0.345978,
0.347825,
0.332190,
0.324333,
0.312596,
0.309737,
0.306779,
0.311329,
0.297109,
0.292879,
0.290694,
0.285866,
0.279348,
0.289382,
0.273994,
0.283887,
0.268361,
0.284521,
0.276903,
0.269534,
0.269012,
0.260251,
0.264307,
0.246837,
0.250915,
0.244072,
0.246856,
0.256520,
0.265310,
0.231961,
0.237672,
0.250750,
0.241026,
0.234804,
0.242615,
0.258333,
0.239507,
0.232580,
0.231488,
0.231274,
0.227343,
0.219910,
0.219567,
0.235107,
0.257946,
0.220720,
0.215778,
0.239482,
0.234023,
0.220568,
0.213787,
0.228401,
0.213390,
0.207495,
0.209248,
0.244129,
0.212698,
0.215086,
0.204553,
0.206832,
0.200657,
0.196508,
0.195508,
0.195966,
0.224028,
0.203539,
0.194620,
0.202467,
0.221776,
0.203561,
0.197578,
0.206169,
0.194828,
0.203718,
0.206635,
0.195605,
0.200770,
0.200509,
0.195987,
0.205726,
0.184206,
0.188911,
0.207730,
0.195183,
0.193871,
0.194355,
0.200664,
0.195214,
0.186759,
0.194899,
0.188557,
0.187431,
0.189275,
0.188118,
0.176831,
0.183142,
0.176833,
0.174816,
0.198660,
0.211641,
0.193351,
0.184159,
0.183551,
0.176600,
0.173393,
0.175807,
0.183568,
0.195556,
0.183504,
0.191904,
0.186867,
0.179923,
0.176227,
0.193398,
0.183435,
0.177183,
0.175885,
0.174277,
0.177344,
0.185599,
0.175041,
0.176083,
0.173957,
0.170826,
0.166172,
0.167809,
0.167716,
0.176049,
0.182728,
0.173463,
0.174488,
0.173422,
0.165299,
0.162701,
0.174496,
0.167713,
0.163452,
0.161017,
0.161273,
0.159659,
0.160987,
0.160807,
0.164618,
0.168290,
0.179975,
0.170761,
0.158424,
0.157740,
0.172629,
0.163595,
0.165728,
0.159537,
0.165057,
0.161556,
0.166044,
0.177715,
0.171190,
0.171445,
0.157346,
0.155100,
0.190755,
0.212680,
0.171532,
0.159194,
0.153046,
0.165572,
0.156104,
0.176320,
0.160376,
0.167566,
0.174264,
0.170201,
0.174982,
0.155107,
0.154989,
0.156735,
0.170005,
0.156819,
0.152356,
0.151701,
0.151340,
0.154897,
0.150944,
0.153560,
0.150928,
0.158653,
0.148335,
0.161456,
0.151327,
0.151580,
0.151645,
0.171404,
0.175127,
0.162105,
0.175632,
0.190210,
0.162955,
0.176159,
0.146644,
0.149267,
0.145037,
0.146894,
0.149520,
0.151039,
0.149782,
0.148168,
0.149629,
0.166637,
0.152209,
0.164862,
0.148444,
0.147314,
0.149587,
0.162661,
0.146699,
0.147376,
0.146725,
0.146819,
0.156024,
0.162611,
0.156335,
0.180266,
0.154144,
0.151594,
0.146002,
0.146948,
0.150305,
0.145335,
0.146636,
0.148634,
0.152754,
0.152552,
0.158464,
0.153262,
0.157669,
0.153382,
0.157709,
0.140965,
0.154761,
0.140794,
0.158290,
0.153541,
0.149678,
0.143864,
0.149151,
0.143144,
0.146998,
0.145998,
0.157548,
0.141089,
0.145859,
0.139094,
0.143726,
0.144326,
0.140224,
0.142451,
0.139353,
0.147309,
0.152128,
0.143064,
0.142478,
0.141025,
0.144814,
0.148927,
0.169320,
0.151814,
0.148145,
0.141251,
0.146118,
0.142586,
0.144555,
0.144044,
0.142197,
0.158702,
0.150893,
0.147104,
0.157684,
0.150784,
0.151832,
0.136212,
0.137141,
0.137186,
0.135965,
0.152505,
0.137920,
0.134988,
0.152304,
0.145244,
0.139105,
0.136372,
0.144171,
0.147911,
0.143634,
0.136239,
0.139343,
0.138868,
0.141138,
0.134625,
0.135950,
0.133187,
0.130000,
0.134069,
0.130213,
0.130624,
0.137770,
0.158258,
0.145254,
0.141396,
0.131423,
0.132858,
0.144995,
0.136661,
0.138544,
0.139940,
0.160465,
0.148146,
0.139075,
0.135284,
0.134513,
0.135869,
0.155526,
0.137522,
0.134400,
0.130562,
0.134774,
0.133535,
0.134662,
0.134100,
0.134729,
0.135858,
0.126733,
0.129056,
0.138464,
0.151043,
0.149154,
0.131818,
0.139527,
0.143672,
0.157872,
0.140781,
0.134688,
0.137222,
0.143233,
0.148313,
0.143563,
0.135841,
0.133328,
0.137143,
0.131118,
0.137267,
0.135927,
0.137042,
0.135431,
0.130107,
0.129221,
0.129695,
0.140309,
0.139247,
0.132639,
0.130379,
0.136378,
0.133553,
0.130190,
0.133875,
0.132472,
0.146127,
0.130281,
0.126817,
0.145744,
0.141610,
0.140562,
0.127739,
0.133018,
0.136238,
0.125667,
0.129262,
0.129075,
0.125620,
0.128662,
0.128978,
0.134643,
0.131103,
0.135923,
0.131661,
0.127598,
0.124173,
0.132560,
0.139164,
0.144149,
0.150922,
0.145500,
0.145842,
0.129576,
0.128766,
0.130321,
0.133108,
0.148428,
0.123430,
0.135640,
0.126207,
0.127297,
0.128334,
0.133230,
0.129614,
0.123740,
0.125864,
0.124149,
0.123588,
0.138361,
0.142721,
0.139693,
0.145659,
0.127291,
0.122130,
0.129533,
0.125766,
0.123174,
0.127074,
0.118970,
0.121144,
0.146528,
0.127733,
0.123225,
0.132860,
0.128211,
0.127169,
0.137658,
0.119802,
0.121954,
0.146842,
0.125357,
0.126563,
0.137412,
0.122315,
0.121832,
0.125097,
0.125089,
0.124738,
0.123492,
0.123794,
0.121572,
0.126725,
0.120226,
0.121160,
0.122990,
0.123880,
0.121659,
0.118938,
0.117398,
0.118993,
0.121966,
0.117798,
0.119638,
0.118585,
0.121367,
0.120948,
0.128644,
0.149154,
0.140129,
0.136384,
0.125923,
0.130307,
0.123993,
0.131499,
0.133664,
0.129596,
0.121173,
0.121729,
0.117511,
0.121570,
0.119852,
0.112415,
0.116872,
0.113795,
0.114296,
0.115497,
0.120035,
0.121872,
0.110980,
0.112164,
0.112431,
0.123414,
0.135059,
0.120406,
0.139524,
0.111327,
0.113009,
0.114994,
0.123494,
0.117821,
0.119320,
0.116556,
0.123913,
0.121896,
0.125551,
0.138617,
0.119901,
0.111681,
0.115893,
0.112703,
0.126706,
0.121966,
0.128994,
0.134525,
0.123993,
0.130311,
0.110078,
0.113756,
0.113505,
0.112173,
0.120211,
0.113751,
0.110939,
0.109705,
0.111126,
0.109322,
0.111534,
0.116676,
0.146234,
0.132457,
0.129256,
0.112646,
0.111101,
0.107921,
0.110102,
0.108886,
0.111307,
0.109640,
0.111129,
0.114021,
0.106813,
0.111261,
0.120593,
0.112571,
0.108205,
0.110786,
0.113178,
0.125693,
0.120131,
0.108359,
0.114234,
0.128339,
0.113086,
0.127458,
0.118769,
0.141614,
0.125893,
0.120264,
0.119412,
0.111656,
0.112321,
0.111761,
0.114239,
0.111671,
0.122279,
0.119574,
0.116539,
0.114840,
0.111499,
0.105455,
0.113496,
0.104829,
0.106110,
0.111881,
0.124993,
0.141688,
0.112412,
0.113606,
0.116940,
0.113442,
0.126294,
0.116801,
0.119154,
0.110975,
0.104023,
0.106400,
0.117347,
0.116776,
0.115627,
0.107900,
0.104501,
0.109824,
0.104343,
0.107105,
0.130566,
0.110431,
0.126170,
0.117673,
0.131553,
0.120924,
0.111364,
0.119714,
0.103100,
0.119329,
0.106014,
0.105093,
0.126910,
0.104497,
0.104906,
0.104041,
0.104281,
0.107701,
0.107932,
0.108079,
0.133610,
0.123091,
0.116520,
0.107406,
0.102948,
0.106446,
0.108093,
0.110200,
0.107307,
0.103425,
0.106056,
0.105615,
0.113918,
0.116544,
0.108582,
0.105251,
0.112045,
0.121025,
0.114120,
0.115995,
0.128796,
0.121316,
0.128512,
0.127368,
0.114865,
0.108916,
0.105020,
0.106839,
0.109612,
0.115244,
0.102782,
0.101492,
0.116138,
0.129472,
0.119275,
0.117022,
0.108001,
0.111560,
0.103544,
0.103233,
0.105137,
0.116116,
0.110349,
0.111731,
0.105383,
0.108327,
0.108403,
0.100179,
0.102303,
0.099133,
0.103046,
0.101590,
0.119072,
0.108388,
0.103454,
0.113166,
0.114447,
0.107175,
0.102952,
0.104384,
0.102254,
0.111639,
0.105138,
0.112075,
0.102386,
0.099884,
0.101160,
0.111975,
0.105597,
0.119410,
0.118474,
0.108335,
0.110173,
0.104023,
0.107273,
0.106315,
0.117427,
0.108160,
0.102636,
0.106729,
0.103513,
0.102795,
0.105547,
0.101732,
0.101505,
0.104760,
0.118887,
0.106796,
0.099660,
0.100939,
0.106408,
0.104974,
0.101842,
0.102565,
0.100787,
0.116015,
0.101726,
0.104742,
0.100037,
0.129477,
0.113196,
0.113923,
0.102826,
0.105504,
0.097791,
0.106465,
0.118606,
0.099749,
0.101441,
0.099527,
0.103674,
0.105039,
0.104415,
0.101186,
0.101269,
0.105481,
0.102106,
0.107442,
0.112069,
0.122133,
0.110523,
0.122807,
0.102536,
0.099931,
0.100711,
0.102069,
0.105784,
0.109248,
0.105620,
0.118654,
0.103439,
0.106863,
0.104733,
0.098837,
0.097708,
0.116132,
0.121526,
0.130251,
0.110025,
0.109960,
0.103789,
0.109099,
0.106349,
0.105712,
0.102325,
0.103785,
0.104791,
0.100899,
0.097550,
0.097467,
0.097419,
0.100042,
0.097770,
0.098780,
0.109347,
0.122283,
0.109147,
0.115576,
0.102351,
0.097686,
0.092062,
0.110949,
0.098251,
0.102015,
0.107098,
0.110847,
0.094480,
0.108634,
0.092752,
0.104462,
0.112555,
0.096278,
0.093937,
0.111028,
0.098826,
0.105433,
0.104258,
0.102602,
0.090865,
0.093192,
0.091670,
0.092846,
0.115697,
0.115339,
0.108394,
0.098447,
0.106948,
0.106302,
0.100333,
0.097940,
0.093131,
0.096091,
0.102908,
0.103076,
0.097884,
0.107031,
0.097467,
0.095871,
0.096430,
0.093436,
0.094243,
0.099910,
0.093625,
0.093164,
0.092310,
0.101338,
0.102348,
0.116670,
0.094454,
0.103922,
0.095162,
0.124435,
0.100942,
0.099783,
0.094535,
0.095278,
0.092943,
0.095498,
0.096544,
0.095336,
0.090015,
0.091757,
0.095185,
0.100126,
0.097116,
0.099352,
0.098944,
0.091294,
0.089090,
0.107422,
0.114395,
0.110921,
0.114913,
0.097694,
0.090847,
0.092278,
0.093355,
0.099486,
0.099836,
0.099558,
0.103928,
0.112833,
0.110935,
0.099964,
0.097328,
0.092031,
0.094416,
0.091625,
0.091288,
0.088223,
0.090451,
0.094974,
0.099739,
0.092052,
0.090011,
0.102553,
0.098422,
0.099961,
0.093718,
0.087996,
0.092218,
0.097644,
0.100695,
0.089690,
0.090454,
0.090551,
0.094872,
0.098306,
0.096914,
0.099946,
0.121573,
0.106821,
0.110960,
0.091441,
0.089938,
0.090145,
0.091483,
0.087642,
0.086530,
0.099075,
0.094345,
0.097403,
0.102745,
0.104732,
0.115797,
0.102966,
0.097728,
0.090024,
0.090630,
0.088498,
0.092415,
0.088429,
0.093144,
0.095727,
0.101068,
0.107754,
0.093148,
0.095355,
0.092972,
0.086740,
0.085117,
0.082570,
0.082792,
0.091523,
0.099457,
0.093446,
0.093499,
0.089561,
0.097747,
0.087681,
0.086053,
0.092088,
0.087276,
0.087407,
0.091503,
0.090417,
0.087175,
0.088105,
0.117584,
0.108589,
0.088438,
0.089142,
0.103077,
0.098466,
0.100809,
0.089477,
0.100000,
0.091934,
0.097294,
0.099200,
0.114025,
0.105482,
0.103792,
0.098852,
0.090551,
0.086778,
0.091570,
0.092658,
0.092860,
0.095069,
0.095305,
0.090852,
0.089019,
0.088483,
0.088938,
0.087688,
0.094031,
0.086620,
0.089736,
0.097062,
0.101802,
0.110104,
0.102880,
0.093453,
0.096671,
0.092437,
0.096557,
0.090561,
0.100142,
0.090992,
0.093562,
0.089379,
0.089317,
0.088197,
0.092091,
0.090536,
0.096571,
0.101153,
0.107015,
0.093656,
0.094612,
0.085101,
0.085767,
0.086537,
0.093292,
0.090099,
0.087147,
0.086056,
0.088153,
0.092509,
0.086854,
0.085174,
0.086524,
0.083974,
0.085327,
0.083917,
0.083144,
0.105914,
0.099690,
0.093067,
0.085753,
0.091860,
0.094874,
0.084974,
0.092957,
0.097374,
0.099679,
0.088019,
0.087840,
0.094697,
0.102421,
0.106998,
0.098496,
0.086721,
0.086259,
0.084552,
0.082439,
0.088471,
0.084395,
0.099427,
0.096484,
0.088730,
0.091325,
0.091325,
0.087176,
0.085541,
0.090108,
0.089836,
0.084815,
0.084652,
0.081246,
0.086452,
0.092483,
0.089561,
0.094722,
0.088589,
0.092606,
0.082718,
0.080957,
0.093259,
0.097526,
0.098491,
0.100379,
0.094093,
0.087929,
0.084480,
0.083027,
0.078787,
0.078342,
0.086518,
0.087266,
0.085240,
0.087298,
0.079209,
0.081989,
0.083975,
0.081637,
0.082617,
0.086919,
0.078880,
0.082174,
0.082049,
0.081037,
0.078735,
0.091009,
0.088708,
0.084771,
0.080778,
0.095656,
0.094170,
0.100532,
0.082118,
0.079841,
0.077115,
0.086228,
0.082738,
0.086469,
0.081324,
0.086100,
0.094272,
0.094567,
0.101380,
0.089529,
0.091035,
0.082428,
0.084197,
0.088551,
0.080134,
0.082476,
0.096463,
0.091047,
0.089748,
0.085282,
0.082789,
0.081027,
0.078135,
0.076084,
0.077079,
0.078115,
0.087767,
0.093015,
0.096269,
0.088753,
0.084747,
0.083625,
0.080870,
0.079551,
0.084428,
0.080222,
0.079104,
0.082664,
0.085210,
0.077808,
0.076749,
0.075989,
0.084715,
0.085231,
0.088967,
0.098338,
0.096997,
0.093815,
0.080733,
0.079059,
0.083344,
0.079681,
0.076049,
0.078626,
0.076985,
0.076245,
0.085117,
0.079729,
0.083224,
0.083532,
0.077110,
0.074175,
0.078126,
0.086715,
0.087844,
0.082102,
0.079687,
0.084209,
0.079475,
0.078340,
0.079177,
0.082695,
0.085141,
0.084349,
0.097098,
0.101839,
0.086814,
0.076885,
0.074608,
0.076807,
0.073677,
0.075525,
0.077372,
0.097342,
0.088823,
0.087366,
0.078066,
0.074894,
0.082556,
0.081607,
0.077544,
0.073822,
0.087332,
0.084573,
0.094033,
0.080766,
0.088498,
0.086258,
0.096056,
0.080816,
0.087455,
0.082657,
0.084535,
0.081591,
0.073433,
0.084147,
0.078856,
0.083476,
0.073275,
0.074624,
0.077659,
0.073544,
0.075342,
0.081280,
0.085996,
0.086614,
0.087826,
0.083705,
0.080028,
0.081500,
0.079972,
0.073058,
0.073322,
0.073381,
0.073595,
0.074597,
0.077395,
0.081677,
0.084288,
0.076296,
0.071832,
0.086155,
0.081850,
0.082080,
0.078805,
0.080597,
0.075176,
0.075291,
0.078764,
0.085179,
0.079753,
0.078544,
0.078262,
0.073490,
0.085969,
0.094281,
0.090925,
0.085202,
0.081640,
0.076586,
0.076993,
0.074662,
0.072923,
0.081261,
0.076105,
0.078174,
0.074558,
0.075958,
0.075855,
0.081577,
0.073544,
0.071949,
0.076344,
0.073608,
0.081561,
0.090080,
0.087439,
0.093563,
0.089984,
0.089655,
0.087071,
0.074756,
0.078991,
0.076413,
0.074447,
0.076668,
0.084892,
0.089637,
0.081976,
0.074971,
0.075184,
0.075491,
0.075163,
0.080660,
0.077093,
0.078055,
0.073665,
0.072555,
0.070270,
0.077718,
0.075961,
0.084022,
0.078809,
0.083989,
0.079456,
0.077983,
0.075211,
0.070501,
0.070837,
0.071111,
0.075062,
0.070757,
0.068803,
0.079662,
0.077700,
0.074485,
0.075985,
0.072970,
0.086666,
0.078007,
0.084668,
0.073132,
0.068284,
0.070514,
0.075426,
0.076575,
0.073258,
0.074453,
0.070212,
0.075223,
0.075131,
0.071975,
0.068947,
0.072386,
0.083563,
0.090414,
0.078511,
0.078362,
0.066959,
0.068863,
0.074905,
0.079636,
0.068543,
0.068031,
0.085515,
0.075363,
0.076148,
0.071413,
0.074688,
0.082108,
0.070464,
0.068483,
0.075104,
0.069900,
0.081992,
0.089513,
0.075679,
0.070045,
0.072752,
0.077952,
0.070070,
0.068797,
0.070627,
0.070157,
0.071587,
0.071961,
0.074048,
0.076020,
0.070884,
0.067948,
0.075777,
0.084613,
0.077348,
0.081608,
0.082584,
0.068563,
0.068202,
0.071675,
0.071349,
0.081433,
0.072756,
0.075334,
0.069354,
0.073307,
0.075497,
0.070427,
0.066950,
0.068775,
0.068139,
0.069869,
0.066949,
0.066779,
0.069167,
0.067092,
0.069827,
0.088993,
0.071312,
0.081751,
0.071658,
0.071337,
0.074719,
0.069462,
0.069018,
0.069571,
0.067810,
0.070529,
0.069009,
0.066420,
0.069661,
0.068468,
0.069847,
0.071621,
0.075283,
0.071301,
0.081651,
0.071374,
0.069205,
0.083168,
0.070565,
0.081636,
0.064968,
0.072069,
0.065208,
0.065870,
0.066172,
0.075460,
0.081329,
0.085656,
0.082530,
0.083040,
0.069860,
0.074869,
0.069365,
0.076264,
0.073639,
0.076594,
0.071014,
0.070825,
0.066353,
0.074195,
0.065400,
0.069150,
0.068851,
0.070549,
0.065361,
0.068138,
0.064868,
0.077359,
0.072576,
0.084160,
0.076125,
0.079375,
0.073219,
0.073360,
0.074825,
0.072497,
0.064537,
0.065173,
0.067854,
0.067084,
0.068909,
0.066228,
0.068676,
0.067622,
0.071725,
0.072713,
0.074292,
0.063466,
0.064363,
0.064925,
0.066300,
0.071649,
0.081286,
0.077012,
0.070284,
0.076606,
0.076503,
0.068200,
0.067927,
0.069829,
0.071785,
0.068629,
0.081196,
0.073806,
0.067050,
0.065187,
0.066582,
0.063027,
0.064831,
0.062648,
0.062715,
0.069816,
0.063642,
0.063218,
0.064034,
0.068039,
0.075095,
0.064701,
0.062976,
0.069060,
0.061243,
0.061616,
0.069475,
0.070652,
0.072838,
0.067694,
0.076838,
0.077689,
0.076578,
0.069703,
0.072596,
0.060732,
0.069455,
0.075073,
0.061382,
0.058947,
0.069011,
0.059999,
0.067986,
0.063361,
0.061962,
0.062353,
0.061054,
0.065939,
0.062042,
0.069802,
0.065200,
0.074807,
0.066231,
0.077635,
0.066033,
0.067098,
0.060501,
0.065265,
0.061000,
0.061379,
0.065711,
0.065071,
0.062271,
0.059105,
0.058492,
0.060480,
0.059106,
0.066693,
0.073543,
0.074015,
0.070416,
0.064076,
0.058327,
0.060032,
0.059366,
0.061156,
0.063564,
0.057770,
0.066661,
0.072961,
0.064992,
0.062933,
0.058189,
0.065152,
0.063958,
0.064155,
0.060494,
0.061216,
0.057500,
0.062731,
0.063524,
0.061511,
0.080392,
0.063645,
0.070441,
0.059756,
0.057620,
0.056934,
0.059614,
0.069125,
0.058343,
0.064756,
0.057287,
0.059122,
0.064020,
0.058491,
0.060733,
0.069775,
0.071991,
0.070853,
0.070253,
0.073076,
0.065645,
0.062213,
0.058752,
0.058244,
0.064447,
0.069838,
0.068920,
0.070683,
0.064593,
0.058482,
0.056638,
0.056273,
0.057532,
0.058976,
0.057667,
0.058940,
0.064405,
0.062812,
0.063931,
0.063502,
0.066850,
0.058133,
0.057397,
0.060463,
0.060407,
0.063750,
0.054477,
0.054671,
0.066185,
0.063415,
0.071568,
0.064202,
0.068947,
0.065984,
0.066445,
0.056785,
0.060360,
0.057236,
0.056569,
0.057922,
0.056534,
0.057041,
0.055948,
0.057158,
0.057295,
0.061589,
0.064681,
0.064419,
0.067955,
0.070608,
0.065416,
0.059861,
0.060157,
0.058078,
0.053410,
0.055640,
0.053771,
0.068249,
0.056399,
0.060221,
0.054219,
0.058445,
0.054662,
0.055086,
0.056618,
0.054588,
0.053656,
0.054152,
0.064691,
0.058311,
0.056229,
0.055596,
0.054549,
0.055074,
0.071646,
0.065343,
0.069035,
0.055249,
0.062463,
0.054649,
0.055283,
0.052977,
0.052717,
0.053251,
0.059250,
0.062651,
0.057890,
0.055817,
0.052276,
0.053101,
0.054854,
0.056789,
0.055853,
0.056148,
0.053820,
0.064200,
0.067964,
0.057862,
0.056304,
0.053822,
0.059154,
0.062511,
0.057472,
0.062775,
0.053186,
0.053498,
0.054008,
0.062267,
0.065419,
0.056595,
0.057133,
0.057640,
0.057404,
0.057334,
0.053927,
0.052555,
0.051124,
0.063019,
0.069363,
0.055644,
0.063560,
0.064525,
0.059701,
0.051152,
0.050484,
0.055347,
0.055551,
0.052863,
0.051286,
0.049443,
0.049290,
0.051363,
0.051655,
0.061851,
0.052683,
0.053075,
0.052698,
0.053806,
0.052462,
0.051018,
0.049744,
0.053357,
0.054847,
0.053847,
0.050782,
0.051638,
0.053005,
0.048925,
0.047701,
0.047878,
0.053284,
0.056677,
0.055918,
0.049681,
0.052734,
0.048890,
0.047674,
0.049634,
0.052878,
0.061323,
0.058437,
0.063703,
0.061887,
0.062735,
0.054593,
0.050429,
0.050896,
0.050525,
0.054516,
0.060632,
0.056663,
0.064117,
0.053999,
0.063630,
0.060925,
0.063421,
0.052690,
0.049388,
0.048332,
0.049478,
0.046409,
0.048433,
0.053652,
0.046553,
0.047076,
0.053823,
0.053083,
0.057217,
0.055863,
0.060118,
0.051171,
0.046973,
0.051029,
0.050648,
0.047730,
0.049558,
0.058424,
0.060121,
0.048103,
0.054158,
0.048537,
0.051437,
0.057103,
0.053139,
0.047730,
0.048236,
0.047414,
0.046494,
0.047174,
0.046905,
0.046547,
0.046053,
0.055456,
0.060372,
0.050918,
0.048673,
0.048731,
0.052364,
0.049554,
0.047108,
0.052819,
0.047242,
0.049788,
0.046237,
0.061140,
0.059246,
0.058263,
0.054137,
0.056569,
0.047265,
0.049283,
0.050751,
0.046821,
0.047563,
0.050035,
0.055628,
0.049324,
0.044058,
0.044649,
0.045946,
0.053458,
0.058113,
0.045708,
0.054379,
0.044705,
0.044711,
0.046205,
0.051832,
0.056137,
0.054166,
0.057456,
0.056179,
0.054731,
0.045029,
0.044839,
0.044705,
0.046866,
0.045542,
0.044041,
0.043252,
0.050981,
0.043059,
0.052146,
0.044347,
0.046499,
0.043859,
0.042606,
0.042576,
0.044204,
0.046833,
0.052789,
0.058180,
0.054307,
0.057892,
0.052275,
0.058865,
0.050606,
0.058510,
0.051842,
0.058273,
0.051216,
0.056349,
0.043787,
0.047301,
0.050711,
0.043505,
0.042731,
0.044869,
0.042260,
0.042239,
0.043142,
0.048996,
0.043775,
0.042827,
0.056477,
0.051642,
0.054478,
0.047383,
0.053197,
0.042573,
0.045189,
0.041897,
0.042818,
0.043030,
0.046988,
0.045334,
0.055088,
0.045611,
0.053686,
0.052739,
0.051328,
0.046254,
0.040833,
0.044762,
0.042615,
0.041259,
0.041895,
0.043792,
0.039736,
0.040350,
0.040240,
0.039987,
0.039037,
0.046057,
0.043039,
0.048143,
0.047450,
0.047349,
0.048060,
0.043931,
0.040715,
0.046098,
0.053069,
0.053181,
0.043465,
0.041916,
0.040648,
0.041736,
0.040108,
0.048778,
0.043433,
0.041977,
0.039777,
0.040718,
0.051448,
0.050565,
0.051555,
0.038733,
0.045896,
0.042907,
0.052138,
0.052933,
0.054450,
0.041672,
0.047809,
0.039489,
0.043193,
0.042736,
0.052550,
0.046979,
0.049076,
0.040616,
0.039828,
0.038401,
0.046610,
0.039503,
0.045896,
0.042993,
0.047595,
0.045080,
0.047833,
0.049446,
0.048849,
0.048377,
0.045955,
0.044427,
0.049320,
0.043825,
0.040891,
0.039566,
0.039017,
0.039856,
0.043079,
0.047651,
0.038552,
0.038898,
0.037987,
0.041739,
0.038113,
0.036962,
0.037472,
0.039843,
0.040279,
0.045168,
0.041781,
0.040072,
0.037386,
0.039079,
0.036760,
0.043458,
0.047440,
0.046665,
0.047920,
0.047182,
0.049152,
0.040437,
0.046054,
0.045269,
0.045043,
0.037549,
0.037007,
0.035773,
0.036977,
0.036826,
0.040626,
0.036299,
0.040143,
0.035159,
0.038610,
0.035908,
0.036388,
0.037650,
0.037007,
0.040757,
0.037596,
0.046091,
0.042634,
0.044827,
0.042017,
0.043868,
0.044097,
0.037883,
0.037069,
0.035105,
0.035271,
0.034947,
0.036788,
0.042387,
0.039397,
0.042977,
0.041312,
0.044849,
0.041599,
0.044867,
0.044565,
0.043211,
0.034534,
0.034696,
0.035997,
0.034809,
0.032369,
0.039455,
0.045234,
0.042652,
0.043324,
0.034958,
0.041485,
0.051274,
0.033052,
0.034387,
0.050957,
0.034314,
0.032881,
0.032462,
0.038163,
0.033577,
0.035073,
0.036256,
0.033516,
0.033445,
0.031849,
0.031893,
0.034309,
0.036794,
0.031785,
0.031063,
0.030294,
0.030262,
0.030262,
0.031419,
0.035521,
0.034622,
0.033277,
0.040484,
0.039052,
0.040782,
0.038233,
0.042387,
0.040676,
0.038125,
0.032128,
0.040477,
0.038340,
0.041803,
0.035253,
0.040212,
0.030840,
0.034423,
0.033804,
0.038571,
0.037948,
0.038694,
0.033627,
0.035212,
0.034491,
0.040100,
0.038948,
0.037504,
0.039186,
0.036161,
0.033412,
0.032619,
0.029583,
0.032683,
0.031167,
0.035184,
0.029477,
0.033695,
0.032578,
0.032162,
0.031490,
0.037138,
0.032924,
0.036247,
0.031273,
0.034173,
0.031151,
0.028663,
0.028283,
0.028151,
0.031850,
0.037929,
0.037996,
0.037291,
0.037731,
0.036441,
0.028740,
0.033901,
0.026026,
0.026590,
0.032537,
0.030313,
0.031767,
0.037101,
0.035978,
0.035822,
0.035048,
0.032731,
0.031168,
0.028094,
0.025902,
0.025150,
0.025294,
0.024807,
0.033340,
0.039155,
0.035435,
0.028451,
0.031672,
0.034461,
0.033413,
0.031836,
0.032685,
0.028970,
0.033404,
0.024511,
0.025000,
0.024045,
0.026577,
0.032631,
0.023114,
0.025422,
0.024390,
0.022846,
0.025431,
0.032726,
0.024972,
0.026816,
0.026038,
0.033309,
0.028463,
0.031161,
0.022567,
0.023668,
0.040975,
0.023962,
0.023408,
0.022404,
0.022867,
0.021626,
0.022527,
0.021704,
0.021429,
0.022191,
0.021326,
0.029129,
0.027320,
0.030354,
0.027943,
0.031153,
0.028816,
0.029673,
0.024437,
0.029958,
0.024747,
0.019884,
0.022987,
0.021772,
0.025539,
0.027619,
0.027883,
0.027941,
0.024289,
0.027929,
0.022052,
0.018766,
0.018068,
0.028133,
0.021131,
0.023167,
0.026811,
0.025826,
0.024673,
0.024911,
0.021408,
0.020794,
0.020302,
0.024372,
0.023285,
0.023882,
0.022413,
0.023163,
0.023311,
0.023658,
0.022067,
0.021148,
0.017469,
0.018208,
0.017754,
0.016732,
0.015193,
0.014822,
0.013895,
0.014708,
0.017814,
0.021604,
0.017996,
0.020019,
0.013999,
0.013433,
0.013090,
0.015646,
0.020137,
0.016244,
0.018960,
0.017020,
0.017496,
0.017348,
0.017190,
0.017706,
0.013991,
0.016525,
0.012651,
0.013070,
0.015965,
0.017371,
0.014180,
0.015493,
0.015390,
0.015636,
0.014547,
0.012923,
0.011971,
0.010127,
0.011809,
0.012997,
0.012259,
0.011069,
0.011717,
0.007364,
0.010091,
0.009914,
0.010546,
0.006664,
0.010557,
0.006260,
0.009574,
0.009356,
0.009048,
0.007891,
0.007998,
0.005909,
0.006526,
0.007380,
0.007117,
0.006937,
0.006539,
0.005647,
0.006146,
0.006095,
0.005122,
0.004705,
