
 63917      19.5   1.08543         0
 42416       8.5  0.907938         0
 50225      12.5  0.825372         0
 22178       5.5  0.795036         0
 97959      14.5  0.711337         0
 65780       6.5  0.661069         0
 93745      31.5  0.635853         0
 97362       6.5  0.606115         0
   342       5.5  0.602591         0
 84382      15.5  0.558291         0
 42992       8.5  0.545794         0
 51204       2.5  0.521265         0
 71727       7.5   0.51976         0
 71755       6.5  0.498544         0
   751       4.5  0.498758         0
 95671      27.5  0.463135         0
   840       6.5   0.45428         0
 66743       5.5  0.452872         0
 70588       4.5  0.433572         0
   156       2.5  0.422299         0
 73475       8.5  0.412299         0
 64766       6.5  0.418135         0
   187       4.5   0.40101         0
  6795      11.5         0  0.401915
 78862      14.5  0.424761         0
 59814      10.5  0.403831         0
 42149       3.5  0.395527         0
 86319       6.5  0.401055         0
 74465       8.5  0.392325         0
 51301       4.5  0.382155         0
 73069       8.5  0.372281         0
 22194      12.5  0.372433         0
 72552       2.5  0.366715         0
 17837      13.5  0.364577         0
 94290       6.5  0.365485         0
 28781       3.5  0.358022         0
 63853      20.5         0  0.359256
 70506       4.5  0.355446         0
 61171      21.5  0.365518         0
   991       5.5  0.352135         0
 57107       1.5  0.346522         0
 52354       1.5  0.350298         0
 43602       4.5  0.343215         0
 72454       4.5  0.339722         0
 21502       6.5   0.33619         0
 81207      23.5  0.334338         0
 78388      18.5  0.324427         0
 75021       3.5  0.327753         0
 22041       2.5  0.322942         0
 42214       7.5  0.327119         0
 35735       1.5  0.324382         0
   309       4.5  0.340347         0
 73676       0.5  0.335496         0
 51825      11.5  0.316355         0
 35943       2.5  0.314722         0
 49137      10.5   0.31176         0
 55263       2.5  0.310499         0
 59568       0.5  0.309443         0
   722       6.5  0.308246         0
   746       1.5  0.304177         0
 66338       0.5  0.313042         0
 73585      14.5  0.308618         0
   161       7.5  0.310737         0
  4739       0.5  0.325214         0
 18569       5.5  0.316901         0
 43045       4.5  0.303621         0
 81925       5.5  0.303758         0
 67859       8.5  0.301147         0
 39308       1.5  0.304356         0
 42057       5.5  0.291634         0
 71916       6.5  0.300358         0
 95562      21.5  0.289975         0
 53267       1.5  0.304445         0
 61041      18.5    0.2861         0
 67902       4.5         0  0.316655
 48051       9.5  0.296771         0
 69199      15.5  0.286613         0
 98044       6.5  0.286203         0
 50276       2.5  0.281781         0
 42519       3.5  0.279888         0
 49136       1.5  0.287574         0
 89136      16.5  0.280923         0
 97622       5.5  0.284822         0
   899       5.5    0.2793         0
 60108       0.5  0.292731         0
   438       3.5  0.312111         0
 97342       8.5  0.282684         0
 29944       2.5  0.282545         0
 24321       3.5  0.279898         0
   873       4.5  0.274813         0
 83624       0.5  0.279132         0
 83301      15.5  0.312133         0
 21937       4.5    0.2778         0
 74095       2.5  0.272991         0
 22376       4.5  0.288181         0
 95329       4.5  0.275757         0
 75422       7.5  0.274977         0
 74884       9.5  0.274494         0
 53782       2.5  0.270426         0
 83625      10.5  0.275481         0
  1282       7.5  0.275252         0
 32225       1.5  0.267407         0
 70224       5.5  0.270166         0
 22524       1.5  0.274676         0
 53466       1.5  0.269994         0
 57289       5.5  0.269853         0
 74045       0.5  0.264324         0
 53933       8.5  0.266656         0
 59716       0.5  0.264341         0
 53674       3.5  0.277975         0
 62027      15.5  0.261297         0
 97460       4.5  0.273361         0
 75515       9.5   0.27755         0
 22791       0.5  0.268212         0
 21684       8.5  0.278189         0
 58687       2.5   0.25896         0
 76206      42.5         0  0.250895
 23200       3.5  0.279524         0
 60594      42.5  0.256505         0
  4118       4.5         0  0.256235
 35038       3.5    0.2863         0
 35420       2.5  0.262029         0
 52562       5.5  0.253688         0
 45256       3.5  0.258237         0
 53856       0.5  0.252713         0
 76215      13.5  0.269491         0
 81576       1.5  0.254415         0
 14111       4.5   0.25414         0
 97127      14.5         0  0.253996
 69609       4.5  0.247697         0
 61971       4.5  0.260693         0
 95946      11.5  0.252488         0
 77939      27.5  0.259396         0
 54771       8.5  0.252402         0
 59889      11.5  0.253401         0
 43592       1.5  0.255388         0
 50603       6.5  0.256337         0
 52785       8.5  0.250148         0
 42918       9.5  0.249641         0
 26238       3.5         0  0.262799
 59503       2.5  0.256877         0
 62957      17.5   1.06358         0
 42790       8.5  0.897365         0
 70617       9.5  0.795126         0
   810       4.5  0.734691         0
 49140       4.5  0.702085         0
 97895      14.5  0.665478         0
 21607       5.5  0.633628         0
 93681      39.5  0.584899         0
 84492       8.5   0.57413         0
 36166      13.5   0.55063         0
 70767       6.5  0.530156         0
 79054      10.5  0.514894         0
 52389       4.5  0.499624         0
   364       6.5  0.484316         0
 86909       8.5  0.463672         0
 94557      20.5   0.45487         0
 83895      18.5  0.437574         0
 42150       9.5  0.442652         0
 29933       3.5  0.436249         0
 60144       7.5  0.426719         0
 22312       3.5  0.413145         0
 71465       2.5  0.413134         0
 62893      18.5         0  0.415996
 78847       5.5  0.397776         0
 95228       3.5  0.396861         0
 71466       7.5  0.389786         0
   246       6.5  0.389127         0
 49079       5.5  0.380512         0
 84809       9.5  0.369474         0
 86255       4.5  0.369623         0
 68668       3.5  0.365885         0
 72515      12.5  0.362046         0
 51140       1.5  0.362499         0
 68576       9.5  0.364929         0
 75760      21.5  0.345373         0
  6832      10.5         0  0.346306
 42864       7.5  0.354404         0
 20197       3.5  0.349364         0
 50110       6.5  0.336001         0
   781       5.5  0.328665         0
   373       0.5  0.329057         0
 74536       8.5  0.326549         0
 84915      17.5  0.323871         0
 42085       4.5  0.323977         0
 87509       3.5  0.317945         0
 58164       1.5  0.309174         0
 21618      14.5  0.343485         0
 22930       1.5   0.29876         0
 34402       3.5  0.316731         0
 54857       7.5  0.309191         0
 93870       9.5  0.299395         0
  1957       3.5  0.298084         0
 73355       5.5  0.295188         0
 46809       4.5  0.289074         0
 23136       2.5  0.284035         0
 85577       2.5  0.288556         0
 36190       3.5  0.307259         0
   338       1.5  0.303803         0
 54125       8.5   0.29409         0
 75121      18.5  0.289997         0
 53650       4.5  0.285627         0
 75340      11.5  0.280739         0
 74918       4.5  0.285825         0
 79488       1.5  0.276659         0
 96918       8.5  0.293572         0
 65790       7.5   0.28495         0
 72980       6.5  0.278947         0
 34755       1.5  0.277607         0
   932       4.5  0.273146         0
 41512       3.5  0.277782         0
 91913       3.5  0.291092         0
 36585       1.5  0.283616         0
 89466       6.5  0.284053         0
 57301       0.5  0.278435         0
 55166       3.5  0.283801         0
 53846       1.5  0.293065         0
 21501       8.5   0.28378         0
   504       1.5  0.278388         0
 53683      13.5  0.272663         0
 39651       0.5  0.281772         0
 74547      20.5  0.278301         0
 33357       1.5  0.277883         0
 35954      10.5  0.263533         0
 21719       4.5  0.264313         0
 61835      10.5  0.270704         0
 48891       3.5         0  0.262702
 42585      11.5  0.293117         0
 43965       1.5  0.274727         0
 57325       6.5  0.262195         0
 75260       0.5    0.2593         0
 21410       5.5   0.25695         0
  3572       0.5  0.270108         0
  1699       3.5  0.264567         0
 65566       3.5  0.256201         0
  2020       4.5  0.254817         0
 45222       2.5         0  0.264652
 80580       5.5  0.258823         0
 16716      13.5  0.259862         0
 40171       1.5  0.261759         0
 80116       5.5  0.278927         0
 75697      34.5  0.273792         0
 20334       1.5  0.263548         0
 35913       2.5  0.258315         0
 35359       2.5   0.25575         0
 50294       1.5  0.251984         0
 73738       4.5  0.257484         0
 97831      14.5         0   0.25596
 86249      16.5  0.275667         0
 51081       4.5  0.257437         0
 63092      13.5  0.250782         0
 80563      37.5         0  0.266199
 96241      43.5  0.268491         0
 57924       0.5  0.256138         0
 90097      28.5  0.260697         0
 85923       4.5  0.253015         0
 53007       1.5  0.254949         0
 70186      13.5  0.252446         0
 42352       6.5  0.260129         0
 65351      18.5         0  0.254524
 89714      67.5  0.255714         0
 58415       0.5  0.271151         0
 90931      42.5  0.267996         0
 87310       1.5  0.262537         0
 74756      19.5  0.262566         0
 21488       2.5  0.247451         0
 60555       8.5  0.243983         0
 52781       8.5  0.250296         0
 90405       1.5  0.241548         0
 91966      10.5  0.260677         0
 22443       1.5  0.241683         0
   954       6.5  0.247376         0
 49076       4.5         0  0.240116
 55825       0.5   0.23967         0
 91684      11.5  0.269354         0
 12787       3.5  0.244009         0
 89869       3.5  0.243962         0
 29883       2.5   0.24549         0
 62931       5.5  0.232769         0
 59954      19.5  0.233398         0
   811       1.5  0.229236         0
 51393       1.5         0  0.249353
 70652       9.5  0.280855         0
 64823       7.5  0.234754         0
 76270      27.5         0   0.24711
 22104       2.5  0.247598         0
 33171       1.5  0.237819         0
 89279       2.5   0.24116         0
 80816       5.5  0.236265         0
 96338       4.5   0.24175         0
 73906      58.5  0.262449         0
 66402       0.5  0.243608         0
   989       1.5  0.244495         0
 61462       3.5  0.252379         0
 94194      64.5  0.236607         0
 23442       1.5  0.234065         0
 75443      33.5  0.248377         0
 35484       1.5   0.23873         0
    19       6.5  0.242122         0
 59373       3.5  0.241557         0
 47857      12.5  0.243264         0
 64877      19.5   1.06159         0
 22114       5.5  0.886014         0
 66740       6.5  0.778652         0
 42480       6.5  0.740706         0
 83442      37.5  0.690842         0
 69657       9.5   0.64598         0
 49022       4.5   0.60466         0
 43056       6.5  0.577434         0
   283       5.5  0.555089         0
 71402       6.5  0.554371         0
 95735      23.5  0.521305         0
 82545      26.5  0.518955         0
 84108      12.5  0.503582         0
 50167       3.5  0.484266         0
 32534       5.5  0.452068         0
 60080      11.5  0.441201         0
 85423       4.5  0.422345         0
   305       6.5  0.417591         0
 85251      11.5  0.413526         0
 16906      11.5  0.410373         0
 22248       4.5  0.394147         0
 57327       0.5  0.396773         0
 69545       5.5   0.38846         0
 78798      14.5  0.381572         0
 68512       6.5   0.37887         0
 70460       4.5  0.373491         0
 83029      17.5  0.368833         0
   836       3.5   0.36046         0
 64813      21.5         0  0.360164
 75468       8.5  0.368622         0
 95475      33.5  0.360678         0
 51313       9.5  0.354391         0
 42213       4.5  0.351379         0
    38       6.5  0.346031         0
 73380       2.5    0.3446         0
 97980       9.5  0.337546         0
 37786       2.5  0.322491         0
 94962      52.5   0.33271         0
 50171       3.5  0.324268         0
 68675       3.5  0.325481         0
   132       4.5  0.325956         0
 42649       5.5  0.317144         0
 42562       0.5  0.325168         0
 22196       7.5  0.351414         0
 72109      11.5  0.308335         0
 81868      12.5  0.302774         0
 85859       3.5  0.297631         0
 74337      10.5  0.307393         0
 76339      18.5   0.30449         0
 28717       4.5  0.300404         0
 28862       3.5         0   0.30329
 73647       8.5  0.317183         0
 21639       1.5  0.301662         0
 42278       7.5  0.293085         0
 73651      23.5  0.285691         0
 81768       0.5  0.312316         0
 75486      13.5  0.305694         0
 23361       3.5  0.293248         0
 74179       6.5   0.28305         0
 22051       3.5  0.283484         0
 59434       0.5  0.299084         0
 24288       3.5  0.292149         0
 35982       2.5  0.292365         0
 53257       6.5  0.275808         0
 90612      17.5  0.275464         0
   814       2.5  0.271178         0
 51268       1.5  0.275984         0
 35014      15.5  0.281232         0
 22082       1.5  0.273231         0
 74189       4.5  0.270529         0
 55665      11.5  0.262966         0
  4177       6.5         0  0.275299
  1308       7.5  0.306643         0
 75917       3.5  0.263061         0
 61105      21.5  0.273118         0
 47653       9.5         0  0.286527
 22386      14.5  0.272163         0
 75878       0.5  0.280314         0
  3909       2.5  0.287544         0
 97825       3.5  0.268193         0
 21416       1.5  0.265689         0
 21977       3.5  0.278324         0
 77047      17.5  0.268477         0
 40230       4.5  0.256039         0
 23320       1.5  0.258395         0
 34583       1.5  0.259472         0
 74609      19.5  0.250565         0
 61878       8.5         0  0.279544
 21336       3.5  0.302995         0
 62002      29.5   0.25383         0
 56479       1.5   0.25152         0
 90546      54.5  0.265381         0
 38150       0.5  0.253837         0
 32232       2.5  0.276754         0
 59509       2.5  0.254611         0
 87436       9.5  0.254055         0
 52626       6.5  0.249976         0
 53956       0.5  0.252826         0
 31229       3.5  0.273104         0
 21581       1.5  0.254067         0
 35442      11.5  0.258842         0
 45158       8.5         0  0.246951
 22118       5.5  0.263751         0
 92339      42.5  0.256042         0
 74666       1.5  0.263104         0
 90944       3.5  0.259065         0
 42227       8.5  0.255877         0
 73802       6.5  0.255697         0
 41505       5.5   0.24421         0
 21714       2.5  0.239691         0
   457       0.5  0.241924         0
 81905      27.5  0.259054         0
 92506       3.5  0.245248         0
 37887       3.5  0.246621         0
 97419       1.5  0.252421         0
   220       6.5  0.258663         0
  3631       1.5   0.24391         0
 67685       4.5  0.237294         0
 39038       6.5  0.245668         0
 67966       6.5         0  0.245473
 75259       6.5  0.251146         0
 35444       1.5  0.247422         0
 29997       4.5   0.25428         0
 89523      23.5  0.241544         0
 78259      16.5  0.242006         0
 36374      14.5  0.247203         0
 56291       0.5  0.239137         0
 39003       0.5  0.236164         0
   250       4.5  0.236311         0
 86057      14.5  0.247809         0
 66804       6.5         0  0.240611
 32083       0.5  0.248157         0
 43112       5.5  0.250461         0
 76334      31.5         0  0.236924
 47991       9.5  0.234556         0
 61561       5.5         0  0.264783
 62132      18.5  0.246327         0
 50163       5.5  0.240276         0
 53792       1.5  0.237566         0
 88971       3.5  0.233833         0
 58453       1.5   0.23832         0
 34338       3.5  0.235852         0
 21928       0.5  0.238011         0
 61617      22.5  0.241406         0
 50211       1.5         0  0.242889
 84596      23.5  0.266203         0
   663       3.5  0.242434         0
 43104       0.5  0.239115         0
 83761      14.5  0.230386         0
 56913       3.5  0.245782         0
 95951       3.5  0.238814         0
 59245       3.5    0.2261         0
 13785       4.5  0.224091         0
 49033       2.5  0.234444         0
  8370       2.5  0.229486         0
 65906      49.5         0  0.220847
 31474      12.5  0.228493         0
 63923      17.5  0.232647         0
 31085       2.5  0.228739         0
 42285       0.5   0.24789         0
 73603       7.5  0.226595         0
 50670       5.5   0.22472         0
 73071       3.5  0.237309         0
 30977       5.5  0.237236         0
 68886       0.5   0.23221         0
 31097       4.5  0.242053         0
 62556       6.5         0  0.236526
 83365      15.5  0.247427         0
 65783       9.5   1.04505         0
 42726       7.5  0.915223         0
 84318      16.5  0.766933         0
 21671       4.5  0.720233         0
 50213       3.5  0.704446         0
 95527      15.5  0.678977         0
 50228       4.5  0.618777         0
   869       4.5  0.611058         0
 15595       9.5  0.566559         0
 70795       9.5  0.554618         0
 72687       6.5   0.52241         0
 79950       9.5  0.511545         0
 85751      21.5  0.486766         0
 42086       7.5  0.472878         0
 87101       8.5  0.462676         0
 93489      19.5  0.446908         0
 22269       4.5  0.438571         0
 53489      11.5  0.430813         0
 42928       7.5  0.419524         0
 70378       7.5  0.409882         0
 72166      10.5  0.401803         0
 95484       4.5  0.392005         0
 68604       4.5  0.412959         0
 50116       2.5  0.395039         0
   215       1.5  0.388824         0
 74499       6.5  0.380386         0
 42288       6.5  0.372313         0
 82316      11.5  0.370033         0
 42291      13.5   0.38109         0
 60773       6.5  0.354887         0
 73163       5.5  0.350724         0
 85359       6.5  0.350918         0
    97       3.5  0.347886         0
 42994      22.5  0.344602         0
 69472       8.5  0.338227         0
 72062       2.5   0.34012         0
 62001      16.5  0.332196         0
 71401       6.5  0.329925         0
 60002       4.5  0.323576         0
   279       3.5  0.321535         0
 59056      15.5  0.322981         0
 21565       4.5  0.319068         0
 31041       5.5  0.331117         0
 19154       3.5  0.308942         0
 86476      12.5  0.309696         0
 88435      22.5  0.310091         0
 80936       3.5  0.300103         0
 75358       5.5  0.302409         0
 49445       8.5         0   0.31072
 89995       5.5  0.320951         0
 71592       2.5  0.304262         0
 94839      41.5  0.309734         0
 21374       2.5  0.316233         0
 73393      15.5  0.310405         0
 22145      10.5  0.302003         0
 70534       5.5  0.301529         0
 69200       4.5  0.300129         0
 88304      20.5  0.286536         0
 96854       4.5  0.298957         0
 21913       6.5  0.292447         0
 43109       0.5  0.317276         0
 92745       2.5  0.296828         0
 72387       8.5  0.284511         0
 21480       3.5  0.281305         0
 73068       1.5  0.281191         0
 61273       7.5  0.287971         0
 73054       1.5  0.296582         0
 39451       3.5  0.289306         0
 91877       2.5  0.281388         0
 64116      16.5  0.273625         0
 92946       5.5  0.289685         0
 66725       7.5  0.283108         0
 58195       0.5   0.30622         0
 27629       6.5  0.281523         0
 37145       1.5  0.298403         0
 23256       3.5  0.274096         0
 69836       0.5  0.299825         0
 74344      11.5  0.293154         0
 87364      12.5  0.271962         0
 80677       8.5  0.266697         0
 21570       3.5  0.270809         0
 52418       0.5  0.277466         0
 94130      85.5  0.267465         0
 66676       9.5  0.262791         0
 62091      11.5  0.262177         0
 50277       3.5         0   0.25609
 28732       1.5  0.275599         0
 23072       2.5  0.263149         0
 36649       1.5  0.268826         0
 58413       5.5  0.256338         0
 13949       1.5  0.258872         0
 49993       4.5  0.257604         0
 42498       3.5  0.256889         0
 78911       7.5  0.255311         0
 44336       5.5         0  0.262418
 42803      11.5  0.258326         0
 49316       2.5  0.259833         0
 51538       4.5  0.251088         0
 96647      11.5  0.250145         0
   401       6.5  0.259006         0
 65975      17.5         0  0.273302
 48987       1.5  0.256805         0
 42148       0.5  0.252172         0
 89011      38.5  0.252075         0
 74506       4.5  0.264215         0
 55299       2.5  0.248634         0
 54258      22.5  0.260615         0
 82804      10.5  0.257998         0
 73740       2.5  0.249019         0
 68684       2.5  0.254125         0
 22192       4.5  0.245059         0
 41342       7.5  0.245733         0
 36075       1.5  0.247204         0
 34439       2.5  0.245958         0
 98280       4.5  0.247237         0
 88818      72.5  0.259711         0
 52540       1.5         0  0.250756
 70524      10.5  0.303409         0
  6745       9.5         0  0.262888
 74163      24.5  0.266208         0
 42982       4.5  0.242023         0
   615       2.5  0.250975         0
 95667      19.5  0.242711         0
 69848       1.5  0.255066         0
 58599       0.5  0.240565         0
 18027      11.5  0.254984         0
 54762       3.5  0.243887         0
 95079       3.5  0.244834         0
 50899       5.5  0.259377         0
 49979       4.5         0  0.271062
 51365       6.5  0.289374         0
 38938       3.5  0.243512         0
 60918       4.5         0   0.25932
  1002       3.5  0.255482         0
 83873      24.5  0.242859         0
 23264       1.5  0.240828         0
 52694       4.5  0.238371         0
 96161       4.5  0.245429         0
 85442       5.5  0.248782         0
 27635       4.5  0.239304         0
 95463      15.5         0  0.242084
 83506      32.5  0.245501         0
 89140      23.5   0.23594         0
 23080       0.5   0.24738         0
   497       3.5  0.241795         0
 75148       5.5  0.248113         0
   692       6.5  0.239103         0
 78894      62.5         0  0.262248
   456       2.5  0.254959         0
 42605       8.5  0.240346         0
 70800       1.5   0.25055         0
 28845       3.5  0.244762         0
 53891       5.5  0.244557         0
 62279       8.5         0  0.264314
 97075      53.5  0.273055         0
 21543       4.5  0.250457         0
 56617       1.5   0.23748         0
 81680       4.5  0.232516         0
 11974       0.5         0  0.236426
 50801      12.5  0.235974         0
 65837      17.5   1.02565         0
 42854       7.5  0.892087         0
 65844       5.5  0.779668         0
 51251       7.5  0.717077         0
 84338      38.5  0.677587         0
 21735       3.5  0.638727         0
 68697       9.5  0.602373         0
 83212      11.5  0.563697         0
 78990       8.5  0.550869         0
 95799      24.5   0.53412         0
 43120       6.5  0.520191         0
 87037       8.5   0.51477         0
 72362       7.5  0.499354         0
 22081       7.5  0.482065         0
 93799      16.5  0.451447         0
   102       5.5  0.442339         0
 97170       8.5  0.439619         0
 22242       5.5  0.426967         0
 32470       4.5  0.417804         0
 73411       9.5  0.404508         0
 51237       3.5  0.400748         0
 70505       4.5  0.391862         0
 65726       6.5  0.372575         0
 21680       3.5  0.377358         0
   224       4.5  0.353819         0
 87155      24.5  0.357845         0
 94903      36.5  0.347956         0
 72996       0.5  0.366981         0
 75550       9.5   0.35408         0
 21538       2.5  0.347364         0
 60001      10.5  0.345509         0
 70632       2.5  0.350796         0
 73995       8.5  0.338945         0
 73711       8.5    0.3324         0
 42739      11.5  0.327382         0
 47717       9.5         0  0.331181
 14664      14.5  0.362334         0
 67703       7.5  0.354416         0
 69692       6.5  0.347162         0
 61899       6.5  0.340751         0
 66797      16.5         0  0.348575
 88052       9.5  0.323554         0
 84463       6.5  0.337192         0
 68240       1.5  0.319552         0
 22256       8.5  0.327328         0
 69600       6.5  0.312873         0
  1367       7.5  0.307858         0
 38939       0.5  0.308772         0
 72433      20.5  0.318511         0
 82737      17.5  0.301822         0
 21438       5.5  0.302419         0
 48871       0.5  0.302506         0
 61042      38.5  0.314881         0
 86350       2.5   0.29631         0
 56977       3.5  0.300081         0
 90059       4.5   0.30229         0
 21506       1.5  0.310374         0
 58992      14.5  0.294388         0
 67651       2.5  0.291716         0
 84566       4.5   0.29604         0
 90355      34.5   0.29077         0
 19076       3.5  0.279124         0
 52301       0.5   0.28815         0
 71819      11.5  0.290247         0
 75824      22.5  0.282376         0
 13726       4.5  0.274436         0
 21544       2.5  0.285096         0
 74662      11.5  0.283459         0
 97982      14.5   0.28414         0
 21849       4.5  0.279972         0
 21423       1.5  0.274782         0
 72098       0.5  0.276396         0
 86021       2.5  0.280688         0
 75187      30.5  0.277836         0
 38895       0.5  0.272368         0
 42631       1.5  0.277036         0
 38299       2.5  0.283969         0
 97660       6.5   0.27347         0
 56207       5.5  0.273889         0
 89573       3.5  0.268937         0
 68620       3.5  0.269661         0
 21990       3.5  0.269575         0
 86313      13.5  0.263888         0
 14170       4.5  0.264751         0
   574       2.5  0.265646         0
  5283       0.5  0.271182         0
 28653       5.5  0.284247         0
 97605       3.5  0.268504         0
 52869       4.5  0.277529         0
 43302      12.5  0.260772         0
 92454       0.5   0.25877         0
 85731       4.5  0.265161         0
 53869       7.5  0.254718         0
 21774       0.5  0.255123         0
 55914       4.5  0.256567         0
 56878       0.5  0.267803         0
 23107       2.5  0.251717         0
 83923      17.5  0.247648         0
 29880       1.5  0.249298         0
   910       4.5   0.26648         0
 79854      44.5         0   0.28932
  2403       4.5  0.255692         0
 55213      13.5  0.262741         0
 88490       0.5  0.272463         0
 86514      71.5  0.256727         0
 58751       1.5  0.252506         0
 58668       0.5  0.252374         0
  1931       8.5  0.257389         0
 59750       4.5  0.252635         0
 55391       2.5   0.24649         0
 98111       1.5   0.25629         0
 50235       4.5  0.281505         0
 40372       5.5  0.255201         0
 53171      12.5  0.260397         0
 85520       1.5  0.260723         0
 76254       8.5  0.256811         0
 42277       3.5  0.254089         0
 21703       2.5   0.25331         0
 75212       6.5  0.246544         0
 78964       7.5  0.249221         0
 58421       1.5  0.251075         0
 34596       1.5  0.247303         0
 59283       1.5  0.244111         0
 42521       5.5  0.248777         0
 52913       8.5  0.248582         0
 21842       1.5  0.240713         0
 69167       8.5  0.241458         0
 58675      11.5  0.242389         0
 22076       2.5  0.245456         0
 21272       3.5  0.242572         0
 66899       7.5  0.243039         0
 35503       1.5   0.24028         0
 74600       7.5  0.242609         0
 82405      11.5  0.240723         0
 27814       7.5         0  0.248624
 50667      12.5  0.276363         0
 56689       6.5  0.245088         0
 28820       1.5  0.246381         0
 87601      18.5  0.242439         0
 47927      10.5  0.241018         0
 48421      12.5         0  0.258754
 38070       3.5  0.268197         0
 26477       4.5  0.239431         0
 32296       1.5  0.240825         0
 52846       4.5  0.242943         0
 86274       4.5  0.241604         0
  3282       1.5    0.2446         0
 20192       1.5  0.235298         0
 81512       1.5  0.236942         0
 58221       6.5  0.234724         0
 89267      35.5  0.233077         0
 30999       2.5         0  0.248657
 21542      10.5  0.273673         0
 73632       3.5  0.243508         0
 93362      63.5  0.234499         0
 57171       1.5  0.239131         0
 52867       4.5  0.238178         0
 22314       1.5  0.249054         0
 34323       2.5  0.234292         0
 93529       1.5  0.236091         0
 73779      18.5  0.233874         0
 57200       1.5  0.225767         0
 55230       3.5  0.229328         0
 55986      18.5  0.226459         0
 34290       8.5  0.224109         0
 54346       1.5  0.223589         0
 21337       1.5  0.232519         0
 90111       5.5  0.237926         0
 81605       3.5  0.236374         0
 88333       5.5  0.228959         0
 23016       1.5  0.230934         0
  1094       6.5  0.225862         0
 55032       3.5         0   0.24142
 63981      19.5   1.01791         0
 95409      34.5  0.820071         0
 22050       3.5  0.782252         0
 92893      18.5  0.696769         0
 51316       6.5   0.67409         0
 61040       7.5  0.620868         0
 86953      12.5  0.599592         0
 78926       9.5  0.567155         0
 83959      24.5  0.539018         0
 50172       3.5  0.513903         0
 84355      12.5  0.505574         0
 70442       7.5  0.488921         0
 42981       4.5  0.478298         0
 50052       2.5  0.482961         0
 85452      10.5   0.46229         0
 93010      12.5  0.453736         0
  1961       5.5  0.440923         0
 75696      21.5  0.414837         0
 37318      12.5  0.406306         0
 22832       6.5  0.408703         0
 86845       8.5   0.40335         0
 21474       3.5  0.393514         0
 74956      11.5  0.388815         0
 69807       8.5  0.388329         0
 76593      20.5  0.374576         0
 85278      13.5  0.365958         0
 54832       5.5  0.358647         0
 51161       4.5  0.354288         0
 22205       3.5  0.353985         0
 21721       2.5  0.341438         0
 48357      12.5         0  0.347838
 69628       6.5  0.405357         0
    73       4.5  0.346791         0
 22717       5.5   0.34737         0
 70432       6.5  0.333708         0
 20275       4.5  0.330403         0
 71988       2.5  0.331568         0
 69672       2.5  0.331357         0
 29869       4.5  0.337426         0
 95794      58.5   0.32722         0
 22258      14.5  0.319057         0
 74435       9.5  0.325268         0
 57453       4.5  0.324969         0
 57041       2.5   0.31978         0
 66789       6.5  0.313791         0
 75404       6.5  0.321544         0
 22132       5.5  0.305544         0
 85183      13.5  0.303831         0
 77235      25.5  0.295852         0
 33622       1.5   0.30356         0
 64941      20.5         0  0.318435
 49015       7.5  0.329267         0
 22722       2.5  0.296425         0
 60066       5.5  0.295326         0
 34503       2.5  0.299159         0
 57295       3.5  0.304642         0
 22039       1.5  0.289346         0
 83567       7.5  0.287272         0
 66432       0.5  0.325509         0
 90610      44.5  0.296353         0
 21959       3.5  0.284624         0
 72094       3.5  0.280736         0
 68611       5.5  0.281945         0
 81832       0.5  0.296378         0
 88331       7.5  0.289869         0
 54031       3.5  0.281793         0
 59309       4.5  0.273926         0
 96993       4.5  0.280012         0
 90548      13.5  0.289923         0
 97440      13.5  0.282438         0
 39893       3.5  0.274666         0
 39372       1.5  0.282475         0
 42342       6.5  0.278649         0
 72689      17.5  0.273126         0
  1843       5.5  0.277728         0
 92829      18.5         0  0.279088
 69835      10.5  0.277229         0
 72916       5.5  0.266042         0
 97278      12.5  0.268875         0
 51191       2.5  0.284325         0
 51252       6.5         0  0.273387
 30004       1.5  0.270266         0
 60659      23.5  0.289985         0
 21359       1.5  0.270719         0
 82801      26.5  0.269433         0
 96076       3.5  0.267344         0
 14915       3.5  0.268723         0
 49072       1.5  0.259682         0
 88690      69.5  0.271234         0
 22866       1.5  0.264615         0
 91977       2.5  0.260795         0
 82565       6.5  0.253099         0
 50606       3.5  0.253143         0
   225       2.5  0.255298         0
 48741       9.5         0   0.26704
 61145      11.5  0.265421         0
 51448       2.5         0  0.292985
 53477      10.5  0.278694         0
 88271       0.5   0.26918         0
 21437       5.5  0.267146         0
 50047       1.5  0.255731         0
 61554      39.5   0.25683         0
 52179       1.5  0.257144         0
   196       1.5  0.258779         0
 97481       0.5  0.262191         0
  2112       9.5  0.277837         0
 21608       2.5  0.255858         0
 58072       0.5  0.250913         0
 54259      13.5  0.260198         0
 97015       3.5  0.253009         0
 30913       3.5  0.262587         0
 87448       1.5  0.252134         0
   933       3.5  0.265612         0
 58714       0.5  0.254954         0
 90225      37.5  0.255193         0
 48537       0.5  0.252203         0
 96800      11.5  0.267443         0
 72247       7.5  0.251665         0
 50230       1.5  0.249185         0
 51328       1.5  0.241397         0
 75200       0.5  0.251185         0
 65662       8.5  0.256602         0
 58686      12.5  0.244024         0
 76910      36.5         0   0.25144
 42547      15.5  0.264925         0
 73961       2.5  0.243279         0
 22182       5.5  0.237274         0
 35976       1.5  0.243443         0
 85683      29.5  0.240471         0
 32496       4.5         0  0.258266
 52803       6.5  0.270725         0
 26300       0.5   0.24156         0
 74593      12.5  0.248915         0
 47899       1.5  0.242164         0
 60581       4.5  0.250522         0
 87804       1.5  0.254419         0
 73702       7.5  0.245799         0
 54667       0.5  0.252679         0
 21479       4.5  0.242363         0
 98240       5.5  0.251829         0
 62000       7.5         0  0.253396
 22281       2.5  0.248813         0
 96819      39.5  0.240871         0
 23297       3.5  0.244836         0
 88334      11.5  0.247681         0
 42621       0.5   0.23769         0
 81457      23.5  0.247816         0
 72704       2.5  0.247804         0
 42505       1.5  0.235913         0
 22408       2.5  0.252195         0
 39305       1.5  0.241906         0
 21265       3.5  0.231179         0
 53778       5.5  0.236262         0
 67503       4.5   0.22914         0
 76318      12.5  0.249203         0
 52693       0.5   0.24661         0
 60734      20.5  0.245007         0
 54179       1.5  0.235125         0
 97852      10.5  0.243327         0
 60131       2.5  0.237699         0
 85743       1.5  0.227132         0
 39766      10.5  0.228531         0
 73012       2.5  0.243965         0
   777       4.5  0.241701         0
 57962       0.5   0.22853         0
 37850       2.5  0.243262         0
 51277       0.5  0.233375         0
 26575       1.5  0.238411         0
 42626       3.5  0.233459         0
 44040       2.5  0.236056         0
 60443       1.5     0.226         0
   918       1.5  0.224356         0