1 1 6 1131 0 0 0
74    12.8411341
108    16.1496296
153    19.9958801
196    22.6245384
253    25.9456615
347    30.7674561
 63917          19.5    1.09119737             0
 42790           8.5   0.926010072             0
 50225          12.5   0.847928405             0
   342           4.5   0.758170366             0
 65844           5.5   0.706588447             0
 86953          10.5   0.679668069             0
 22178           5.5   0.650481284             0
 84382          15.5   0.608924866             0
 93745          36.5   0.574878693             0
 95863          22.5   0.569075048             0
 42214           7.5   0.555196047             0
 70767           7.5   0.532620728             0
 71819           9.5   0.500468969             0
 51204           2.5   0.496033788             0
 42992           8.5   0.497394472             0
 17837          11.5   0.479431331             0
 74435           7.5   0.458031178             0
 68668           3.5   0.435085833             0
 85423           4.5    0.45841831             0
 29933           3.5   0.427266091             0
 74600           4.5   0.437173694             0
   722           6.5   0.429596305             0
  6832           7.5             0   0.426036626
 78862          14.5   0.444405496             0
 84172          14.5   0.406771213             0
 42352           7.5   0.412958682             0
 35014          13.5   0.403800905             0
   161           7.5    0.38596639             0
 24385           3.5   0.407360494             0
 68512           8.5   0.380662769             0
 67779           2.5   0.381848514             0
   899           3.5   0.380324274             0
 22041           2.5   0.369744569             0
 21719           2.5   0.373896092             0
 50172           2.5    0.36311537             0
   187           5.5   0.371544242             0
 87220          17.5   0.353325009             0
 73355           5.5   0.347638309             0
 94433          14.5   0.356819868             0
 89650          47.5   0.347311914             0
 70186           8.5   0.350487351             0
   746           1.5     0.3434048             0
 59568           0.5     0.3468256             0
 51301           4.5   0.334840357             0
 72425           3.5   0.340020955             0
 47991           9.5   0.349025041             0
   954           3.5   0.341651589             0
 39451           3.5   0.331055492             0
 96380           3.5   0.341688037             0
 21543           5.5   0.340457022             0
 94557          27.5   0.330096722             0
 88202          11.5   0.349262834             0
 39651           0.5   0.332325011             0
 95815          20.5   0.325726002             0
 56878           1.5   0.318388194             0
   873           2.5   0.329152286             0
 73995          11.5    0.32204777             0
 64244          15.5   0.318738222             0
 58517           3.5   0.308021575             0
 61041          14.5   0.316816062             0
 63853          18.5             0   0.326567292
 45703           0.5   0.325374603             0
 75508           9.5    0.31037578             0
 90033          19.5   0.314463258             0
 57342           2.5   0.300761461             0
 63051          11.5    0.30471912             0
 14111           4.5   0.301153839             0
   438           3.5   0.305456012             0
    32           0.5   0.324369103             0
 61971           6.5   0.310565412             0
 84293           4.5   0.305898458             0
 56479           2.5   0.302379489             0
  1282           5.5    0.30534023             0
 51161           3.5   0.306281596             0
 65783           8.5   0.960548818             0
 42416           7.5   0.795643985             0
 83442          35.5   0.722518742             0
 49022           4.5   0.653542578             0
 69657           8.5   0.629382908             0
   810           4.5   0.615108013             0
 95671          20.5   0.588764846             0
 42149           3.5   0.526941359             0
 71402           6.5   0.520121574             0
 22269           4.5    0.49486661             0
 53477           5.5   0.480041772             0
 75532           8.5   0.473826289             0
 85452          10.5   0.459269106             0
 15595          10.5   0.445240855             0
   364           5.5   0.444432795             0
 74401          10.5    0.43160966             0
 75760          22.5   0.423973531             0
 70764           3.5   0.423525691             0
 60144           7.5   0.411947846             0
 22312           3.5   0.399040222             0
 70534           4.5   0.399915218             0
 73380           2.5   0.391155779             0
 42803          10.5   0.394196987             0
 49137          10.5   0.378783196             0
 22194          10.5   0.374671251             0
 73603           5.5   0.373317748             0
 85751          18.5   0.371239275             0
    97           6.5   0.371480227             0
 50230           1.5   0.369070739             0
   246           5.5   0.352146119             0
 69600           6.5   0.348377287             0
 70588           4.5    0.34965679             0
 57327           0.5   0.343993962             0
 42864           7.5   0.357092291             0
 28717           3.5   0.340958118             0
 16906          11.5   0.334724784             0
 35420           2.5    0.33365193             0
   840           5.5   0.325844347             0
 77235          18.5   0.319910824             0
 82801          23.5   0.330589861             0
 70225           6.5   0.313831985             0
 51081           5.5   0.313699186             0
 51213           0.5   0.305650026             0
 66789           7.5   0.315802038             0
 97015           1.5   0.325420737             0
 43744           6.5   0.334793299             0
 21639           1.5   0.310424626             0
 71153          13.5   0.311579734             0
 21474           4.5   0.310718417             0
 86255           4.5   0.314695656             0
 77106          30.5    0.31213516             0
 67902           4.5             0   0.327849388
 42621           0.5   0.315889895             0
 21913           6.5   0.340086728             0
 77887           7.5   0.309044391             0
 32225           1.5   0.305059493             0
 57325           6.5   0.298073411             0
 76382           7.5   0.293787628             0
 22196           4.5   0.296523452             0
 96338          11.5   0.293839753             0
 68812           3.5   0.294917434             0
 55665          10.5   0.295241117             0
 72387           7.5   0.292345911             0
 57295           5.5   0.286123574             0
   283           3.5   0.281487584             0
   910           2.5   0.288431227             0
 59716           0.5   0.291537851             0
 83700          18.5   0.287556469             0
 33622           1.5   0.289958447             0
 21423           2.5   0.287874103             0
 34583           1.5   0.275605321             0
 53416           1.5   0.284838557             0
 87372          12.5   0.280753583             0
 21505           2.5   0.278376609             0
 53683          13.5    0.28497541             0
 47361           0.5   0.282162786             0
 45256           4.5   0.290664285             0
 75917           5.5   0.273169667             0
 82510           3.5   0.267271012             0
 72687           9.5   0.288066745             0
 95164           4.5   0.270850152             0
 49292           3.5   0.270819545             0
 43045           3.5   0.264778644             0
 51328           1.5   0.268573225             0
 98163          21.5   0.264400393             0
 59889          11.5   0.263847619             0
 72102           4.5   0.267576456             0
 21438           7.5   0.267377436             0
 22104           2.5   0.263911664             0
 57924           0.5   0.277374268             0
 30977           5.5   0.273966014             0
 75505          27.5   0.261659026             0
 48421           8.5             0   0.273610651
 22118           4.5   0.273230135             0
 73779          24.5   0.280624121             0
 81680           4.5   0.282463133             0
 22524           1.5   0.266973943             0
 73585          19.5   0.263984948             0
 27635           4.5   0.255510986             0
 97481           2.5   0.253981292             0
   932           4.5   0.254532874             0
 51313          10.5   0.257846415             0
 53997           6.5   0.253117949             0
   373           0.5   0.251853466             0
 40906           0.5    0.25444746             0
 54762           3.5    0.25700146             0
 22994           1.5   0.263566822             0
 92940          11.5   0.250218779             0
 62899          14.5   0.889118075             0
 96295          15.5   0.694741726             0
 61037          10.5   0.645537317             0
 22145           6.5   0.571961582             0
 67979           8.5   0.553683639             0
 50228           4.5   0.536892653             0
 51251           7.5   0.514104545             0
 86909           7.5   0.499930084             0
   751           4.5   0.498564154             0
 71270           8.5   0.466069549             0
 21607           4.5   0.463457674             0
 93970          12.5    0.44432801             0
 43120           5.5   0.421822459             0
 71023           8.5   0.413848102             0
 85004          13.5   0.410768986             0
   279           2.5   0.393429607             0
 94194          60.5   0.382579088             0
   156           2.5   0.373802274             0
 69779           6.5   0.366751432             0
 58285           5.5   0.366345525             0
 65726           5.5   0.359434783             0
 80311          16.5    0.35052976             0
 42150           7.5   0.351332664             0
 93725          21.5   0.337228239             0
 61553          10.5   0.328569502             0
 85363          30.5   0.327485114             0
  6795          13.5             0   0.338356912
   991           7.5   0.365969509             0
 61105          15.5   0.322124451             0
 82545          22.5   0.315310031             0
   305           4.5   0.314456791             0
 88052          14.5   0.311663866             0
 53943          14.5   0.309044749             0
 28781           3.5   0.310844183             0
 52389           4.5   0.308329672             0
 53782           1.5   0.304884553             0
 60080          11.5   0.304407537             0
 61899           8.5   0.306217313             0
 20197           3.5   0.296071529             0
 21297           2.5   0.295875967             0
 60973          10.5             0   0.295718431
 22722           1.5   0.312478632             0
 59954          19.5   0.291136682             0
 51825          10.5   0.291527867             0
 98110           9.5   0.296541244             0
 96231          15.5             0   0.297349274
 42631           2.5   0.298533022             0
 93665           5.5   0.286671579             0
   781           7.5   0.289589971             0
 85059          11.5   0.292610407             0
 39308           1.5    0.28716293             0
 57182           3.5   0.282587767             0
 21437           5.5    0.28057453             0
 79144           2.5   0.305822313             0
 70430           3.5   0.276740223             0
 21684           7.5    0.27928403             0
 58541           5.5   0.272756398             0
 60555           8.5   0.266949803             0
 96241          45.5   0.269920439             0
 27430           6.5             0   0.282308072
 42928           9.5   0.293144792             0
 42585           4.5   0.275068969             0
 63092          12.5   0.281455338             0
 87428           9.5   0.268346131             0
 71916           5.5   0.260029703             0
 78964           5.5   0.261166364             0
 71466           7.5   0.257331461             0
 22930           1.5   0.262901932             0
 77811          26.5   0.266943842             0
 39309           0.5   0.271277636             0
 72747           2.5   0.265982509             0
 76215          10.5   0.254822314             0
 73802           4.5   0.258568943             0
 39038           8.5   0.257395685             0
 71219          16.5    0.25544396             0
 87861           7.5   0.261689723             0
 48357           8.5             0   0.250773847
 21374           5.5   0.282621831             0
 22386          14.5   0.248712376             0
 58687           1.5   0.261698335             0
 73393          16.5   0.251341909             0
 83027          14.5   0.249182716             0
 50163           9.5   0.256234139             0
 55235           1.5   0.251047403             0
 83301          13.5   0.265427679             0
 80563          37.5             0   0.251207978
 61042          35.5   0.259524167             0
 53165           2.5   0.251115233             0
 53891           5.5   0.273410499             0
 97686           5.5   0.249441817             0
 88207           2.5   0.251160264             0
 74916           0.5   0.252005219             0
 32083           1.5     0.2582829             0
 81393          24.5   0.252684683             0
 66642           1.5   0.247043222             0
 52626           6.5   0.248997122             0
 21410           4.5   0.250980079             0
   504           1.5   0.248489499             0
 75468          12.5   0.243522033             0
 42626           1.5   0.245352983             0
 13949           1.5   0.253000706             0
 73906          45.5    0.24678421             0
 58599           0.5   0.245476425             0
 66725           7.5   0.248098865             0
 21992           0.5   0.252192229             0
 22192           4.5   0.239636526             0
 86388          14.5    0.23578921             0
 21984           2.5   0.235844567             0
 31097           3.5   0.233612433             0
 38939           0.5   0.259641737             0
   497           3.5   0.240757018             0
 66402           0.5   0.241750389             0
 14664          14.5   0.249119639             0
   836           3.5   0.231492013             0
 41342           5.5   0.232893437             0
 89011          33.5   0.230516255             0
 53267           1.5   0.239751771             0
 53171          12.5   0.235053122             0
 54632           2.5   0.234074056             0
 49079           7.5   0.229375735             0
 78855           0.5   0.235671118             0
 53489          12.5   0.244615093             0
 39854           0.5   0.237695843             0
 35982           2.5   0.240662307             0
 39002           1.5   0.234530151             0
 32232           2.5   0.238848716             0
 21581           0.5   0.240938067             0
 51569          11.5   0.233942568             0
  1094           5.5   0.228196353             0
 21937           4.5   0.228012666             0
  4798           1.5   0.229318246             0
 22408           2.5   0.229591817             0
 72585           4.5   0.227497265             0
 83873          15.5   0.228321478             0
 60207           3.5   0.227843598             0
 65351          12.5             0   0.223779291
 29997           2.5   0.223356932             0
 60259           4.5   0.230442211             0
 30051           0.5   0.221978858             0
 70652           8.5   0.242298841             0
 81576           0.5   0.239666998             0
 59605           5.5   0.239902332             0
   368           1.5   0.230855227             0
 43474           6.5   0.234427437             0
  5997          10.5             0   0.235469148
 21721           3.5    0.23905912             0
 66773           2.5   0.236280218             0
 52910           2.5   0.233922392             0
 58377           5.5   0.231919706             0
 42288           4.5   0.235723808             0
 44040           2.5   0.231403336             0
 88269           3.5   0.236057669             0
 22258           9.5   0.223794729             0
 48050          16.5   0.840664387             0
 81630          15.5   0.655754685             0
 84656          10.5   0.588009894             0
 62001          11.5   0.562592208             0
 96883          27.5   0.518532395             0
 42854           6.5   0.498420507             0
 51417           3.5   0.478505075             0
 86083           9.5   0.449775428             0
   401           4.5    0.43403396             0
 42547           7.5   0.421910793             0
 51198           6.5   0.411976546             0
 94962          63.5    0.40432477             0
 51104           3.5   0.378219277             0
   869           4.5   0.371953249             0
 53705           5.5   0.367369503             0
 42278           7.5   0.365312636             0
 79054           7.5   0.346726745             0
 36166          15.5   0.346951395             0
 49445          10.5             0    0.36712122
 65780           7.5   0.363654941             0
 42291          10.5   0.337544531             0
 71338           7.5   0.326156616             0
 89523          23.5   0.321071774             0
 69609           4.5   0.322522044             0
 59878           7.5    0.31930089             0
 21480           3.5   0.314532906             0
 50167           3.5   0.306303442             0
 97034           9.5   0.302185446             0
 60020          15.5   0.298016489             0
 70595           5.5   0.294011503             0
 90097          22.5   0.291315049             0
 21986           2.5   0.291385531             0
 69175          20.5    0.28351751             0
   609           2.5    0.28325808             0
 57041           2.5   0.278419256             0
 60187           2.5   0.280943602             0
 52338          13.5    0.27688542             0
 71525           9.5   0.267399758             0
 42226          23.5   0.265879482             0
 58195           0.5   0.270322382             0
   220           5.5   0.278109848             0
 70995           8.5   0.263740778             0
 70224           3.5   0.274215758             0
 53741           3.5   0.267162651             0
  2020           3.5   0.260615289             0
 74593           5.5   0.260109335             0
 80734          15.5             0   0.267120898
 54125           7.5   0.260460347             0
   936           1.5    0.26073131             0
 62027          10.5   0.259847105             0
 84963           5.5   0.254822552             0
 47653           9.5             0   0.260425419
 22376           4.5   0.284261137             0
 21501           3.5   0.259185821             0
 75422          12.5   0.262936383             0
 84520           0.5   0.266093284             0
 70800           3.5   0.255626559             0
 67858           3.5    0.24667564             0
 88334           8.5   0.245940775             0
 42085           2.5   0.244272292             0
 29880           2.5    0.25163123             0
 34338           3.5   0.242918462             0
 21303           1.5   0.256450057             0
 89918          16.5   0.241047651             0
 35954          13.5   0.243835628             0
 20216           2.5   0.245510906             0
   811           1.5   0.242863655             0
 20269           5.5   0.246069416             0
 73482           4.5   0.235916734             0
 52909           6.5   0.235055178             0
 54810           2.5   0.235218093             0
   989           0.5   0.233953446             0
 78911           7.5   0.244967937             0
 72552           2.5   0.235693604             0
 42519           3.5    0.23378548             0
 97648           5.5   0.237907544             0
 88304          22.5   0.234427914             0
 45222           6.5             0    0.24978821
 50603           7.5   0.250427157             0
 72916           5.5   0.240371808             0
 18569           5.5   0.236532494             0
 50801           6.5   0.239054635             0
 29870           2.5   0.229603052             0
 38299           2.5   0.227107584             0
 45437           1.5    0.22750172             0
   338           1.5   0.233576536             0
 37145           3.5   0.226363048             0
 22866           1.5   0.231002361             0
 54826           4.5   0.231425688             0
 75543           2.5    0.22517249             0
 72241          22.5   0.231126562             0
 98240          10.5   0.222523287             0
 85552          10.5             0   0.230277315
 86057          13.5   0.224207446             0
  3631           0.5    0.22976926             0
 42917           5.5   0.245641977             0
 56942           2.5   0.226360157             0
 39041           3.5   0.218813524             0
 68684           2.5   0.218752831             0
 65906          66.5             0   0.231468454
 59390           6.5   0.233735934             0
 95030           1.5   0.227353796             0
 42649           8.5   0.238976523             0
 44680           1.5   0.232348502             0
 53809          10.5   0.217589572             0
 34387           1.5   0.217131317             0
 58413           5.5   0.216875359             0
    19           5.5   0.215950891             0
 45808           5.5             0   0.220187858
   309           5.5   0.243822202             0
 52314           0.5    0.22233814             0
 50235           4.5   0.230644912             0
 85590           4.5   0.221132904             0
 64116           9.5   0.220117152             0
 71612           7.5    0.22125648             0
 21928           0.5   0.216800824             0
 20192           1.5   0.214234963             0
 74756          10.5   0.215487301             0
 60186           3.5    0.20873861             0
 66432           0.5   0.214380622             0
 90099          31.5   0.226022556             0
 35655           1.5   0.216248661             0
 97660           9.5    0.21045582             0
 26805           0.5   0.211672217             0
 32296           2.5   0.223556936             0
 22320           4.5   0.206747338             0
   137           2.5   0.214356512             0
 44582           6.5             0   0.228328481
 64993           4.5   0.221514359             0
 50267           0.5   0.222123563             0
 23200           3.5   0.218563065             0
 39605           1.5   0.210886508             0
   224           4.5   0.213788703             0
 96827           5.5   0.212649077             0
 52808           1.5   0.211883903             0
 90546          49.5   0.213924825             0
 73611           7.5   0.210569248             0
 65975          17.5             0   0.211242825
 22039           2.5   0.214076042             0
 50771           1.5   0.222417682             0
 22087           2.5   0.215822682             0
 21488           5.5   0.219537035             0
 44336           3.5             0   0.214302972
 26477           4.5   0.218540147             0
 72704           2.5   0.210246935             0
 75720           4.5   0.211160377             0
  1957           2.5   0.215233564             0
 59481           7.5   0.210984752             0
 58650           2.5   0.208364308             0
 65046           0.5   0.212618098             0
 74482          34.5   0.206567094             0
 38889           2.5   0.202831671             0
 95002           3.5   0.206308171             0
 20177           4.5    0.20405373             0
 53449           1.5    0.20485118             0
 45502          14.5   0.206713483             0
 76142          23.5             0   0.202095583
 22291           2.5   0.209296241             0
 24366           1.5   0.211523458             0
 54152           0.5   0.205957338             0
 38677           1.5   0.203834146             0
 32229           2.5   0.203407869             0
 76217           1.5   0.203966036             0
 42993           7.5   0.205650121             0
 73885           2.5   0.198230386             0
 57009          11.5   0.198635846             0
 88376           2.5   0.204473764             0
 97461          23.5   0.206283003             0
   250           2.5   0.204457983             0
 22314           1.5   0.194862828             0
 18451           5.5   0.199306428             0
 43699          23.5             0   0.213006184
  1308           6.5   0.225618705             0
 44940           2.5   0.203705266             0
 34653           0.5    0.20714207             0
 90059           4.5   0.209226936             0
   663           5.5    0.19588545             0
 60066           4.5   0.197521225             0
 53874          20.5   0.200437739             0
 53167           3.5   0.197338015             0
 21618          12.5   0.196714982             0
 21703           0.5   0.210431233             0
 85743           2.5   0.208177283             0
 74080           6.5   0.206317693             0
 78259          23.5    0.19238764             0
 55244           0.5   0.221502423             0
   343           2.5   0.203395233             0
 26558           2.5             0   0.208510727
 57683           2.5   0.204103112             0
 62931           6.5   0.198170543             0
 79920           3.5   0.202707022             0
   959           1.5   0.195934668             0
 55408           4.5   0.194950923             0
  5807           1.5   0.194412395             0
 37522           1.5    0.20138289             0
 73711           8.5   0.193033636             0
 62957          16.5   0.794503629             0
 94515          19.5   0.605789721             0
 70832           9.5   0.553596199             0
 42726           5.5   0.523882568             0
 97767          12.5   0.492191315             0
 69387           8.5    0.46578145             0
 49075           6.5   0.450471371             0
 31191           3.5   0.432944238             0
 93536           8.5   0.415037513             0
 42277           3.5   0.399327576             0
 70432           5.5   0.394349635             0
 66740           6.5    0.37549293             0
  1028           4.5   0.366950125             0
 85939          21.5   0.356006473             0
 61003           6.5   0.348760396             0
 52562           4.5   0.340491474             0
 32534           6.5   0.332766026             0
 61171          14.5   0.324940234             0
 21735           4.5   0.315943539             0
 71791           5.5   0.322905451             0
 62893          16.5             0   0.325519264
 61361          10.5    0.32297042             0
 42994          18.5   0.311449289             0
 50116           2.5   0.302310944             0
 72689          10.5   0.292555243             0
 16716          10.5   0.291337192             0
 43262           6.5    0.28449139             0
 21874          14.5   0.284229994             0
 82372           4.5   0.284002423             0
 53635           2.5   0.273682535             0
 74392           2.5   0.268507183             0
 50108           5.5   0.279108286             0
 21680           3.5   0.270622879             0
 82501           4.5   0.264278471             0
 96247           6.5   0.264174163             0
 72080           7.5   0.257408887             0
 42962           2.5   0.249403194             0
 22242           4.5   0.256121427             0
 54962          21.5   0.248600155             0
 55334           5.5    0.24875851             0
 46961           7.5   0.248827145             0
 56045           6.5   0.243726388             0
 59944           5.5   0.249830708             0
 22111           1.5   0.242840186             0
 85936           7.5   0.237208024             0
 42521           6.5   0.245893091             0
 35484           1.5   0.241239965             0
 22076           2.5   0.239718392             0
 98250          12.5   0.231520638             0
 85664           1.5   0.230614468             0
 97527          37.5   0.240617678             0
 76238           4.5   0.251354158             0
 59814          11.5   0.226697877             0
 47717           8.5             0   0.254523784
 43185           9.5   0.241320997             0
 39305           1.5   0.228583664             0
 73539           9.5   0.229513556             0
   132           4.5   0.230963349             0
 90801          22.5   0.223365024             0
 97460           9.5   0.226423547             0
 96935          12.5             0   0.223755017
 81768           0.5   0.231609568             0
 57578           5.5   0.236763388             0
 66991           6.5    0.22551921             0
 84300           4.5   0.218563557             0
   756           1.5   0.219783053             0
 37887           2.5   0.217817187             0
 27723           1.5   0.217211649             0
 77150           8.5   0.215250924             0
 39916           0.5   0.211062729             0
   380           1.5   0.219473332             0
 85752           3.5   0.212599158             0
 42342           6.5   0.212834269             0
 58628           0.5   0.216523781             0
 38938           3.5   0.216692999             0
 76206          39.5             0   0.217484385
 27859           2.5   0.232618555             0
 40190          11.5   0.218782872             0
 33603           0.5   0.217361346             0
   928           5.5   0.228641272             0
 82671           2.5    0.20861797             0
 21570           3.5   0.216304988             0
 20257           0.5    0.21110335             0
 89573           5.5   0.221523896             0
 74609          13.5   0.212828472             0
 94451          35.5             0   0.211512491
 67505          14.5   0.213660046             0
 50670           5.5   0.210224047             0
 69930           3.5   0.210447624             0
 23107           2.5   0.208600745             0
 42561           1.5   0.207234725             0
 97570           2.5   0.206187695             0
 29945           3.5   0.221391395             0
 40959           0.5   0.205263898             0
 48359           4.5   0.206766859             0
 21359           1.5   0.211682588             0
 34655           1.5   0.202835053             0
 98272          15.5   0.203018114             0
 54258          15.5   0.201943949             0
 97281           2.5   0.199415877             0
 56977           3.5   0.210562378             0
 73266          30.5    0.20391871             0
 75383           4.5   0.201533422             0
 73512           5.5   0.212634608             0
 74030           1.5   0.201220453             0
 35943           3.5   0.201332077             0
 36839           3.5   0.205178842             0
 29894           4.5   0.204563141             0
 20176           2.5   0.199438632             0
 59081           2.5   0.212375164             0
   814           2.5    0.19802092             0
  1404           3.5   0.201308474             0
 41878           3.5   0.203073159             0
  4162           0.5   0.210502952             0
 73967          10.5   0.203938335             0
 73888           6.5   0.198895171             0
 60594          42.5   0.202057526             0
 72597           4.5   0.201496333             0
 50294           1.5   0.192561135             0
 96415           1.5   0.192939907             0
  1489           3.5   0.198467657             0
 28976           4.5             0   0.218038067
 22256           6.5   0.211502239             0
 21577           1.5   0.196029991             0
   165           1.5   0.197119057             0
 87802          10.5   0.200624257             0
 68427           8.5             0   0.189569384
 66526           3.5   0.194521651             0
 46257           7.5   0.191133663             0
 67657           0.5   0.195979089             0
 43864           4.5   0.206040949             0
 54944           0.5   0.201756567             0
  1002           3.5   0.205230519             0
 28845           3.5   0.193567768             0
 62701          21.5             0   0.202877089
 61011           6.5   0.199025065             0
  2016           5.5   0.190693125             0
 96366           4.5    0.19310607             0
 56443           1.5    0.18956396             0
 35946           2.5   0.195178851             0
   457           0.5    0.19012703             0
 70666           5.5   0.195181623             0
 25443           2.5   0.192404717             0
 24243          10.5             0   0.194042951
 66714           6.5   0.207215816             0
 75160           8.5   0.199268505             0
 57556           1.5   0.189020544             0
 90782           9.5   0.190724045             0
 28827           0.5   0.187988967             0
 36568           3.5     0.1993251             0
 73221           0.5   0.193814799             0
 62903          11.5   0.192918599             0
 55321           1.5   0.189308003             0
   128           4.5   0.202332944             0
 21401           1.5   0.191438869             0
 32289           2.5   0.190878868             0
 74436           4.5   0.186665416             0
 70631           2.5   0.187263802             0
 57095           3.5   0.184512898             0
 62649           4.5             0   0.196954623
 22488           3.5   0.216371208             0
 66311          16.5             0   0.188423619
   397           1.5   0.186798647             0
 35735           2.5   0.185951993             0
   863           1.5    0.18329446             0
 92458           0.5   0.181634679             0
 51889          13.5   0.185230434             0
 91648           0.5   0.185596317             0
 22233           4.5   0.208973616             0
 58627           0.5   0.210869983             0
 26575           1.5   0.187140778             0
 38734           5.5   0.180811375             0
 40171           1.5   0.181340933             0
 29730           0.5    0.18649514             0
 69043          26.5   0.199821621             0
 67966           7.5             0   0.201242596
 31172           0.5             0   0.187249243
 75368           7.5   0.192661241             0
 33357           1.5   0.182885274             0
   981           1.5   0.184784487             0
 60867           2.5   0.182073399             0
 74662           8.5   0.182691976             0
 83635          42.5             0   0.182687521
   692           6.5   0.196595937             0
 96204           1.5   0.188969418             0
 43473           4.5   0.194693625             0
 21939           3.5   0.189668611             0
 36013           2.5   0.179520413             0
 42982           5.5   0.181231081             0
 26543           0.5   0.183845535             0
 87499           7.5   0.200744793             0
 58415           1.5   0.192323864             0
 54259          12.5   0.183754176             0
  3701           5.5             0   0.192961201
  1341           9.5   0.197160825             0
 73054           1.5   0.189080685             0
 92979          37.5             0   0.185822845
 22024           1.5   0.183089748             0
 22309           1.5   0.184805766             0
 38517           2.5   0.179559827             0
 52361           1.5   0.182585344             0
 40841           3.5   0.179949924             0
 31474          12.5   0.178339183             0
 42877           1.5   0.180601776             0
 50899           4.5    0.18530269             0
 34402           2.5   0.177550241             0
 47708           5.5             0   0.181577593
 92339          42.5   0.198592857             0
 42505           1.5   0.183679283             0
 43694           3.5   0.181929886             0
 98135           1.5   0.189617738             0
 57289           5.5   0.179807991             0
 58453           1.5   0.185910508             0
 40476           1.5   0.174671054             0
 42912           0.5   0.184767053             0
 35442          16.5     0.1923199             0
 21416           1.5   0.178395301             0
 59422           5.5   0.177928969             0
 40623           2.5   0.174901217             0
 30045           3.5   0.176764235             0
 41410           3.5   0.175304234             0
 53315           2.5   0.171784073             0
 78686          19.5             0    0.17125605
 29888           3.5   0.188278452             0
 87601          19.5   0.178588033             0
 18573           3.5   0.174860373             0
 80671           7.5   0.172559887             0
  6745           5.5             0   0.182627186
 82569           2.5   0.176657677             0
 98216           3.5   0.180458754             0
 71083           3.5   0.179370552             0
 52960           2.5   0.175119847             0
 53781           1.5   0.177278578             0
 85800           0.5   0.173438206             0
 40556           1.5   0.172287628             0
 51761          11.5   0.178559676             0
 74899           4.5   0.174186498             0
 50838           4.5    0.17155242             0
 47067           1.5   0.178270444             0
 90111           4.5   0.170901805             0
 25959           3.5             0   0.180017695
 21502           9.5   0.189379454             0
 96370         115.5             0   0.180769667
   569           4.5   0.188226864             0
 74845           0.5   0.191227019             0
 36441           4.5   0.179932848             0
 53360           6.5   0.177013174             0
 76846          20.5             0   0.169880912
 26396           6.5   0.193617821             0
 70702           2.5   0.170852214             0
 59373           6.5   0.173268855             0
 56689           5.5   0.181219786             0
 22182           4.5   0.172745198             0
 64946          26.5    0.74994725             0
 96242          47.5   0.586072981             0
 64881          12.5    0.54078418             0
 61040           6.5   0.494558096             0
 97640          12.5   0.455266446             0
 66743           5.5   0.426171422             0
 52222           7.5   0.412618577             0
 81868           9.5   0.395859897             0
 22054           3.5   0.381932467             0
 96033           9.5   0.376983941             0
 97139          32.5   0.365219831             0
 42800           2.5   0.345432878             0
 67749           3.5    0.33949697             0
 52249           3.5   0.329325706             0
 72426           5.5   0.315839171             0
 71922          31.5   0.308020115             0
 80677           7.5   0.302148372             0
 43056           6.5   0.295461237             0
 54310           5.5   0.287139684             0
 29974           4.5   0.282658428             0
 54771          10.5   0.284323782             0
 43026           3.5    0.27225256             0
 65010          39.5             0    0.26547122
 22130          12.5   0.295159727             0
 71857          13.5   0.266623497             0
 43302           9.5   0.261652976             0
 21564           4.5   0.258551121             0
 45833           5.5   0.260663182             0
 38974           6.5    0.25519523             0
 65842          78.5             0   0.253552943
 18027          13.5   0.284284741             0
 33539           1.5   0.250898689             0
 86205           8.5   0.243529662             0
 62962          21.5   0.242374569             0
 77364          15.5   0.236398548             0
 54368           3.5   0.232545927             0
 42695           1.5   0.227844685             0
   491           1.5   0.236226544             0
 50111           1.5   0.234214857             0
 41458          13.5   0.228830889             0
 86021           2.5   0.224724591             0
 42086           9.5   0.230660006             0
 49509          13.5             0   0.242545977
 73796          16.5   0.246323928             0
 79694          10.5   0.224729791             0
 60116           0.5   0.219687968             0
 54833          12.5   0.225368306             0
 21671           3.5    0.21784541             0
 62000           6.5             0   0.223337859
 22082           1.5   0.218623742             0
 50122           0.5   0.213063702             0
 74189           4.5   0.216637507             0
 43388           2.5   0.211742371             0
 96178          72.5             0   0.207922176
 52402          15.5   0.216593012             0
 97724           6.5   0.212407589             0
 70122           1.5   0.207830593             0
 42610          27.5    0.22243543             0
 58204           1.5     0.2028725             0
 50185           2.5   0.207360402             0
 73475           8.5   0.203271538             0
 70258          36.5   0.200937346             0
 96383           5.5   0.199153051             0
 96015           1.5   0.196910694             0
 22248           4.5   0.195906147             0
 52354           1.5   0.201025486             0
 53605           3.5   0.197449595             0
 54346           1.5   0.191115856             0
 21424           1.5   0.205189928             0
 28990           8.5             0    0.19959347
 85359           7.5   0.224448994             0
 75260           0.5    0.19983463             0
 21649           1.5   0.194693387             0
 21517           2.5   0.193470299             0
 51474           3.5   0.193819731             0
 96808          12.5             0   0.189216107
 74538           1.5   0.206448421             0
 70524           6.5    0.19636628             0
 57300           0.5    0.20818162             0
   615           2.5   0.203352228             0
 22050           3.5   0.196897209             0
   144           1.5   0.186212078             0
 59191           2.5   0.191096008             0
 48871           2.5   0.187442854             0
 88143           1.5   0.185254961             0
 60379           2.5   0.184451342             0
 53466           1.5   0.188778907             0
 56344           1.5   0.181514725             0
 37722           2.5   0.182261154             0
 49316           2.5   0.182763621             0
 64882          34.5             0     0.1844832
 30247           2.5   0.190602541             0
 46195          11.5   0.189674869             0
 67718           2.5    0.18677327             0
 55881           5.5   0.185495436             0
 23072           1.5   0.182345301             0
 20144           3.5   0.181138292             0
   750           1.5   0.188827008             0
  8357           1.5   0.197442248             0
 54319           3.5   0.185731947             0
 42179           1.5   0.188806564             0
 22332           3.5   0.183287129             0
 21655           1.5   0.190949008             0
 86584           6.5   0.184330389             0
 38875           0.5   0.186898574             0
 75486          16.5   0.193397015             0
 79790          55.5             0   0.203590721
 52913          13.5   0.197175384             0
 45489           7.5   0.180176452             0
 56301           5.5   0.181056082             0
 97605           3.5   0.179901123             0
  1367           5.5   0.180439651             0
 92915          39.5             0    0.18176654
 72227           3.5   0.183230758             0
 41448           2.5   0.183925837             0
   864           1.5   0.195666879             0
  5388           0.5   0.182862312             0
   188           1.5   0.188856363             0
   221           1.5   0.176901087             0
 86378           8.5   0.174708784             0
 81522          42.5   0.175203204             0
 56836           0.5   0.176592559             0
 47905           2.5    0.18014136             0
 32496           4.5             0    0.18419297
 74163          36.5   0.211610615             0
 96306         104.5             0   0.183877036
 85990           4.5   0.177259952             0
 42498           3.5   0.168594301             0
 60435           0.5   0.174967036             0
 51823           3.5   0.179852098             0
 90405           2.5   0.172967389             0
 49016           3.5   0.170645311             0
 42088           2.5   0.172261566             0
 67572           7.5             0   0.173543066
 21811           3.5    0.16855444             0
 31229           2.5   0.170636177             0
 87669           9.5   0.171070635             0
 29803           0.5   0.170555845             0
 55146           4.5   0.176000029             0
 92633           1.5   0.168665856             0
 11537           3.5   0.177579924             0
 59459           0.5   0.169233263             0
 96834          16.5   0.176108032             0
 23664           7.5             0   0.176875606
   977           2.5   0.187140167             0
 21996           0.5   0.175310969             0
 59779           1.5   0.171578601             0
 58997           3.5   0.169256791             0
 53696           0.5             0   0.174590945
 27629           5.5   0.178982899             0
 37673           1.5   0.173618242             0
 53937          11.5   0.167190656             0
 37843           0.5   0.171380937             0
   445           3.5   0.178150296             0
 63325           0.5   0.173968375             0
 29897           2.5   0.174766079             0
 38947           0.5   0.166914433             0
   809           1.5   0.171919778             0
 56599           0.5   0.173722148             0
 65790           9.5   0.179924324             0
 95969           9.5             0   0.169560567
 84417           1.5   0.169558048             0
 40988           2.5   0.170219392             0
 22246           3.5   0.168938622             0
   800           1.5   0.168955922             0
 70624           6.5   0.165886924             0
 45158          11.5             0   0.166126743
 37208           3.5   0.188586712             0
 73845           1.5   0.176626548             0
 49054           3.5   0.174432024             0
 36448           1.5   0.167102665             0
 52286           7.5             0   0.161932662
 69055           1.5   0.163172603             0
 48994           0.5   0.166380137             0
    73           3.5   0.163592502             0
 21403           2.5    0.16619733             0
 52892          10.5   0.164018422             0
 34605           0.5   0.163315639             0
 21344           4.5   0.173273295             0
 92723          50.5             0   0.169026628
   574           2.5   0.166434035             0
 53906           2.5   0.162448511             0
 53010           2.5   0.162906915             0
 35437           2.5   0.164101705             0
 91910           1.5   0.162289038             0
 22322          13.5   0.162525788             0
 31066           0.5   0.167572036             0
 96421           2.5   0.163908735             0
   314           0.5   0.161486045             0
 63818           5.5             0   0.162879676
 53674           7.5   0.192562819             0
   461           0.5   0.177835599             0
   225           2.5    0.17013739             0
 49582           4.5   0.166103348             0
 63597          15.5             0   0.162447676
 25244           3.5   0.168735728             0
 53465           0.5   0.166385546             0
 71727           9.5   0.169747025             0
 98251           2.5   0.163395211             0
   251           2.5   0.165754527             0
 75212           5.5   0.163728595             0
 19915           2.5   0.158339158             0
  7695           3.5             0   0.167354032
 28465           6.5   0.161830425             0
 42720           3.5   0.160327256             0
 25264           3.5             0    0.16243352
  1730           4.5   0.178923532             0
 58208           1.5   0.169217169             0
 39556           2.5   0.163978338             0
   877           1.5   0.159200013             0
 33820           1.5   0.160942152             0
 40243           5.5   0.157746464             0
 22422           4.5   0.155571908             0
 36054           4.5   0.157866895             0
 11598           1.5             0   0.167262316
 40230           9.5   0.178834617             0
 46192           8.5   0.156703398             0
 33504           1.5   0.158308208             0
 54070           2.5   0.155927509             0
 27188          14.5             0    0.17530483
  2407           4.5   0.180403233             0
 62036           2.5   0.161495656             0
  1430           4.5   0.170427844             0
 28875           1.5   0.157824427             0
 39053           2.5   0.157896161             0
 21842           1.5   0.156879947             0
 27179           0.5             0    0.15825735
 73958           8.5   0.160912886             0
  1437           0.5   0.166011155             0
   723           2.5   0.156917259             0
 55231           0.5   0.170009509             0
 19055           4.5   0.178720221             0
 42221           0.5    0.16912064             0
 35503           2.5   0.162569717             0
 33216           2.5             0   0.159005776
 31085           2.5   0.169267714             0
 29979           0.5   0.162605956             0
 21831           3.5   0.166968569             0
 66930          39.5             0   0.164569646
 65939           5.5   0.159671724             0
 61490          28.5   0.157977968             0
 54537           2.5   0.159718156             0
 56259           1.5   0.159721866             0
 74036           5.5   0.158110395             0
 86497           2.5   0.160276875             0
 20123           1.5   0.171111226             0
 90845          20.5             0   0.163346007
   396           1.5   0.175698623             0
 33381           2.5   0.156180218             0
 93708           6.5   0.158116162             0
 53452           1.5   0.151504084             0
 72794           3.5   0.152778268             0
 89032           6.5             0   0.168116957
 88398          15.5   0.169758558             0
 37397           5.5             0    0.15970856
 27575           3.5   0.159256876             0
 38364           4.5   0.155702516             0
 36833           2.5   0.155243173             0
 84896           3.5   0.155004516             0
 40631           2.5   0.153637543             0
 66935          12.5             0   0.151006296
 43009           1.5   0.155804932             0
 19572           3.5   0.153998733             0
 90686          16.5   0.150588959             0
 36377           2.5   0.153777495             0
 41005           6.5   0.153653383             0
 10363           6.5             0   0.161977768
 29804           6.5   0.184056044             0
 28286          13.5             0   0.164282098
   578           5.5    0.17359291             0
 51167           4.5             0   0.172802135
 22281           3.5   0.170382217             0
 22443           1.5   0.157938018             0
  1101           2.5   0.155519143             0
 40064           0.5   0.152973965             0
   941           1.5   0.157829702             0
 48049          11.5   0.152873591             0
 59032           0.5   0.162386477             0
 39018           3.5   0.163712993             0
 34707           1.5   0.154384509             0
 13082           2.5   0.151319817             0
 69156           4.5    0.15110521             0
 31224           2.5             0   0.161230952
 31099           2.5    0.15786989             0
 82764          10.5             0   0.151514277
 88139           2.5   0.152736902             0
 67793           5.5   0.155956656             0
   988           0.5   0.151686937             0
 40377           3.5   0.153836966             0
 75627           0.5    0.15933089             0
 36018          16.5   0.159404546             0
 22270           2.5   0.156848401             0
 21328           1.5   0.152204528             0
 59859           3.5   0.149664074             0
 89502          11.5   0.149995297             0
 64426           2.5   0.156659618             0
 43716           1.5             0   0.164330572
 28862           3.5             0   0.154959664
 56913           2.5   0.160541058             0
 21862           1.5   0.157022685             0
 42579           4.5   0.153148785             0
 78919           0.5   0.155703709             0
 85520           2.5   0.153082713             0
 37721           4.5   0.161590323             0
 33693           0.5   0.155839115             0
   628           4.5   0.172969908             0
 42375           0.5             0   0.157748982
 42620           0.5   0.153612971             0
 19089           7.5   0.160866931             0
 62989           6.5   0.151396066             0
 36007           0.5     0.1550989             0
 39238           0.5    0.15767844             0
 35737           1.5   0.150472671             0
 57858           3.5   0.153027445             0
 40984           0.5   0.148810327             0
 95184           0.5   0.147944897             0
 73455           3.5    0.15019694             0
  1024           1.5   0.149086758             0
  4852           3.5             0   0.152709678
 75178          18.5   0.151159033             0
 41267           6.5   0.145837501             0
 55032           4.5             0   0.157776326
 67651           6.5   0.162667394             0
 68593          36.5             0   0.161254719
 88563          52.5   0.181851521             0
 30315           2.5   0.152626112             0
 75743           2.5   0.148467988             0
 74290          54.5   0.153740197             0
 33391           0.5   0.154711306             0
 88818          70.5   0.150278106             0
 56374           0.5   0.160772502             0
  4876           3.5             0   0.156762645
 21911           2.5    0.15185526             0
 11707           1.5    0.14700532             0
 27038           0.5   0.147404566             0
 50919           1.5             0   0.150506243
 31537           8.5   0.159166172             0
  1839           1.5    0.15556255             0
   194           0.5   0.145140752             0
 40189           6.5   0.149407893             0
 25985           1.5    0.15042904             0
 21778           2.5   0.146337152             0
 81459          32.5             0   0.148167953
 51017           7.5   0.163546532             0
 57984           1.5   0.148647666             0
 38797           0.5    0.15206629             0
 27633           7.5   0.175198168             0
 63917
 42790
 50225
   342
 65844
 86953
 22178
 84382
 93745
 95863
 42214
 70767
 71819
 51204
 42992
 17837
 74435
 68668
 85423
 29933
 74600
   722
  6832
 78862
 84172
 42352
 35014
   161
 24385
 68512
 67779
   899
 22041
 21719
 50172
   187
 87220
 73355
 94433
 89650
 70186
   746
 59568
 51301
 72425
 47991
   954
 39451
 96380
 21543
 94557
 88202
 39651
 95815
 56878
   873
 73995
 64244
 58517
 61041
 63853
 45703
 75508
 90033
 57342
 63051
 14111
   438
    32
 61971
 84293
 56479
  1282
 51161
 65783
 42416
 83442
 49022
 69657
   810
 95671
 42149
 71402
 22269
 53477
 75532
 85452
 15595
   364
 74401
 75760
 70764
 60144
 22312
 70534
 73380
 42803
 49137
 22194
 73603
 85751
    97
 50230
   246
 69600
 70588
 57327
 42864
 28717
 16906
 35420
   840
 77235
 82801
 70225
 51081
 51213
 66789
 97015
 43744
 21639
 71153
 21474
 86255
 77106
 67902
 42621
 21913
 77887
 32225
 57325
 76382
 22196
 96338
 68812
 55665
 72387
 57295
   283
   910
 59716
 83700
 33622
 21423
 34583
 53416
 87372
 21505
 53683
 47361
 45256
 75917
 82510
 72687
 95164
 49292
 43045
 51328
 98163
 59889
 72102
 21438
 22104
 57924
 30977
 75505
 48421
 22118
 73779
 81680
 22524
 73585
 27635
 97481
   932
 51313
 53997
   373
 40906
 54762
 22994
 92940
 62899
 96295
 61037
 22145
 67979
 50228
 51251
 86909
   751
 71270
 21607
 93970
 43120
 71023
 85004
   279
 94194
   156
 69779
 58285
 65726
 80311
 42150
 93725
 61553
 85363
  6795
   991
 61105
 82545
   305
 88052
 53943
 28781
 52389
 53782
 60080
 61899
 20197
 21297
 60973
 22722
 59954
 51825
 98110
 96231
 42631
 93665
   781
 85059
 39308
 57182
 21437
 79144
 70430
 21684
 58541
 60555
 96241
 27430
 42928
 42585
 63092
 87428
 71916
 78964
 71466
 22930
 77811
 39309
 72747
 76215
 73802
 39038
 71219
 87861
 48357
 21374
 22386
 58687
 73393
 83027
 50163
 55235
 83301
 80563
 61042
 53165
 53891
 97686
 88207
 74916
 32083
 81393
 66642
 52626
 21410
   504
 75468
 42626
 13949
 73906
 58599
 66725
 21992
 22192
 86388
 21984
 31097
 38939
   497
 66402
 14664
   836
 41342
 89011
 53267
 53171
 54632
 49079
 78855
 53489
 39854
 35982
 39002
 32232
 21581
 51569
  1094
 21937
  4798
 22408
 72585
 83873
 60207
 65351
 29997
 60259
 30051
 70652
 81576
 59605
   368
 43474
  5997
 21721
 66773
 52910
 58377
 42288
 44040
 88269
 22258
 48050
 81630
 84656
 62001
 96883
 42854
 51417
 86083
   401
 42547
 51198
 94962
 51104
   869
 53705
 42278
 79054
 36166
 49445
 65780
 42291
 71338
 89523
 69609
 59878
 21480
 50167
 97034
 60020
 70595
 90097
 21986
 69175
   609
 57041
 60187
 52338
 71525
 42226
 58195
   220
 70995
 70224
 53741
  2020
 74593
 80734
 54125
   936
 62027
 84963
 47653
 22376
 21501
 75422
 84520
 70800
 67858
 88334
 42085
 29880
 34338
 21303
 89918
 35954
 20216
   811
 20269
 73482
 52909
 54810
   989
 78911
 72552
 42519
 97648
 88304
 45222
 50603
 72916
 18569
 50801
 29870
 38299
 45437
   338
 37145
 22866
 54826
 75543
 72241
 98240
 85552
 86057
  3631
 42917
 56942
 39041
 68684
 65906
 59390
 95030
 42649
 44680
 53809
 34387
 58413
    19
 45808
   309
 52314
 50235
 85590
 64116
 71612
 21928
 20192
 74756
 60186
 66432
 90099
 35655
 97660
 26805
 32296
 22320
   137
 44582
 64993
 50267
 23200
 39605
   224
 96827
 52808
 90546
 73611
 65975
 22039
 50771
 22087
 21488
 44336
 26477
 72704
 75720
  1957
 59481
 58650
 65046
 74482
 38889
 95002
 20177
 53449
 45502
 76142
 22291
 24366
 54152
 38677
 32229
 76217
 42993
 73885
 57009
 88376
 97461
   250
 22314
 18451
 43699
  1308
 44940
 34653
 90059
   663
 60066
 53874
 53167
 21618
 21703
 85743
 74080
 78259
 55244
   343
 26558
 57683
 62931
 79920
   959
 55408
  5807
 37522
 73711
 62957
 94515
 70832
 42726
 97767
 69387
 49075
 31191
 93536
 42277
 70432
 66740
  1028
 85939
 61003
 52562
 32534
 61171
 21735
 71791
 62893
 61361
 42994
 50116
 72689
 16716
 43262
 21874
 82372
 53635
 74392
 50108
 21680
 82501
 96247
 72080
 42962
 22242
 54962
 55334
 46961
 56045
 59944
 22111
 85936
 42521
 35484
 22076
 98250
 85664
 97527
 76238
 59814
 47717
 43185
 39305
 73539
   132
 90801
 97460
 96935
 81768
 57578
 66991
 84300
   756
 37887
 27723
 77150
 39916
   380
 85752
 42342
 58628
 38938
 76206
 27859
 40190
 33603
   928
 82671
 21570
 20257
 89573
 74609
 94451
 67505
 50670
 69930
 23107
 42561
 97570
 29945
 40959
 48359
 21359
 34655
 98272
 54258
 97281
 56977
 73266
 75383
 73512
 74030
 35943
 36839
 29894
 20176
 59081
   814
  1404
 41878
  4162
 73967
 73888
 60594
 72597
 50294
 96415
  1489
 28976
 22256
 21577
   165
 87802
 68427
 66526
 46257
 67657
 43864
 54944
  1002
 28845
 62701
 61011
  2016
 96366
 56443
 35946
   457
 70666
 25443
 24243
 66714
 75160
 57556
 90782
 28827
 36568
 73221
 62903
 55321
   128
 21401
 32289
 74436
 70631
 57095
 62649
 22488
 66311
   397
 35735
   863
 92458
 51889
 91648
 22233
 58627
 26575
 38734
 40171
 29730
 69043
 67966
 31172
 75368
 33357
   981
 60867
 74662
 83635
   692
 96204
 43473
 21939
 36013
 42982
 26543
 87499
 58415
 54259
  3701
  1341
 73054
 92979
 22024
 22309
 38517
 52361
 40841
 31474
 42877
 50899
 34402
 47708
 92339
 42505
 43694
 98135
 57289
 58453
 40476
 42912
 35442
 21416
 59422
 40623
 30045
 41410
 53315
 78686
 29888
 87601
 18573
 80671
  6745
 82569
 98216
 71083
 52960
 53781
 85800
 40556
 51761
 74899
 50838
 47067
 90111
 25959
 21502
 96370
   569
 74845
 36441
 53360
 76846
 26396
 70702
 59373
 56689
 22182
 64946
 96242
 64881
 61040
 97640
 66743
 52222
 81868
 22054
 96033
 97139
 42800
 67749
 52249
 72426
 71922
 80677
 43056
 54310
 29974
 54771
 43026
 65010
 22130
 71857
 43302
 21564
 45833
 38974
 65842
 18027
 33539
 86205
 62962
 77364
 54368
 42695
   491
 50111
 41458
 86021
 42086
 49509
 73796
 79694
 60116
 54833
 21671
 62000
 22082
 50122
 74189
 43388
 96178
 52402
 97724
 70122
 42610
 58204
 50185
 73475
 70258
 96383
 96015
 22248
 52354
 53605
 54346
 21424
 28990
 85359
 75260
 21649
 21517
 51474
 96808
 74538
 70524
 57300
   615
 22050
   144
 59191
 48871
 88143
 60379
 53466
 56344
 37722
 49316
 64882
 30247
 46195
 67718
 55881
 23072
 20144
   750
  8357
 54319
 42179
 22332
 21655
 86584
 38875
 75486
 79790
 52913
 45489
 56301
 97605
  1367
 92915
 72227
 41448
   864
  5388
   188
   221
 86378
 81522
 56836
 47905
 32496
 74163
 96306
 85990
 42498
 60435
 51823
 90405
 49016
 42088
 67572
 21811
 31229
 87669
 29803
 55146
 92633
 11537
 59459
 96834
 23664
   977
 21996
 59779
 58997
 53696
 27629
 37673
 53937
 37843
   445
 63325
 29897
 38947
   809
 56599
 65790
 95969
 84417
 40988
 22246
   800
 70624
 45158
 37208
 73845
 49054
 36448
 52286
 69055
 48994
    73
 21403
 52892
 34605
 21344
 92723
   574
 53906
 53010
 35437
 91910
 22322
 31066
 96421
   314
 63818
 53674
   461
   225
 49582
 63597
 25244
 53465
 71727
 98251
   251
 75212
 19915
  7695
 28465
 42720
 25264
  1730
 58208
 39556
   877
 33820
 40243
 22422
 36054
 11598
 40230
 46192
 33504
 54070
 27188
  2407
 62036
  1430
 28875
 39053
 21842
 27179
 73958
  1437
   723
 55231
 19055
 42221
 35503
 33216
 31085
 29979
 21831
 66930
 65939
 61490
 54537
 56259
 74036
 86497
 20123
 90845
   396
 33381
 93708
 53452
 72794
 89032
 88398
 37397
 27575
 38364
 36833
 84896
 40631
 66935
 43009
 19572
 90686
 36377
 41005
 10363
 29804
 28286
   578
 51167
 22281
 22443
  1101
 40064
   941
 48049
 59032
 39018
 34707
 13082
 69156
 31224
 31099
 82764
 88139
 67793
   988
 40377
 75627
 36018
 22270
 21328
 59859
 89502
 64426
 43716
 28862
 56913
 21862
 42579
 78919
 85520
 37721
 33693
   628
 42375
 42620
 19089
 62989
 36007
 39238
 35737
 57858
 40984
 95184
 73455
  1024
  4852
 75178
 41267
 55032
 67651
 68593
 88563
 30315
 75743
 74290
 33391
 88818
 56374
  4876
 21911
 11707
 27038
 50919
 31537
  1839
   194
 40189
 25985
 21778
 81459
 51017
 57984
 38797
 27633
