1 1 9 1480 0 0 0 
35 5.971994472488 
62 9.542110984739 
93 12.68334552001 
111 13.85897761715 
154 16.9597463285 
186 18.60570053754 
229 21.05595779805 
277 23.01378369605 
333 25.1753972983 
 20060   20060           9.5 1.175717700699             0 
 19686   19686           7.5 0.9464631815157             0 
 35367   35367          19.5 0.8200914839201             0 
 19484   19484           7.5 0.7468181976106             0 
   364     364           5.5 0.674672175293             0 
 32615   32615          13.5 0.6316280991537             0 
 20872   20872           3.5 0.5670436358646             0 
   722     722           6.5 0.5414929858137             0 
 26339   26339           4.5 0.5343311240104             0 
 37774   37774          14.5 0.525012082647             0 
 20262   20262           7.5 0.4938954581438             0 
  6823    6823           5.5 0.4643405814487             0 
 36215   36215           4.5 0.456977062418             0 
  1522    1522           6.5 0.4585628358754             0 
 26283   26283           2.5 0.4560537461998             0 
   810     810           4.5 0.4433052522967             0 
 19727   19727           6.5 0.4360314197502             0 
 24000   24000           1.5 0.4528272409851             0 
 26938   26938          14.5 0.408892104789             0 
 10472   10472          10.5 0.409356862519             0 
 36075   36075          13.5 0.4055193490673             0 
 36833   36833           4.5 0.4054387481145             0 
 33876   33876           4.5 0.3906329768347             0 
 11165   11165           5.5 0.3897932571149             0 
 30721   30721           7.5 0.3829084439315             0 
 10280   10280           9.5 0.3807538417657             0 
 19373   19373           3.5 0.3820720309681             0 
 19699   19699           7.5 0.3806318910088             0 
 19519   19519           1.5 0.3737603633852             0 
 36454   36454          19.5 0.3721845898891             0 
 23632   23632           3.5 0.3610342657575             0 
 11289   11289           2.5 0.3464983676165             0 
 26659   26659           2.5 0.3496327021706             0 
 10397   10397           8.5 0.377614213468             0 
 11053   11053           0.5 0.3856893804031             0 
 36135   36135          24.5 0.8625563387139             0 
 19622   19622           6.5 0.7680534613059             0 
 19996   19996           5.5 0.7028603664331             0 
 20138   20138           8.5 0.636032723879             0 
 27112   27112          28.5 0.6135901628415             0 
 11571   11571           4.5 0.5419130694657             0 
 10984   10984          10.5 0.5367309404822             0 
 29347   29347          15.5 0.5081261747382             0 
 10396   10396           4.5 0.5046264636316             0 
 30765   30765          10.5 0.5078659640816             0 
 26354   26354           4.5 0.4733806328162             0 
 26985   26985          18.5 0.458228789774             0 
 35575   35575           5.5 0.4422654641103             0 
  1902    1902           7.5 0.4506672207761             0 
 28865   28865           6.5 0.428705822905             0 
   401     401           4.5 0.4126650853808             0 
 36110   36110          16.5 0.4071751720979             0 
 32059   32059           5.5 0.4047498960185             0 
 28297   28297           4.5 0.3967061255865             0 
 10277   10277           2.5 0.3883819417643             0 
 35366   35366          11.5 0.3924458273698             0 
 19919   19919           6.5 0.3942651976824             0 
 10982   10982           2.5 0.393675117617             0 
 10344   10344          11.5 0.3876173906836             0 
  1400    1400           5.5 0.3635511138976             0 
 33547   33547          12.5 0.3643347259913             0 
 32422   32422          12.5 0.3558216418706             0 
 19433   19433           9.5 0.3572256412383             0 
 21448   21448           5.5 0.3523393109677             0 
 35285   35285           4.5 0.3611026506441             0 
 26157   26157           4.5 0.3516599069106             0 
 19943   19943           6.5 0.3504463804767             0 
 20303   20303           3.5 0.3421644694977             0 
   161     161           5.5 0.3528032844524             0 
 11104   11104           1.5 0.3403250679236             0 
 26219   26219           2.5 0.3361922527454             0 
 20252   20252           7.5 0.3488940922051             0 
 20234   20234           1.5 0.324632118722             0 
  1218    1218           4.5 0.3277560045166             0 
 33940   33940           6.5 0.323409236062             0 
 11656   11656           3.5 0.3196676011721             0 
 22848   22848           0.5 0.3312873171896             0 
 10908   10908           5.5 0.3288459766906             0 
  6633    6633           5.5 0.3208878223608             0 
   215     215           2.5 0.3166078648121             0 
 10611   10611           3.5 0.3272139220585             0 
 11353   11353           2.5 0.3153513006657             0 
 36014   36014          11.5 0.312996252494             0 
 29820   29820           2.5 0.3146854399961             0 
 28520   28520          33.5 0.3037935292405             0 
 20798   20798           2.5 0.3054854198317             0 
  1140    1140           5.5 0.3016539632519             0 
 34235   34235           4.5 0.3029777500422             0 
 35275   35275           1.5 0.3104377859998             0 
 10600   10600          16.5 0.3061722353662             0 
 37211   37211           3.5 0.3172843855936             0 
 19901   19901           2.5 0.2949369513114             0 
 11018   11018           0.5 0.2970662934035             0 
  1931    1931           7.5 0.3357048223216             0 
 22025   22025           2.5 0.2980828045375             0 
 11750   11750           5.5 0.3080173490141             0 
 34170   34170           6.5 0.3038416271956             0 
 32544   32544          14.5 0.7730201410719             0 
 34793   34793          20.5 0.6699746423572             0 
 20198   20198           6.5 0.6239332697726             0 
 19814   19814           4.5 0.5856891798961             0 
 31847   31847          14.5 0.5610360909357             0 
 21142   21142           3.5 0.5227552214554             0 
 27188   27188           9.5 0.4867323529877             0 
  1371    1371           4.5 0.4690802210468             0 
 36226   36226           7.5 0.4529433553724             0 
 27753   27753          16.5 0.4436501778865             0 
 35321   35321          13.5 0.4305192535544             0 
 20200   20200          16.5 0.4192529897281             0 
 20175   20175           3.5 0.4168009932601             0 
 31154   31154           1.5 0.4304366177353             0 
 10332   10332           4.5 0.4064486141078             0 
 10972   10972           4.5 0.3882760597209             0 
 28289   28289           6.5 0.3863404004631             0 
 15428   15428           3.5 0.3753699814196             0 
 10408   10408           8.5 0.3723859615123             0 
   305     305           6.5 0.3681135093889             0 
 34386   34386           8.5 0.3782298212228             0 
 29776   29776           4.5 0.3542807948814             0 
 10200   10200           3.5 0.3479793232793             0 
 10221   10221           1.5 0.3571969668188             0 
 28832   28832           5.5 0.3379442591731             0 
   869     869           4.5 0.3433673945872             0 
 10856   10856           9.5 0.3387914730227             0 
  1867    1867           1.5 0.3339782751852             0 
  2215    2215           4.5 0.3252043598372             0 
 20009   20009           9.5 0.3260316072889             0 
 27214   27214           2.5 0.3204026813513             0 
 10918   10918           1.5 0.3225217808423             0 
 26155   26155           3.5 0.3188713156223             0 
 36011   36011          15.5 0.3131653807115             0 
 35536   35536           4.5 0.3145049348404             0 
 10341   10341           1.5 0.3177043241637             0 
 20582   20582           3.5 0.3144190743388             0 
  9642    9642           5.5 0.3117945522546             0 
 35451   35451           1.5 0.3146090228174             0 
 12495   12495           3.5 0.3091049685477             0 
  2171    2171           4.5 0.3001599505379             0 
 32480   32480          14.5             0 0.2964947789084 
 23679   23679           6.5 0.2914769599834             0 
 26342   26342           2.5 0.296392292261             0 
 35050   35050          14.5 0.2897285294284             0 
   663     663           3.5 0.2993238210627             0 
  2606    2606           4.5 0.2909067234184             0 
 26415   26415           2.5 0.2967343454598             0 
 35383   35383           2.5 0.2877256582392             0 
 11785   11785           3.5 0.3021156236089             0 
 29398   29398           4.5 0.284806803897             0 
 34438   34438           4.5 0.2819377383316             0 
 11164   11164           1.5 0.2862501897512             0 
  1500    1500           0.5 0.2901973138571             0 
 10270   10270           4.5 0.3004844032233             0 
 25005   25005           2.5 0.2855771637445             0 
 36967   36967          23.5 0.2806617081008             0 
 19983   19983           4.5 0.2745333298877             0 
  5348    5348           0.5             0 0.276054855312 
  3078    3078           7.5 0.2807050923187             0 
 28584   28584          18.5 0.2905387174315             0 
 19483   19483           4.5 0.2642663359611             0 
 11117   11117           1.5 0.2641016882058             0 
  2134    2134           6.5 0.2776460786237             0 
 10723   10723           0.5 0.2673576475159             0 
  1872    1872           5.5 0.2721017034596             0 
 36905   36905          22.5 0.2627950155225             0 
 11981   11981           1.5 0.2612085307316             0 
 18539   18539           4.5 0.2647057156343             0 
 33065   33065          57.5             0 0.2609137661526 
 19959   19959          16.5 0.2952941403841             0 
 31819   31819           2.5 0.2691604030572             0 
 31746   31746           5.5 0.2668575057185             0 
 14625   14625           3.5 0.2695532366371             0 
 11319   11319           4.5 0.25981533347             0 
 23954   23954           0.5 0.2622930092271             0 
 10703   10703           4.5 0.268599768425             0 
 32603   32603           6.5 0.258238293797             0 
 11496   11496          10.5 0.2531062105316             0 
 19837   19837           2.5 0.2506631471774             0 
 18486   18486           3.5 0.2527375709446             0 
 35324   35324           2.5 0.2502203389335             0 
 36846   36846          10.5 0.2500853802942             0 
 11168   11168           1.5 0.2548626697078             0 
 10460   10460           3.5 0.2555881904801             0 
 10134   10134           2.5 0.2533969094975             0 
 27272   27272           1.5 0.2513812249859             0 
 13519   13519           1.5 0.2477837600245             0 
 37037   37037          12.5 0.2449349879374             0 
   427     427           3.5 0.2480369023276             0 
 11169   11169           1.5 0.2490312329978             0 
 19324   19324           7.5 0.2545594096882             0 
 33723   33723           5.5 0.2480617900518             0 
 32038   32038          15.5 0.70781887875             0 
 35956   35956          15.5 0.6405641326516             0 
 20136   20136          17.5 0.5726025824784             0 
 20326   20326           5.5 0.5398023164839             0 
 23139   23139          10.5 0.5079600267862             0 
 29735   29735          12.5 0.494336737863             0 
 12087   12087           5.5 0.4745305590308             0 
 33383   33383          16.5 0.4492125821165             0 
 10470   10470           3.5 0.433092249173             0 
 27304   27304          27.5 0.4214083637574             0 
 32590   32590           9.5 0.4185740841974             0 
 19676   19676           3.5 0.3868227134903             0 
 35704   35704          11.5 0.3745700755646             0 
 26349   26349           4.5 0.38098178489             0 
 27049   27049          17.5 0.3686967003216             0 
 24703   24703           6.5 0.3584532648599             0 
 36126   36126          13.5 0.3575817217599             0 
 18864   18864           3.5 0.3391067518919             0 
 11212   11212           4.5 0.3384891624649             0 
 34811   34811           5.5 0.3410566448349             0 
 36157   36157          11.5 0.3298675868728             0 
 27279   27279           6.5 0.3228864394014             0 
 19827   19827           3.5 0.3379473056614             0 
 37033   37033          28.5 0.3196655391937             0 
 26260   26260           2.5 0.316726396332             0 
 19309   19309           4.5 0.3035287938279             0 
 10333   10333           5.5 0.3180004388756             0 
 25858   25858           2.5 0.3377521080892             0 
 10920   10920          12.5 0.3043743101849             0 
 21384   21384           2.5 0.3099467937367             0 
   668     668           3.5 0.2989934818036             0 
 10383   10383           1.5 0.3009674494146             0 
   781     781           7.5 0.3018236332828             0 
 19455   19455           0.5 0.3009801655909             0 
  5643    5643           6.5 0.3108481150493             0 
 10278   10278           1.5 0.2968575944674             0 
 28811   28811           5.5 0.2906096107338             0 
 20272   20272           3.5 0.2833282737553             0 
  9419    9419           6.5 0.2802861933772             0 
 12053   12053           1.5 0.2799868635511             0 
   976     976           1.5 0.2806646088414             0 
 10728   10728          14.5 0.2837876903016             0 
 12808   12808           2.5 0.2702174292087             0 
 20275   20275           2.5 0.2715246224582             0 
 18679   18679           6.5 0.2736594840589             0 
 18477   18477           2.5 0.2593208758233             0 
 19370   19370           4.5 0.2634615846623             0 
 11429   11429           2.5 0.2619872804443             0 
 18520   18520           2.5 0.2586901877034             0 
  1990    1990           5.5 0.2626931074728             0 
 21357   21357           1.5 0.2617713680643             0 
 20188   20188           9.5 0.2645178866434             0 
 29353   29353          59.5             0 0.2847263213124 
   423     423           9.5 0.2932211327409             0 
 33044   33044           3.5 0.2732819270739             0 
 31974   31974          15.5             0 0.2616246868171 
 20807   20807           1.5 0.2661979752181             0 
  2208    2208           6.5 0.2547528055233             0 
 32710   32710           2.5 0.258929888659             0 
 36199   36199          20.5 0.2514226363017             0 
  1282    1282           5.5 0.2444751066287             0 
 31515   31515           8.5             0 0.2567319644468 
 17430   17430           5.5 0.2796731736963             0 
 10358   10358           0.5 0.2527330820895             0 
   991     991           6.5 0.2547376444404             0 
 27583   27583           0.5 0.25399362577             0 
 27808   27808           7.5 0.2714498031393             0 
 31869   31869           1.5 0.2530784917877             0 
 15364   15364           4.5 0.2565828002103             0 
 11990   11990           2.5 0.2502091260851             0 
 28041   28041           3.5 0.2454642187605             0 
 26351   26351           1.5 0.2421042476159             0 
 27828   27828          13.5 0.2461997768796             0 
   923     923           0.5 0.2504169129426             0 
 35892   35892          15.5             0 0.2547336935104 
 19325   19325           2.5 0.2427921196227             0 
 35946   35946          20.5 0.2470316196089             0 
  1367    1367           4.5 0.2376565028972             0 
 12073   12073           3.5 0.2367982387681             0 
 21141   21141           2.5 0.2361156476059             0 
 23399   23399          16.5             0 0.2489444010202 
 10807   10807          11.5 0.2692583426347             0 
 20788   20788           4.5 0.2429462231407             0 
    78      78           3.5 0.2424448719424             0 
 14308   14308           2.5 0.2474522322219             0 
 19495   19495           4.5 0.2366858627316             0 
 35211   35211           2.5 0.2342079964351             0 
  1677    1677           1.5 0.234796686504             0 
  1013    1013           4.5 0.2348891614576             0 
 34780   34780           1.5 0.2534613847184             0 
   162     162           2.5 0.2417815347007             0 
 30818   30818           3.5 0.2279798096713             0 
 11560   11560          11.5 0.226663719893             0 
 20855   20855           0.5 0.2312377359708             0 
 35258   35258          12.5 0.2395482636799             0 
 20170   20170           0.5 0.2337680337249             0 
 20381   20381           1.5 0.2325454028945             0 
 28819   28819           4.5 0.2253108639376             0 
 10633   10633           2.5 0.2339080334052             0 
  2156    2156           3.5 0.2242865226948             0 
 10844   10844           3.5 0.2255370994416             0 
 28265   28265          32.5             0 0.2238794218493 
 11111   11111           5.5 0.2396168893468             0 
  9649    9649           5.5 0.224027501903             0 
 18551   18551           2.5 0.2200225672096             0 
 10872   10872           3.5 0.2157063061339             0 
 28454   28454           2.5 0.2299964704527             0 
 34115   34115           3.5 0.2432885458403             0 
 36687   36687           2.5 0.2260829576677             0 
 18491   18491           1.5 0.2215047943927             0 
 10107   10107           1.5 0.222441391024             0 
 30249   30249          18.5 0.690343668729             0 
 32042   32042          18.5 0.5942868959588             0 
 20124   20124           6.5 0.5371777986158             0 
 33965   33965           6.5 0.5031831780757             0 
 19880   19880          17.5 0.4767904351469             0 
 28917   28917           4.5 0.4616686050592             0 
 31738   31738          13.5 0.4348705454052             0 
 32550   32550          13.5 0.4179776062003             0 
 32807   32807          13.5 0.4062532685388             0 
 32177   32177           8.5 0.3877080160164             0 
 19548   19548           7.5 0.3730852527804             0 
 19879   19879           7.5 0.3484953797523             0 
 29761   29761           4.5 0.3339669899264             0 
 19624   19624          21.5 0.3443825537944             0 
 35486   35486          11.5 0.3270598961035             0 
 11443   11443           5.5 0.3278567610203             0 
 35221   35221           3.5 0.3231267730879             0 
 27785   27785           5.5 0.3193044918902             0 
 11110   11110           3.5 0.3159915573949             0 
 15186   15186           2.5 0.3095692540147             0 
 10866   10866           4.5 0.3063337097359             0 
 18800   18800           2.5 0.3083622628684             0 
 11240   11240          13.5 0.3021214115431             0 
 35312   35312          11.5 0.294910434962             0 
 28438   28438           5.5 0.2853810956693             0 
 10108   10108           4.5 0.2835603857772             0 
 26464   26464           4.5 0.2774249571215             0 
 20256   20256           1.5 0.2769958374862             0 
 10093   10093           4.5 0.2775793008259             0 
 26669   26669           3.5 0.2731034079623             0 
 17800   17800           4.5 0.26874542945             0 
 29289   29289          61.5             0 0.2680195076887 
 19763   19763          11.5 0.3271333370049             0 
 32084   32084           8.5 0.2776378239964             0 
 10922   10922           4.5 0.2648114749418             0 
 19493   19493           1.5 0.2669126000229             0 
 11048   11048          11.5 0.2572401884071             0 
 13069   13069           0.5 0.2619210156603             0 
   342     342           5.5 0.2579560889114             0 
 37242   37242           4.5 0.2667670622785             0 
 12054   12054           1.5 0.2536250717491             0 
 35998   35998          23.5 0.2611833699192             0 
 33476   33476           0.5 0.2714682204218             0 
 20111   20111           5.5 0.2814763385574             0 
 27275   27275           2.5 0.2504044819385             0 
 31089   31089           4.5 0.2547834196939             0 
 30313   30313          25.5             0 0.2575595969915 
  1898    1898           3.5 0.2516037781212             0 
 19636   19636           5.5 0.2469462790179             0 
 22573   22573           2.5 0.2474058757078             0 
 18744   18744           2.5 0.2475869539179             0 
 17432   17432           2.5 0.243528390043             0 
 21363   21363           4.5 0.2408655434703             0 
 22503   22503           7.5 0.2420951065433             0 
 37064   37064           5.5 0.242087885114             0 
  1808    1808           2.5 0.2410854299518             0 
 10214   10214           1.5 0.2367694095053             0 
 17483   17483           1.5 0.2410876065038             0 
 35364   35364           9.5 0.2371566358825             0 
 22609   22609           0.5 0.2399402311836             0 
  2020    2020           5.5 0.2468099204394             0 
 26406   26406           1.5 0.2327365355422             0 
 13455   13455           2.5 0.2403477506124             0 
 12361   12361           3.5 0.2361846147005             0 
 18742   18742           2.5 0.2271029267901             0 
 19855   19855           6.5 0.222182440452             0 
 20006   20006           0.5 0.2422723488791             0 
 10743   10743           9.5 0.2342590139287             0 
 16959   16959           3.5 0.2222584875322             0 
 31383   31383           6.5 0.2250159005803             0 
 22824   22824          50.5             0 0.2395446297483 
 11352   11352           5.5 0.2661757193602             0 
 30887   30887          14.5 0.2270627111706             0 
 31978   31978          20.5             0 0.2286538177428 
 30254   30254           1.5 0.233512320324             0 
  2551    2551           4.5 0.2335630918921             0 
 11233   11233           2.5 0.2282168223748             0 
 18925   18925           1.5 0.2312146908842             0 
 11686   11686           6.5 0.2346055168737             0 
 10767   10767           2.5 0.2219010112874             0 
 10201   10201           2.5 0.2164454199512             0 
 11056   11056           1.5 0.2224164205414             0 
  1253    1253           7.5 0.2234508637723             0 
 28393   28393          37.5             0 0.233289474366 
 11087   11087           3.5 0.2244752551175             0 
 11861   11861           1.5 0.215653802964             0 
 35994   35994          15.5 0.2206851778456             0 
 19424   19424           0.5 0.2198642389669             0 
 19445   19445           1.5 0.2196085141364             0 
 11815   11815           5.5 0.2189584590981             0 
 13491   13491           1.5 0.2204692989567             0 
 32079   32079           4.5 0.2192353978901             0 
 10493   10493           1.5 0.222541627828             0 
 31008   31008           6.5 0.2137413243774             0 
 27819   27819           5.5 0.2095907583532             0 
 10855   10855           3.5 0.2088493954038             0 
 10114   10114           1.5 0.210711780167             0 
  3554    3554           5.5 0.206609964168             0 
 15871   15871           5.5 0.2036579394762             0 
 20415   20415           2.5 0.2081357887053             0 
 19767   19767           4.5 0.2121966320224             0 
 17334   17334           1.5 0.2079241672707             0 
 20251   20251           5.5 0.20887252277             0 
 26145   26145           0.5 0.2051138495856             0 
 37760   37760          10.5 0.2128393433292             0 
 25880   25880           0.5 0.2006256919328             0 
 10216   10216          19.5 0.2259300819905             0 
 30892   30892           3.5 0.2110108312658             0 
 30037   30037           1.5 0.2013663898274             0 
 34490   34490          22.5             0 0.2014904725062 
 12431   12431           4.5 0.2036983451844             0 
 18603   18603           2.5 0.2104645028132             0 
 28033   28033           4.5 0.1980806338405             0 
 19911   19911           0.5 0.1963505605083             0 
 20710   20710          10.5 0.2099902596706             0 
 21926   21926          17.5             0 0.2099194178955 
 20205   20205           4.5 0.21977308228             0 
 10744   10744           2.5 0.214800646849             0 
 25775   25775           2.5 0.2036798999812             0 
 11060   11060           2.5 0.2046704375153             0 
   228     228           1.5 0.1997807084987             0 
   814     814           2.5 0.1927806197889             0 
 10198   10198           3.5 0.1950780660444             0 
 11211   11211           0.5 0.2034994542226             0 
 10413   10413           2.5 0.2190970956518             0 
 10569   10569           1.5 0.2157765186976             0 
 16580   16580           4.5 0.1992169417786             0 
 30405   30405           4.5             0 0.1970529251866 
 32928   32928          18.5 0.2151373751166             0 
 24067   24067           0.5 0.2012318657726             0 
  1843    1843           7.5 0.1995681458621             0 
 13162   13162           7.5             0 0.1985074476933 
 36368   36368          11.5 0.2403218286964             0 
 10536   10536          10.5 0.2039177611183             0 
 36851   36851           1.5 0.2069813363211             0 
 27787   27787           3.5 0.2071472578222             0 
 10461   10461           6.5 0.1994773837224             0 
 31028   31028           6.5 0.2066137287589             0 
  6764    6764           6.5 0.1976402746925             0 
 14639   14639           2.5 0.2048999262065             0 
 10923   10923           0.5 0.1921557729191             0 
 33659   33659           7.5 0.1931968601282             0 
 23576   23576           0.5 0.2024684984724             0 
 12110   12110           1.5 0.1932242404956             0 
 36518   36518          17.5 0.1928463480888             0 
 10524   10524           1.5 0.1925081053238             0 
 24518   24518           0.5 0.1863414037177             0 
 19312   19312           3.5 0.1883266231162             0 
 34916   34916          52.5             0 0.1994261238204 
 19965   19965           5.5 0.2128895381569             0 
 27622   27622           6.5 0.1887453425696             0 
 25069   25069           3.5 0.1939239967668             0 
 31643   31643           6.5             0 0.1906016746159 
 18456   18456           9.5 0.2086718466697             0 
 31209   31209          16.5 0.6547362994612             0 
 36713   36713          23.5 0.5754079337137             0 
 28380   28380           5.5 0.5339449177716             0 
 27513   27513           5.5 0.4891437650838             0 
 19750   19750           6.5 0.4553022972772             0 
 31721   31721          17.5 0.4411137189119             0 
 31208   31208          24.5 0.4214208160289             0 
 33488   33488           7.5 0.3924096328939             0 
 26418   26418           5.5 0.3795583758482             0 
 35380   35380          15.5 0.3627279169282             0 
 34471   34471          13.5 0.3512892729512             0 
 36071   36071          24.5 0.3450131492272             0 
 20263   20263           5.5 0.327805310629             0 
 19420   19420           5.5 0.3250721184174             0 
 34413   34413          10.5 0.3183198863191             0 
 11036   11036           3.5 0.3180037260333             0 
 20007   20007           5.5 0.3136105062972             0 
 21134   21134           2.5 0.3002787948971             0 
 27626   27626           8.5 0.2904936157722             0 
 11346   11346           2.5 0.2866206809165             0 
 20680   20680           2.5 0.2814981089147             0 
 27521   27521           4.5 0.2792157322044             0 
 12317   12317           4.5 0.2804248408492             0 
 20333   20333           3.5 0.2825119138199             0 
 11624   11624           8.5 0.2665910634996             0 
 12320   12320           2.5 0.2655377771818             0 
 19698   19698           2.5 0.26397851659             0 
 11032   11032           4.5 0.2713039805766             0 
 33116   33116           5.5 0.2721945994207             0 
 26501   26501           2.5 0.2599714549603             0 
 11035   11035           2.5 0.2499164471109             0 
 33474   33474           4.5 0.2550146240654             0 
  1559    1559           2.5 0.2561699824287             0 
 34473   34473          15.5 0.2521587680453             0 
 10792   10792          13.5 0.2534501299285             0 
 12797   12797           0.5 0.2599595652484             0 
 30787   30787           5.5 0.2498610667424             0 
 20029   20029           2.5 0.2474707178939             0 
 20566   20566           3.5 0.2446204649404             0 
 35330   35330           5.5 0.2389904937994             0 
 18429   18429           2.5 0.231809016648             0 
 27817   27817          15.5 0.2306977910784             0 
 11961   11961           2.5 0.2295203069391             0 
 10765   10765           1.5 0.228402996443             0 
 27343   27343          13.5 0.235222508794             0 
 29225   29225          51.5             0 0.2830939582983 
 19547   19547           6.5 0.2602059528285             0 
 27273   27273           4.5 0.2291895234449             0 
 11768   11768           2.5 0.2238635629788             0 
   274     274           1.5 0.2335901748188             0 
 30032   30032           3.5 0.2311340922046             0 
 26358   26358           2.5 0.2247613830631             0 
 34798   34798           3.5 0.2282314905227             0 
 26226   26226           1.5 0.2242986209177             0 
 20201   20201          11.5 0.2271226600432             0 
  1249    1249           1.5 0.2247359876937             0 
 17387   17387           3.5 0.2206476273897             0 
 19740   19740           1.5 0.2186216560099             0 
 12009   12009           6.5 0.2264267868076             0 
 28329   28329          31.5             0 0.2230205594006 
 23529   23529          10.5 0.2206878280087             0 
 10109   10109           3.5 0.2158929637875             0 
 21427   21427           2.5 0.2172980093244             0 
 18660   18660           2.5 0.214955260671             0 
 35377   35377           9.5 0.2148858101117             0 
 32456   32456           0.5 0.2253968241275             0 
 11729   11729           1.5 0.2182479382187             0 
 10154   10154           1.5 0.2155573809083             0 
 20391   20391           6.5 0.2093913795862             0 
 13567   13567           2.5 0.2066831763184             0 
   283     283           5.5 0.2189161484515             0 
 16222   16222           0.5 0.2140592734065             0 
   196     196           3.5 0.2345484854742             0 
 36109   36109           3.5 0.2147666602848             0 
 11046   11046           6.5 0.2116242904163             0 
 23464   23464          36.5             0 0.2150872774778 
 11112   11112          14.5 0.2195121277755             0 
  8521    8521           4.5 0.2143431825268             0 
  9424    9424           2.5 0.2132631466322             0 
 19422   19422           3.5 0.2048211729184             0 
 10599   10599           3.5 0.2096999497199             0 
 15874   15874           2.5 0.2026915402045             0 
  9459    9459           6.5 0.2061964319278             0 
 20336   20336           4.5 0.2014161093732             0 
 22349   22349           0.5 0.1991924935789             0 
   563     563           3.5 0.2127416305656             0 
   309     309           2.5 0.2013546393014             0 
   863     863           1.5 0.1973310511173             0 
 19892   19892           8.5 0.1989959146993             0 
 36841   36841          18.5 0.1995674698711             0 
 16648   16648           3.5 0.1973504819224             0 
 20595   20595           1.5 0.2048850335576             0 
 10217   10217           5.5 0.2094790833781             0 
  1789    1789           2.5 0.1999185871812             0 
 36649   36649          27.5             0 0.2004594393961 
 36083   36083           4.5 0.1968587915457             0 
 26451   26451           2.5 0.1987683851395             0 
 32527   32527           2.5 0.1956541852598             0 
 20646   20646           7.5 0.1945809872155             0 
 35295   35295           6.5             0 0.2034354049006 
  3019    3019           5.5 0.2071696632526             0 
 26396   26396           1.5 0.1986040751934             0 
 12947   12947           0.5 0.18954024593             0 
 10336   10336           1.5 0.2058038996755             0 
 35108   35108          27.5             0 0.2054016761689 
 31214   31214           5.5 0.2033468492424             0 
 28892   28892          31.5             0 0.1994928003606 
  2492    2492           7.5 0.2141347281742             0 
 35407   35407           3.5 0.1922608661243             0 
 27792   27792           3.5 0.1920061990679             0 
 10103   10103           2.5 0.1907857797304             0 
 21549   21549           1.5 0.1984382451069             0 
 35430   35430          29.5 0.2064729585671             0 
 25517   25517           1.5 0.2068909101141             0 
 19343   19343           3.5 0.1891646725234             0 
  1259    1259           2.5 0.2038276911094             0 
 36865   36865           5.5 0.1825221243214             0 
 25992   25992           0.5 0.1884618665782             0 
 10598   10598           5.5 0.1922035822643             0 
 29335   29335           2.5 0.196120275312             0 
  1094    1094           5.5 0.1860655704536             0 
 16516   16516           2.5 0.1893963371874             0 
  1961    1961           5.5 0.1940935239989             0 
 25945   25945           7.5 0.1863111609449             0 
 32595   32595           3.5 0.1807839628959             0 
 11075   11075           1.5 0.1786897999849             0 
 10936   10936           3.5 0.1819646683161             0 
 10105   10105           2.5 0.1786374553924             0 
 35011   35011           1.5 0.1770294312728             0 
 19306   19306           3.5 0.1797205250607             0 
 10149   10149           1.5 0.1772361804385             0 
 20979   20979           2.5 0.1769855171525             0 
  4581    4581           4.5 0.1815765458069             0 
 26704   26704           1.5 0.1797610251194             0 
 35147   35147           2.5 0.177925944707             0 
 26140   26140           3.5 0.1791673360484             0 
 29921   29921           1.5 0.1776721420664             0 
 34058   34058          10.5             0 0.189509395083 
 11379   11379           2.5 0.189543353095             0 
 30185   30185          40.5             0 0.184349936016 
 21071   21071           6.5 0.2108463164435             0 
 28606   28606           0.5             0 0.2012041787226 
 11926   11926           4.5 0.2054439644736             0 
 31755   31755           6.5 0.187811612039             0 
  1631    1631           2.5 0.1843658741877             0 
   201     201           1.5 0.1839282132207             0 
 18863   18863           1.5 0.1835493871575             0 
 11548   11548           7.5 0.1804075866902             0 
 35320   35320           4.5 0.1781404165594             0 
 31805   31805           3.5 0.1781666809326             0 
 11149   11149           1.5 0.1763849331099             0 
 17635   17635           4.5 0.1820424721465             0 
 32169   32169          58.5             0 0.1937238997376 
 35418   35418          18.5 0.2008184881313             0 
 26842   26842           0.5 0.185788491523             0 
 32992   32992           6.5 0.1765432376273             0 
 11120   11120           3.5 0.1775155163601             0 
 31613   31613           0.5 0.1849340106837             0 
 37497   37497           8.5 0.1757269903165             0 
  4587    4587           2.5 0.1770499349083             0 
 26781   26781           4.5 0.1741896942995             0 
 35600   35600           3.5 0.1779253531742             0 
 10331   10331           3.5 0.177519122104             0 
 22300   22300          18.5             0 0.1853222189408 
 10511   10511           5.5 0.1892727350652             0 
 10813   10813           1.5 0.1997557714753             0 
 18413   18413           2.5 0.1761459286665             0 
 10155   10155           2.5 0.1735034266138             0 
 27350   27350           3.5 0.1769832843501             0 
 35338   35338          14.5 0.1754689913708             0 
 33947   33947          12.5             0 0.18227470606 
  3111    3111           7.5 0.183428963583             0 
 37331   37331           6.5 0.1799678603416             0 
 33126   33126          14.5 0.1705015644486             0 
  4881    4881           2.5             0 0.1991242647919 
  7123    7123           7.5 0.1736118476237             0 
 19434   19434           4.5 0.1771537959698             0 
  3819    3819           2.5 0.1700372342601             0 
 25447   25447           9.5             0 0.172166870966 
 19753   19753          11.5 0.1699814630925             0 
 11181   11181           1.5 0.1771903486974             0 
 30882   30882           5.5 0.1716406007343             0 
 10966   10966           0.5 0.1805759250975             0 
   877     877           1.5 0.1708735060213             0 
  4258    4258           3.5 0.1727529373248             0 
   954     954           4.5 0.1718333311589             0 
 34857   34857          23.5 0.6319253707025             0 
 32245   32245          15.5 0.5555563437139             0 
 27050   27050          12.5 0.4957878225856             0 
 28451   28451          12.5 0.4551979317369             0 
 20390   20390           4.5 0.4288555372387             0 
 28135   28135          10.5 0.4099606801573             0 
 31904   31904          15.5 0.3964193726695             0 
 32313   32313           4.5 0.3697485016776             0 
 19612   19612           5.5 0.360173357731             0 
 36205   36205           9.5 0.3479449276964             0 
 12136   12136          11.5 0.3505026015075             0 
 36119   36119          10.5 0.3320350115672             0 
 27560   27560          27.5 0.3209380627016             0 
 35303   35303          16.5 0.3102116513943             0 
 32570   32570           4.5 0.2996834784764             0 
 10968   10968           4.5 0.2932399418807             0 
 28801   28801           4.5 0.2868891559918             0 
 20734   20734           1.5 0.2807841368836             0 
 27562   27562           8.5 0.276794959104             0 
  1035    1035           3.5 0.2692834046372             0 
 12520   12520          13.5 0.264073309959             0 
 27734   27734           2.5 0.2604494595093             0 
 10534   10534           4.5 0.2602164824918             0 
 29825   29825           6.5 0.2542244844201             0 
 26278   26278           2.5 0.2564353729171             0 
 20316   20316           3.5 0.2512668930562             0 
 10447   10447           2.5 0.254209287474             0 
 34677   34677          10.5 0.2460835386749             0 
 33961   33961          55.5             0 0.247395652502 
 18541   18541           3.5 0.2642210139613             0 
 26072   26072           4.5 0.2547106584892             0 
 11447   11447           5.5 0.2413878758798             0 
 19826   19826           5.5 0.2373586873939             0 
 27322   27322           3.5 0.2430837378385             0 
  1199    1199           4.5 0.2421517517307             0 
 37645   37645           1.5 0.2397837277124             0 
 18821   18821           1.5 0.2327357719396             0 
 26341   26341           5.5 0.2321441543254             0 
   202     202           0.5 0.230818743654             0 
 11113   11113           5.5 0.2343765666593             0 
  1581    1581           4.5 0.2225211477675             0 
 22089   22089           1.5 0.2242613951571             0 
 25959   25959          11.5 0.223641429416             0 
 18913   18913           1.5 0.2186372454247             0 
 19352   19352           1.5 0.21805969555             0 
 33493   33493           3.5 0.2165865783942             0 
 32309   32309          19.5             0 0.2200717348534 
 10957   10957           1.5 0.2204375227394             0 
 20023   20023           7.5 0.2185705630715             0 
   156     156           2.5 0.2222270947649             0 
 34281   34281          16.5 0.2139522178563             0 
 30764   30764           2.5 0.2131950101503             0 
   445     445           2.5 0.2124687614892             0 
 11989   11989           2.5 0.2137774789455             0 
 30816   30816           3.5 0.2118594381993             0 
 31741   31741           3.5 0.2070520339898             0 
  7944    7944           5.5 0.2164406980031             0 
 24359   24359          14.5             0 0.2147629338503 
  2112    2112           6.5 0.2241873087944             0 
 19020   19020           4.5 0.2146329581116             0 
 35327   35327           3.5 0.2091705805063             0 
 20269   20269           5.5 0.2143159780321             0 
 20010   20010           3.5 0.2145553949446             0 
 10118   10118           1.5 0.2054155920757             0 
  8338    8338           4.5 0.2037275012977             0 
 28387   28387          12.5             0 0.2079581032497 
 12385   12385           1.5 0.2066866752112             0 
 37306   37306           8.5 0.2032753183405             0 
 27171   27171           3.5 0.205068288476             0 
  1463    1463           5.5 0.2056206395762             0 
 32233   32233          47.5             0 0.2079003279485 
 35987   35987          22.5 0.2235512262559             0 
 19861   19861           0.5 0.2138347698006             0 
 10102   10102           3.5 0.2047488396994             0 
 26414   26414           2.5 0.2064858665056             0 
 26453   26453           0.5 0.2017979432793             0 
 17366   17366           4.5 0.1984684252323             0 
 19369   19369           6.5 0.203712967372             0 
 10601   10601           4.5 0.1936453374136             0 
 21148   21148           6.5 0.1925389836713             0 
 31525   31525           6.5 0.1893441253029             0 
 10210   10210           0.5 0.1953484876677             0 
 11591   11591           2.5 0.1916895536996             0 
 30885   30885           2.5 0.1982400354476             0 
 10727   10727           4.5 0.1898268928582             0 
 11209   11209           3.5 0.1877484149324             0 
 19966   19966           1.5 0.1914282258254             0 
 10255   10255           4.5 0.1919262108523             0 
 35545   35545           1.5 0.1958772163327             0 
 12904   12904          13.5 0.1852543089259             0 
 22887   22887           7.5             0 0.2074286818104 
 20583   20583           7.5 0.185778315131             0 
 10136   10136           2.5 0.1884990174418             0 
 20135   20135           2.5 0.1943974437023             0 
 36942   36942          20.5 0.1969963212673             0 
 13549   13549           3.5 0.1869665979335             0 
 22888   22888          35.5             0 0.1820683392292 
  1341    1341           7.5 0.2070758975462             0 
 23103   23103           6.5 0.1840086937162             0 
 24229   24229           8.5             0 0.1876060571986 
  6500    6500           5.5 0.1915691364945             0 
 10360   10360           3.5 0.1811027986503             0 
 35388   35388           1.5 0.1819555361001             0 
 31776   31776          15.5             0 0.1813105357561 
 26696   26696           4.5 0.1797468133594             0 
 26081   26081           1.5 0.1838176194841             0 
 18536   18536          14.5 0.1798326783536             0 
 34724   34724          23.5             0 0.185301108495 
 19310   19310           1.5 0.1828341431124             0 
 13220   13220           1.5 0.1825117561765             0 
 13853   13853           2.5 0.1829871509118             0 
 10529   10529           2.5 0.1823564243452             0 
 35002   35002           8.5 0.1767119822373             0 
 26583   26583           1.5 0.1792297424063             0 
 19557   19557           1.5 0.1781150710755             0 
  3329    3329           5.5 0.180417579377             0 
 27964   27964           1.5 0.1741767484743             0 
 35947   35947          11.5 0.1765819870936             0 
 16238   16238           0.5 0.1783203588319             0 
   224     224           6.5 0.2019999402797             0 
 18346   18346          16.5             0 0.1851351242562 
 31892   31892          17.5 0.2209935045474             0 
 19891   19891           2.5 0.1903884951342             0 
   751     751           4.5 0.1763555494959             0 
 21885   21885           0.5 0.1776649872314             0 
  3023    3023           7.5 0.1715033813925             0 
 27114   27114          16.5             0 0.1695625735619 
 34068   34068           4.5 0.1752162371968             0 
 11479   11479           2.5 0.1822723081982             0 
 22823   22823           3.5 0.1711556911312             0 
 21119   21119           3.5 0.1877867424425             0 
 32069   32069           0.5 0.1881179170906             0 
   369     369           3.5 0.1868753503202             0 
 27558   27558           2.5 0.1809805607227             0 
 14245   14245           2.5 0.1765852520708             0 
 23966   23966           5.5             0 0.1784818742897 
 18735   18735           3.5 0.1757824924909             0 
 23334   23334           4.5             0 0.1758390576655 
 18808   18808           3.5 0.1791308497884             0 
 36487   36487          18.5             0 0.1871036662752 
 12256   12256           2.5 0.1777593676062             0 
 18989   18989           2.5 0.1697092232006             0 
   203     203           1.5 0.1700342181481             0 
  1430    1430           2.5 0.1719643436809             0 
 33318   33318          17.5 0.1665772953939             0 
 25994   25994           0.5 0.1787892583011             0 
 31814   31814           6.5 0.1799508487939             0 
 11122   11122           2.5 0.1710036560246             0 
 18596   18596           2.5 0.1691497046992             0 
 36782   36782           6.5 0.1661833453824             0 
 36355   36355           1.5 0.1719465314643             0 
 10219   10219           3.5 0.1689567876611             0 
 26848   26848           0.5 0.1685461152348             0 
   836     836           7.5 0.182208863543             0 
 33001   33001          65.5             0 0.1759161991017 
 10616   10616           8.5 0.193628023975             0 
 26820   26820           2.5 0.1791149389726             0 
 25922   25922           2.5 0.163863655937             0 
 21975   21975           7.5 0.1751318458021             0 
 20361   20361           1.5 0.1743368419125             0 
 19356   19356           6.5 0.1801505538973             0 
 20495   20495           2.5 0.1620213586858             0 
 18833   18833           0.5 0.1707744808569             0 
  3024    3024           2.5 0.1675658566741             0 
  8528    8528           5.5 0.1645560954549             0 
 24352   24352           8.5             0 0.1728967038933 
 10400   10400           1.5 0.1744172476816             0 
 13006   13006           1.5 0.1706457346421             0 
 11184   11184           0.5 0.169805020715             0 
 11023   11023           5.5 0.1856146748428             0 
 11100   11100           1.5 0.1727290333301             0 
  1618    1618           1.5 0.1619405005462             0 
 12025   12025           2.5 0.1662734372476             0 
 24603   24603           2.5 0.1646480573265             0 
 26024   26024          19.5 0.1582186275642             0 
 11213   11213           3.5 0.1575924803487             0 
 19388   19388           2.5 0.1579690185984             0 
  1636    1636           2.5 0.1580976085513             0 
 28457   28457          41.5             0 0.1628697655249 
 36623   36623           5.5 0.1775425424499             0 
 27939   27939          10.5             0 0.1714932559409 
 28936   28936           2.5 0.1858699965745             0 
 32529   32529           2.5 0.1597101129461             0 
 35339   35339           4.5 0.1678023409121             0 
 12381   12381           3.5 0.1618264915982             0 
 22236   22236          16.5             0 0.1656658502012 
 11720   11720           3.5 0.1753751345836             0 
 36981   36981           2.5 0.1697042453427             0 
  9760    9760           5.5 0.1648134561244             0 
 25125   25125           3.5 0.1584178706025             0 
 22494   22494           4.5 0.1675292027418             0 
 22885   22885           2.5             0 0.1588082203122 
 32224   32224          16.5 0.1674724351269             0 
 31429   31429           3.5             0 0.1598564932528 
  7118    7118           4.5 0.1651120172146             0 
  5324    5324           4.5 0.158994345784             0 
 15807   15807           3.5 0.1586208824093             0 
   988     988           1.5 0.1563537271578             0 
 11901   11901           0.5 0.1586896437204             0 
 36151   36151           7.5 0.1729987420289             0 
    38      38           3.5 0.1572341334051             0 
 19430   19430           1.5 0.1647000166022             0 
  2098    2098           2.5 0.1666585031562             0 
  4114    4114          10.5             0 0.1699474166198 
 31363   31363          10.5 0.18993882405             0 
 32671   32671           2.5 0.1629444048581             0 
 19981   19981           2.5 0.1643410382373             0 
 12138   12138           5.5 0.1620336391988             0 
  3672    3672           1.5 0.1614121141254             0 
 17712   17712           5.5 0.1561544136151             0 
 11871   11871           0.5 0.1593260336182             0 
 35815   35815          32.5             0 0.1619607747424 
  1862    1862           2.5 0.1568829152174             0 
 10416   10416           0.5 0.1590477885238             0 
 11982   11982           2.5 0.1576013975638             0 
 10459   10459           2.5 0.1540699530204             0 
 20967   20967          25.5             0 0.1629726827413 
 25067   25067           7.5 0.17711156708             0 
 19417   19417           0.5 0.1577029941812             0 
 26819   26819           1.5 0.1557788800614             0 
 31466   31466           9.5 0.155628787538             0 
 11657   11657           1.5 0.15531020946             0 
 31922   31922           3.5 0.162323223243             0 
 28956   28956          20.5             0 0.1599748001121 
 25928   25928           2.5 0.159814078879             0 
 33302   33302           0.5             0 0.1602475641022 
 31281   31281           4.5 0.160177775167             0 
  1322    1322           1.5 0.1565594132977             0 
 11394   11394           0.5 0.1527641309026             0 
 35434   35434          17.5 0.611506892838             0 
 34089   34089          19.5 0.5236599395701             0 
 27636   27636          13.5 0.4667105874943             0 
 31213   31213           6.5 0.4424714253067             0 
 27430   27430           7.5 0.4268098461052             0 
 36201   36201          22.5 0.3995554300196             0 
 20134   20134           4.5 0.386585668747             0 
 20360   20360           3.5 0.3637780614385             0 
 31851   31851           8.5 0.3544702218897             0 
 33390   33390           6.5 0.3410829153561             0 
 19572   19572           6.5 0.330005205441             0 
 32679   32679          10.5 0.3170103088187             0 
 22056   22056          18.5 0.3061383137997             0 
 35325   35325           9.5 0.2996332010749             0 
 28374   28374           4.5 0.2830870779535             0 
 19895   19895           4.5 0.2789525263569             0 
 15122   15122           3.5 0.2751944002213             0 
 26469   26469           3.5 0.2754381923485             0 
 26470   26470           2.5 0.2647316136044             0 
 35177   35177          18.5 0.2579526649342             0 
 35961   35961           7.5 0.2549900259201             0 
 11176   11176          11.5 0.2502401014887             0 
 36153   36153          10.5 0.2437419133373             0 
 35498   35498          18.5             0 0.248293310556 
 34986   34986           8.5 0.2519170808213             0 
 20835   20835           3.5 0.2440643105429             0 
 10664   10664          11.5 0.2398242220522             0 
 12471   12471           3.5 0.2303208755424             0 
 27407   27407           5.5 0.2402811695016             0 
 36397   36397           9.5 0.2276946088483             0 
 16342   16342           2.5 0.2273045574404             0 
 11570   11570           2.5 0.2205271026132             0 
 10157   10157           2.5 0.2191756389863             0 
 11174   11174           3.5 0.2208404598299             0 
 21013   21013           1.5 0.2158238726689             0 
 20320   20320           2.5 0.2217110921887             0 
 34025   34025          45.5             0 0.219355903543 
 20364   20364           8.5 0.2444958415086             0 
 33851   33851           6.5 0.2266566053343             0 
 19789   19789           1.5 0.2197242900558             0 
 10406   10406           4.5 0.2313525110522             0 
 31810   31810           5.5 0.2163684849363             0 
 18724   18724           2.5 0.2050693012349             0 
  2960    2960           2.5 0.2057584968657             0 
 36033   36033           2.5 0.2076805920154             0 
 26403   26403           8.5 0.2139393271897             0 
 17757   17757           2.5 0.2007853762515             0 
 10204   10204           2.5 0.1992285965712             0 
  1317    1317           0.5 0.2012540001704             0 
    19      19           4.5 0.2057723752788             0 
 26728   26728          22.5 0.1973021323657             0 
 18492   18492           3.5 0.1941053877021             0 
  1485    1485           7.5 0.1914155020564             0 
 33897   33897          73.5             0 0.2031224173128 
 36078   36078          15.5 0.232839173829             0 
 26022   26022           2.5 0.1961547094398             0 
 10575   10575           6.5 0.1967279469701             0 
 20317   20317           1.5 0.2018817939731             0 
 11365   11365           1.5 0.188610936833             0 
   609     609           2.5 0.183603888492             0 
 19912   19912           0.5 0.1866463896295             0 
  1813    1813           5.5 0.1938950840962             0 
 26498   26498           1.5 0.1906971382871             0 
 26460   26460           1.5 0.1872496828772             0 
 30880   30880           5.5 0.1897524829803             0 
 21503   21503           3.5 0.1840321228612             0 
   102     102           4.5 0.1888433326965             0 
 35319   35319           2.5 0.1884594976581             0 
 19561   19561           6.5 0.1826886307245             0 
 32317   32317           4.5 0.1858421087244             0 
 27572   27572          15.5             0 0.1935541467284 
 16645   16645           1.5 0.1823131713427             0 
 10905   10905           1.5 0.1808565618266             0 
 30708   30708          10.5 0.1769165094047             0 
 34391   34391           3.5 0.1751935270601             0 
 18866   18866           2.5 0.1847932437982             0 
 34772   34772           7.5 0.1781421756533             0 
  2261    2261           5.5 0.1767233249159             0 
 35370   35370          17.5             0 0.1754573067382 
 15002   15002           0.5 0.1773852490527             0 
 11507   11507           8.5 0.1834219731065             0 
   929     929           0.5 0.1770899077283             0 
 19583   19583           3.5 0.201343786604             0 
  1164    1164           1.5 0.1795681728537             0 
 27851   27851           6.5 0.1698756827305             0 
 10190   10190           1.5 0.1721135392306             0 
 36042   36042           7.5 0.1711249749025             0 
 10636   10636           1.5 0.1699907744224             0 
 11767   11767           2.5 0.1755623780843             0 
  7975    7975           7.5             0 0.1859135395187 
 21084   21084           9.5 0.1927833333887             0 
 29912   29912           2.5 0.1777606673908             0 
 10994   10994           3.5 0.1733133443381             0 
 31962   31962           1.5 0.1721694152132             0 
 20461   20461           1.5 0.1715716273729             0 
  5460    5460           2.5 0.1719041576227             0 
 34984   34984          33.5 0.1673781309425             0 
 19101   19101           5.5 0.1687409524428             0 
  1283    1283           1.5 0.1669957376864             0 
  1957    1957           4.5 0.1688651565992             0 
 18906   18906           2.5 0.1680815449674             0 
 34852   34852          36.5             0 0.1698062218657 
 27519   27519           4.5 0.1751184327797             0 
 18991   18991           1.5 0.1704571449634             0 
 11416   11416           5.5 0.1742968604884             0 
 33129   33129          50.5             0 0.1666043165514 
 29463   29463           9.5 0.1890139868989             0 
 11827   11827           1.5 0.1670580592099             0 
 18939   18939           2.5 0.1743754836454             0 
  2149    2149           3.5 0.1688412260679             0 
 37708   37708           2.5 0.1670168672932             0 
 19494   19494           3.5 0.1723331480894             0 
 35202   35202           7.5 0.1679338285136             0 
 10659   10659           1.5 0.1612973633381             0 
  3233    3233           4.5 0.160958915493             0 
    74      74           1.5 0.1618619972904             0 
 14121   14121          11.5             0 0.1673179580998 
 12295   12295           2.5 0.1873808613561             0 
 15335   15335           3.5 0.1691883371173             0 
  6279    6279           6.5 0.1642591248934             0 
 18893   18893           2.5 0.1635396042308             0 
 31341   31341          13.5             0 0.1621242915745 
 36930   36930           7.5 0.1662660167861             0 
 26541   26541           3.5 0.1593381536107             0 
 27320   27320           5.5 0.1600606913665             0 
  2032    2032           0.5 0.1570731282784             0 
 20764   20764           2.5 0.1577024027726             0 
  9701    9701           7.5 0.1671483513712             0 
  5471    5471           3.5             0 0.1724633581005 
 26289   26289           5.5 0.1740619459638             0 
 18490   18490           0.5 0.1654521520905             0 
   250     250           4.5 0.1631023661112             0 
 28143   28143           1.5             0 0.163294170612 
 29922   29922           3.5 0.16094549777             0 
 17627   17627           0.5 0.155840452213             0 
 12368   12368           2.5 0.1571879923197             0 
 37540   37540          11.5             0 0.1560834324668 
 18216   18216          16.5 0.167286122842             0 
 31705   31705           0.5 0.1632991954531             0 
 34279   34279          28.5 0.1740763061018             0 
 10877   10877           3.5 0.1559566177008             0 
 23271   23271          13.5             0 0.1666885585872 
    25      25           3.5 0.1608689755214             0 
 20011   20011           1.5 0.1610529821625             0 
 36232   36232           7.5 0.1589701189778             0 
 20675   20675           0.5 0.1529478794788             0 
 11996   11996           4.5 0.1546282592812             0 
 11733   11733           0.5 0.1513508105105             0 
  1263    1263           1.5 0.1588607873234             0 
 37300   37300          21.5             0 0.1527790261646 
 36115   36115          18.5 0.1618712944406             0 
 26161   26161           2.5             0 0.1884084638205 
  1308    1308           6.5 0.1893981147687             0 
 37616   37616           6.5 0.154921960912             0 
 20318   20318           5.5 0.1554700582099             0 
 14314   14314           6.5             0 0.1731723055629 
  1839    1839           4.5 0.1730932769407             0 
 30697   30697          13.5 0.1559472413274             0 
    73      73           2.5 0.1546400020627             0 
 10343   10343           3.5 0.1592248766437             0 
 28842   28842           7.5 0.1544094022049             0 
 33536   33536           7.5 0.1492745987554             0 
 10907   10907           1.5 0.153201573815             0 
 27305   27305          31.5             0 0.1510059453562 
 10623   10623           4.5 0.1631971456885             0 
 24302   24302           0.5 0.1576331035156             0 
 20765   20765           4.5 0.1533084175993             0 
 24273   24273           0.5 0.1536362440648             0 
 36058   36058          22.5 0.1561664550098             0 
 30857   30857           1.5 0.1600616454635             0 
 11258   11258           2.5 0.1477447374868             0 
 28968   28968          40.5             0 0.1503045627568 
  2610    2610           2.5 0.152680981988             0 
  5702    5702           4.5 0.1482593918157             0 
 27862   27862           3.5 0.1476363562279             0 
 34286   34286           6.5             0 0.1493700934892 
 11721   11721           1.5 0.1487611650698             0 
   155     155           2.5 0.1482626900962             0 
 23528   23528          37.5             0 0.1518971644266 
 28264   28264          51.5 0.1595527248745             0 
 35083   35083           0.5 0.1609875867298             0 
  1050    1050           5.5 0.1534938813646             0 
 33566   33566           0.5 0.1566908983463             0 
 36915   36915           7.5 0.1553035173619             0 
 21374   21374           1.5 0.1511190157449             0 
 22298   22298           0.5 0.1518702773999             0 
 10547   10547          11.5 0.1467265208506             0 
 14957   14957           1.5             0 0.1548934086693 
 19565   19565           3.5 0.166237350696             0 
 12316   12316           1.5 0.1546014728491             0 
 23056   23056           3.5 0.147719559216             0 
  1072    1072           2.5 0.1476714943847             0 
 11189   11189           0.5 0.1524052896937             0 
 17896   17896          14.5 0.1509546727968             0 
 29715   29715           2.5 0.1470043674689             0 
 22466   22466           0.5 0.1505394065133             0 
 32906   32906          12.5             0 0.1488366886528 
  1431    1431           2.5 0.1481665353288             0 
 21589   21589           0.5 0.1515717159395             0 
  2039    2039           1.5 0.1556956314359             0 
 13142   13142           2.5 0.1486298737142             0 
 18661   18661           2.5 0.1470571862101             0 
   832     832           1.5 0.1496840301282             0 
  5419    5419           0.5 0.1442737796287             0 
 10663   10663           6.5 0.1443555631658             0 
 17681   17681           0.5 0.1526161711975             0 
  2026    2026           1.5 0.1463890692451             0 
 17669   17669           1.5 0.1470326943842             0 
 35422   35422          13.5 0.1488228071298             0 
 37750   37750           2.5 0.1465795592028             0 
 19560   19560          17.5 0.1419167545965             0 
 30828   30828           4.5 0.1403341418507             0 
 29417   29417          35.5             0 0.1474929226153 
 18423   18423           4.5 0.158580464468             0 
 28106   28106           5.5 0.1495895137517             0 
   682     682           1.5 0.14236250786             0 
 11592   11592           1.5 0.1439416878134             0 
 20647   20647           7.5 0.1392106910223             0 
 11330   11330           0.5 0.1478903229483             0 
 36582   36582          27.5 0.1593731199663             0 
 34829   34829          11.5             0 0.1603388912691 
   604     604           4.5 0.1502032446535             0 
 33714   33714           1.5 0.1424312893564             0 
 29214   29214           4.5             0 0.1437173277012 
 10747   10747           0.5 0.1463497869093             0 
 20327   20327           6.5 0.1468387034971             0 
 11645   11645           1.5 0.1409566365587             0 
  5538    5538           1.5 0.1421727329829             0 
 20915   20915           5.5 0.149944995755             0 
 23392   23392           2.5             0 0.158872470648 
   924     924           1.5 0.1433138869728             0 
 31026   31026           0.5 0.1484719917041             0 
  9478    9478           3.5 0.1513528359893             0 
 18794   18794           3.5 0.14140182056             0 
 21799   21799          12.5             0 0.1490174494986 
  1147    1147           2.5 0.1519632487309             0 
 27211   27211           3.5 0.1475712118868             0 
 10319   10319           1.5 0.1458202378289             0 
 33486   33486          20.5 0.1478866172748             0 
 13610   13610           0.5 0.1484902025422             0 
 18678   18678           4.5 0.1548041009095             0 
 14631   14631           2.5 0.1467346098466             0 
 17419   17419           3.5 0.1407147034711             0 
 22959   22959           3.5             0 0.1476836891652 
 10206   10206           2.5 0.1461596195401             0 
 20331   20331           2.5 0.14599092186             0 
 23200   23200           2.5 0.1451063010366             0 
 14726   14726           2.5 0.1393229536496             0 
  5556    5556           1.5 0.1416127748223             0 
 35278   35278          20.5             0 0.1431551771555 
 24720   24720           6.5 0.1488607378497             0 
  1318    1318           1.5 0.1437757499183             0 
   895     895           2.5 0.1411715362786             0 
 11424   11424           0.5 0.1407352784561             0 
 36155   36155          13.5 0.1428493753878             0 
 31331   31331          56.5             0 0.1597568706338 
 20315   20315           7.5 0.1597592805325             0 
 21214   21214           6.5             0 0.1456794696423 
 15565   15565           2.5 0.1508314836331             0 
 20828   20828           1.5 0.1388460015287             0 
 18861   18861           3.5 0.1422099470924             0 
 27836   27836           2.5 0.1397306835176             0 
 19169   19169           4.5 0.1390088766706             0 
 21990   21990          10.5             0 0.1456764523892 
 11814   11814           4.5 0.15614200215             0 
 19018   19018           0.5 0.144759988967             0 
 10137   10137           3.5 0.1481738930954             0 
 14048   14048           0.5 0.1436540668669             0 
   137     137           4.5 0.1498883454182             0 
 13940   13940           3.5             0 0.1426226588778 
 11832   11832           4.5 0.1627507081057             0 
 37403   37403           3.5 0.1414051056674             0 
 23167   23167           9.5 0.1420170572286             0 
 30138   30138           2.5 0.1405717683469             0 
 20297   20297           5.5 0.1423123985551             0 
 29946   29946           9.5             0 0.1398232980089 
 12117   12117           1.5 0.1410938318078             0 
 32105   32105          19.5 0.5810694849966             0 
 20903   20903           6.5 0.5105316241547             0 
 32352   32352          12.5 0.4755101358396             0 
 29411   29411          16.5 0.4240426421653             0 
 34004   34004           5.5 0.4005660532612             0 
 19932   19932           4.5 0.3737135829681             0 
 30759   30759          11.5 0.3618432106668             0 
 36074   36074          16.5 0.3399373805545             0 
 36198   36198          11.5 0.3269163793794             0 
 28967   28967          10.5 0.3155464433724             0 
 34665   34665          18.5 0.2979287905684             0 
 35326   35326          10.5 0.288805852253             0 
 12211   12211           4.5 0.2833573738498             0 
 20018   20018           3.5 0.2730499644862             0 
 31282   31282           5.5 0.2701619338852             0 
 26921   26921          15.5 0.2621589853407             0 
 21206   21206           2.5 0.2531629738689             0 
 36136   36136          54.5 0.2500484460661             0 
 13583   13583           2.5 0.2431828502858             0 
 19432   19432          15.5 0.2325573292455             0 
 21485   21485           4.5 0.2301126258555             0 
 10858   10858           2.5 0.2335660962993             0 
 29690   29690           4.5 0.2252177795782             0 
 19853   19853           2.5 0.2248829260503             0 
 13657   13657           2.5 0.223831926581             0 
 19752   19752          20.5 0.2159036436461             0 
 27866   27866           2.5 0.2167592864503             0 
 32510   32510           2.5 0.2157654565449             0 
 10172   10172           2.5 0.2121928612366             0 
 27849   27849           3.5 0.2062712844166             0 
 28867   28867           5.5 0.2076766065411             0 
 36209   36209           5.5 0.2061376642442             0 
 26310   26310           1.5 0.2043913343584             0 
 10334   10334           3.5 0.2117094249641             0 
 34217   34217          14.5 0.1987969057591             0 
 10152   10152          11.5 0.1957799675097             0 
 10420   10420           3.5 0.194211010993             0 
 24024   24024           2.5 0.1927714367144             0 
 22953   22953          22.5             0 0.2007460016185 
 27663   27663          13.5 0.2295778326938             0 
 19878   19878           1.5 0.2087001256476             0 
 26093   26093           6.5 0.2027053369274             0 
 31267   31267          40.5             0 0.1986849493678 
 18597   18597           4.5 0.2024563896438             0 
 36907   36907          11.5 0.1904788470088             0 
 10777   10777           2.5 0.1900825145467             0 
 27391   27391           0.5 0.2017706417601             0 
 10342   10342           3.5 0.1961742026521             0 
  7654    7654           4.5 0.1884500367669             0 
 27258   27258           3.5 0.1874279589581             0 
 18649   18649           1.5 0.1833364023773             0 
 11208   11208           3.5 0.1878019961792             0 
 32041   32041          34.5             0 0.1953793569115 
 37357   37357          10.5 0.1889896249524             0 
 33248   33248          12.5             0 0.1874419061715 
 11101   11101           4.5 0.1880784542862             0 
 10557   10557           1.5 0.1885152728918             0 
 11055   11055           1.5 0.1790463803907             0 
 11497   11497           4.5 0.1806361577922             0 
 11066   11066           0.5 0.1800730424304             0 
 34409   34409          23.5 0.1798362907465             0 
 36045   36045           2.5 0.1808655641879             0 
   132     132           4.5 0.1841750988783             0 
 17571   17571           2.5 0.1785241188668             0 
 10687   10687           1.5 0.1741013503456             0 
  8580    8580           7.5 0.1763194081944             0 
 10161   10161           0.5 0.1772278428783             0 
 32020   32020          15.5 0.1878481584398             0 
 21031   21031          21.5             0 0.1810178766764 
 10679   10679           7.5 0.1951344775932             0 
 12198   12198           6.5 0.1786971808193             0 
 11140   11140           1.5 0.1782416131936             0 
 32032   32032          10.5 0.1719000916621             0 
 22979   22979           0.5 0.1738215736994             0 
 11124   11124           2.5 0.1771017456714             0 
 34429   34429           2.5 0.1716942885009             0 
  1307    1307           1.5 0.1676126423139             0 
 11282   11282           2.5 0.1685240927926             0 
 37046   37046           2.5 0.1673345318048             0 
  1625    1625           2.5 0.1650656524191             0 
 26943   26943           2.5 0.1621175429489             0 
  3052    3052           5.5 0.168200391011             0 
 36162   36162           9.5 0.1680924773869             0 
 20663   20663           1.5 0.1686351555871             0 
 19862   19862           2.5 0.1642392772614             0 
 10729   10729           5.5 0.1632728734367             0 
 27369   27369          38.5             0 0.1746561651016 
 16280   16280           5.5 0.1818451578972             0 
 36107   36107           2.5 0.1624025337995             0 
 13156   13156           1.5 0.1608882524953             0 
 27379   27379           4.5 0.1662664537894             0 
 19017   19017           2.5 0.1582669533035             0 
 34414   34414           2.5 0.1584102547164             0 
 30371   30371          15.5             0 0.1689329103323 
 26778   26778           1.5 0.1615040436186             0 
 27045   27045           3.5 0.1637884272793             0 
  1345    1345           4.5 0.1623484321428             0 
 13098   13098           6.5             0 0.1799812528901 
   727     727           3.5 0.1847126204469             0 
 11726   11726           0.5 0.1657865446675             0 
 12872   12872           3.5 0.162664285886             0 
 15497   15497           0.5 0.161981512432             0 
 18662   18662           2.5 0.1587538858371             0 
 34379   34379           1.5 0.1584893996641             0 
 18468   18468           1.5 0.1572739792735             0 
 32520   32520           1.5 0.157135423328             0 
  3401    3401           3.5 0.1550815289459             0 
 10526   10526           2.5 0.1549974066171             0 
 17012   17012          11.5             0 0.1687105238375 
 21276   21276          12.5 0.1844310198204             0 
 26388   26388           0.5 0.1530153638083             0 
 17128   17128          12.5 0.1598862732274             0 
 18867   18867           4.5 0.1527472207663             0 
 27200   27200           2.5 0.1517016922588             0 
 33429   33429           4.5 0.1494507728743             0 
 11219   11219           0.5 0.1580851792655             0 
   482     482           7.5 0.1557954222011             0 
 19386   19386           0.5 0.1662939757011             0 
 18879   18879           2.5 0.1552519267174             0 
 31600   31600           2.5 0.1549823316071             0 
 10213   10213           2.5 0.148111390211             0 
 28079   28079           2.5             0 0.156937930733 
  6950    6950           7.5 0.1541495644632             0 
 34737   34737           8.5             0 0.1584065409365 
  2374    2374           8.5 0.16945961379             0 
 22172   22172           9.5             0 0.152411975372 
 25088   25088           2.5 0.1487005344099             0 
   776     776           1.5 0.1488588418932             0 
 36170   36170           7.5 0.1481192641189             0 
 11151   11151           3.5 0.1531343502666             0 
 19385   19385           3.5 0.1501597957208             0 
 21287   21287           8.5 0.1452882593665             0 
 31362   31362          15.5             0 0.1617158437324 
 19923   19923           0.5 0.1533311367346             0 
 30826   30826           7.5 0.1482114771445             0 
 26967   26967           0.5             0 0.146124163405 
 26982   26982           9.5 0.1499356925041             0 
 26839   26839           2.5 0.1473846460144             0 
 12024   12024           2.5 0.1457911793431             0 
 22886   22886          13.5             0 0.1470255478688 
 11145   11145           3.5 0.1653810985342             0 
 29290   29290           7.5 0.1495343049832             0 
 14689   14689           2.5 0.1455527905716             0 
 19431   19431           8.5 0.1476923866167             0 
 11182   11182           1.5 0.1480450761793             0 
 20774   20774           6.5 0.1430280078023             0 
 30864   30864           3.5 0.1417917831872             0 
 34426   34426          32.5             0 0.1487638585885 
 10543   10543           5.5 0.1626940094973             0 
 22831   22831           3.5             0 0.146222893937 
 19395   19395           1.5 0.1478525518363             0 
 36906   36906          18.5             0 0.146396106021 
  9723    9723           1.5 0.1422005053008             0 
 18680   18680           2.5 0.1489922840393             0 
 10279   10279           3.5 0.1480373576659             0 
 24165   24165           9.5             0 0.1404218480838 
 10910   10910           3.5 0.1582466904335             0 
 27588   27588           2.5             0 0.1451057347765 
 11232   11232           2.5 0.1531516323778             0 
 30997   30997           0.5 0.1464490516162             0 
  9065    9065           6.5 0.1555915588717             0 
 15425   15425           0.5 0.1460169348113             0 
 32486   32486          22.5 0.1502851588336             0 
 18493   18493           1.5 0.1434713610434             0 
  5855    5855           4.5 0.1442937025011             0 
 26150   26150           4.5 0.1398119592075             0 
 22939   22939           3.5             0 0.1385079429701 
  1592    1592           4.5 0.1586176877472             0 
 26162   26162           0.5             0 0.1429304835153 
 14889   14889           5.5 0.1470084782845             0 
 13290   13290           4.5 0.1413298206291             0 
 26442   26442           1.5 0.1403884832116             0 
 16567   16567           0.5 0.1412382654817             0 
 35689   35689          50.5             0 0.147542741511 
 14276   14276           5.5 0.1540178696734             0 
 11259   11259           1.5 0.1462940698009             0 
 27384   27384           5.5 0.1402064384104             0 
 27892   27892          32.5             0 0.1368673185799 
   922     922           2.5 0.1528002082105             0 
 23703   23703           0.5 0.1375734025639             0 
 31668   31668           7.5 0.1350901201464             0 
 17515   17515           3.5 0.1403589180686             0 
 18425   18425           2.5 0.1375449284466             0 
  7481    7481           2.5 0.1402876412576             0 
 20298   20298           2.5 0.1377608700462             0 
 35172   35172          20.5             0 0.1371601667867 
 15743   15743           2.5 0.1403991746676             0 
 19783   19783           1.5 0.1373728896832             0 
 10919   10919           4.5 0.1421802531465             0 
 18847   18847           1.5 0.1501121233415             0 
 14722   14722           3.5 0.1454972688844             0 
 11897   11897           2.5 0.1427959560861             0 
 10365   10365           0.5 0.1355117937632             0 
 31951   31951           4.5 0.1433402630603             0 
    26      26           2.5 0.1369718944009             0 
  5270    5270           3.5             0 0.1376910838255 
 12957   12957           6.5 0.1576492050544             0 
 22303   22303           2.5             0 0.145303866125 
 19498   19498          13.5 0.1456309926792             0 
 11042   11042           0.5 0.1413204283036             0 
 10091   10091           2.5 0.1344844970475             0 
 31373   31373           0.5 0.1364191537954             0 
 18392   18392           8.5 0.1362079938953             0 
 34591   34591           5.5             0 0.1469244625698 
 31642   31642           1.5 0.1364061094396             0 
 27852   27852           6.5 0.1357021451572             0 
 37304   37304           1.5 0.1427793028769             0 
  1935    1935           4.5 0.1382544135677             0 
 16434   16434           3.5             0 0.1467971480608 
 26661   26661           2.5 0.1425105161528             0 
 10173   10173           2.5 0.1362968245716             0 
 36193   36193           2.5 0.1382747164693             0 
 10267   10267           3.5 0.1436813733275             0 
 18749   18749           0.5 0.1542188388385             0 
 18799   18799           4.5 0.1528190894195             0 
 24207   24207           6.5             0 0.140106951934 
 14884   14884           0.5 0.1399010892034             0 
 12188   12188           4.5 0.1373914371883             0 
  5381    5381           0.5 0.1363843215995             0 
 19019   19019           1.5 0.1354993011398             0 
 29575   29575           0.5 0.1349719988898             0 
 11049   11049           6.5 0.1369383111403             0 
 33219   33219           0.5 0.1357909479947             0 
  1304    1304           1.5 0.1474540215108             0 
 31250   31250           4.5             0 0.1328601169651 
 30946   30946           5.5 0.1443194581904             0 
 20208   20208           1.5 0.143910971914             0 
 10780   10780           5.5 0.1401068204791             0 
  2951    2951           1.5             0 0.1420123302629 
 10552   10552           5.5 0.1442421678005             0 
 16337   16337           1.5 0.1369697117508             0 
 26311   26311           0.5 0.1367995584597             0 
 21945   21945           2.5 0.1344617885464             0 
 12264   12264           9.5 0.1337663651551             0 
 26690   26690           1.5 0.1316286058466             0 
 37582   37582           0.5 0.1306995424324             0 
  1101    1101           1.5 0.1317055028552             0 
 11518   11518           1.5 0.1301685675782             0 
  2462    2462           2.5 0.1361059190921             0 
 11511   11511           6.5 0.1341161281299             0 
 31876   31876           0.5 0.1441978242713             0 
 34933   34933          24.5             0 0.1376810763971 
   287     287           2.5 0.1376252704248             0 
 13502   13502           0.5 0.1581024166624             0 
   219     219           1.5 0.133599489939             0 
 37255   37255          11.5             0 0.1326944008375 
 18329   18329           4.5 0.1342967177091             0 
 26413   26413           8.5 0.1331370064654             0 
 18228   18228           9.5             0 0.1497437942791 
 27624   27624          57.5 0.159895586538             0 
 28478   28478           0.5             0 0.1448395526786 
   510     510           7.5 0.1566256826656             0 
 36409   36409           1.5 0.1577302201223             0 
 10904   10904           7.5 0.1425929899946             0 
 32927   32927           3.5 0.1394085776468             0 
   187     187           2.5 0.1308394258769             0 
 11514   11514           0.5 0.1404161467033             0 
 21736   21736          32.5             0 0.1336356135242 
 33550   33550           9.5 0.1437248984775             0 
 25814   25814           1.5 0.1316860456263             0 
 23713   23713           1.5 0.1304654718334             0 
 14693   14693           1.5 0.1326907348658             0 
 22311   22311          14.5             0 0.1325768708967 
 19791   19791          10.5 0.1501432211956             0 
  4804    4804           1.5             0 0.1379682687192 
 10268   10268           6.5 0.1420613922224             0 
 31694   31694           0.5 0.1349983819673             0 
 19016   19016           4.5 0.1344368732517             0 
 28521   28521          21.5             0 0.1299188290947 
  7041    7041           1.5 0.1294225477139             0 
   900     900           1.5 0.1280409981881             0 
  8357    8357           4.5 0.1253480010795             0 
 24366   24366           0.5             0 0.1376549676664 
 26293   26293           2.5 0.1369304224027             0 
 18711   18711           0.5 0.1335684505481             0 
 10097   10097           2.5 0.1276600936896             0 
 20586   20586          15.5             0 0.1293648955996 
 29648   29648           5.5 0.1409883876877             0 
 36228   36228           3.5 0.1354421557173             0 
 31670   31670           1.5 0.1273296860302             0 
 11821   11821           3.5 0.126983494539             0 
 11804   11804           0.5 0.1327678444741             0 
 31717   31717           9.5 0.1385907012145             0 
 32167   32167          31.5             0 0.1364467153963 
 14643   14643           1.5 0.1363700470519             0 
    97      97           3.5 0.1308163725177             0 
 28648   28648          32.5             0 0.1280754660761 
 19946   19946           4.5 0.1310062105392             0 
 13656   13656           2.5 0.1269472220042             0 
  3343    3343           1.5 0.1289381083209             0 
 20071   20071           7.5 0.1249070011332             0 
 13607   13607           8.5             0 0.133044125931 
 23377   23377           0.5 0.131227795132             0 
 11759   11759           1.5 0.1328588175008             0 
 26928   26928           5.5 0.1316398534103             0 
 18438   18438           1.5 0.1307138507028             0 
  1927    1927           0.5 0.1310702841323             0 
 19075   19075           2.5 0.1253014103649             0 
 30311   30311          31.5             0 0.129418850441 
 32315   32315           5.5 0.1358170883001             0 
 28502   28502           2.5 0.1359584641727             0 
  2997    2997           3.5 0.1321801383339             0 
 37690   37690           2.5 0.130081737638             0 
 19378   19378           4.5 0.138816384498             0 
  3466    3466           1.5 0.1275290525712             0 
 30174   30174           3.5             0 0.1244342279449 
 30167   30167           2.5 0.1289328553698             0 
  1544    1544          10.5 0.1351636885737             0 
 11791   11791           0.5 0.1526414329712             0 
 11099   11099           2.5 0.1345107770572             0 
 10283   10283           1.5 0.1338931674097             0 
 12548   12548           0.5 0.1331181581625             0 
 14609   14609           1.5             0 0.136461975934 
  2064    2064           3.5 0.1316685203561             0 
 19416   19416           1.5 0.1318352789967             0 
 26479   26479           1.5 0.1285296286243             0 
 37279   37279           1.5 0.1269357669244             0 
 13797   13797           0.5 0.1261958933223             0 
  1029    1029           2.5 0.1270350127352             0 
 17769   17769          11.5             0 0.1336781209176 
   310     310           3.5 0.145538577743             0 
 13885   13885           1.5 0.129931199936             0 
 26204   26204           0.5 0.126058860808             0 
  2752    2752           3.5 0.1466947436894             0 
 13868   13868           5.5             0 0.1281443884806 
 31605   31605           4.5 0.1399838491703             0 
 24257   24257           2.5 0.129179206406             0 
  5298    5298           4.5             0 0.1300249240402 
 11238   11238           2.5 0.1462367862901             0 
 15654   15654           3.5 0.127519559489             0 
 27016   27016           2.5 0.1308277064062             0 
 11892   11892           2.5 0.1287144969007             0 
 12868   12868           3.5  0.1272511598             0 
