0,
3,
6,
9,
22,
37,
40,
58,
68,
71,
76,
83,
89,
96,
99,
105,
107,
117,
118,
119,
121,
129,
135,
140,
148,
154,
155,
156,
160,
161,
162,
166,
175,
176,
177,
178,
180,
188,
189,
193,
194,
195,
200,
201,
202,
207,
214,
219,
220,
224,
225,
234,
235,
236,
239,
248,
253,
254,
258,
260,
261,
266,
272,
273,
278,
279,
283,
284,
293,
294,
295,
306,
307,
312,
313,
318,
319,
325,
332,
337,
338,
343,
352,
353,
354,
357,
366,
371,
378,
384,
390,
391,
396,
397,
402,
411,
412,
413,
416,
425,
430,
436,
437,
443,
450,
455,
456,
460,
461,
471,
472,
489,
494,
495,
496,
501,
509,
514,
515,
519,
520,
529,
530,
531,
540,
548,
549,
555,
561,
568,
573,
574,
578,
579,
589,
590,
600,
607,
612,
614,
627,
630,
632,
633,
638,
648,
649,
650,
652,
666,
671,
673,
679,
682,
686,
689,
692,
697,
707,
708,
709,
720,
725,
730,
732,
738,
741,
745,
746,
748,
751,
756,
766,
767,
768,
770,
779,
784,
789,
790,
791,
797,
804,
809,
810,
814,
815,
824,
825,
826,
837,
838,
843,
850,
856,
863,
868,
869,
873,
874,
884,
885,
888,
896,
897,
902,
907,
909,
915,
922,
927,
928,
932,
933,
941,
942,
943,
944,
947,
955,
956,
960,
961,
964,
966,
967,
968,
971,
981,
991,
992,
1001,
1002,
1003,
1006,
1012,
1015,
1020,
1025,
1027,
1033,
1040,
1050,
1051,
1060,
1061,
1062,
1065,
1071,
1074,
1076,
1079,
1086,
1092,
1099,
1109,
1110,
1120,
1121,
1132,
1133,
1138,
1139,
1146,
1178,
1179,
1212,
1213,
1218,
1219,
1238,
1248,
1270,
1271,
1276,
1277,
1278,
1279,
1281,
1282,
1283,
1296,
1297,
1298,
1321,
1322,
1335,
1336,
1337,
1338,
1340,
1341,
1342,
1344,
1354,
1355,
1356,
1357,
1366,
1367,
1370,
1371,
1374,
1375,
1376,
1377,
1380,
1381,
1382,
1383,
1384,
1394,
1395,
1397,
1399,
1400,
1401,
1403,
1404,
1405,
1406,
1408,
1414,
1415,
1416,
1419,
1425,
1429,
1432,
1433,
1434,
1435,
1439,
1440,
1441,
1442,
1443,
1451,
1453,
1454,
1456,
1458,
1459,
1460,
1461,
1463,
1464,
1468,
1472,
1473,
1474,
1475,
1484,
1487,
1488,
1489,
1492,
1493,
1494,
1495,
1498,
1499,
1500,
1501,
1502,
1512,
1517,
1518,
1519,
1522,
1526,
1532,
1533,
1534,
1539,
1543,
1547,
1548,
1552,
1553,
1554,
1558,
1559,
1560,
1561,
1568,
1571,
1576,
1577,
1578,
1585,
1588,
1591,
1592,
1593,
1599,
1602,
1606,
1607,
1611,
1612,
1613,
1615,
1616,
1617,
1618,
1619,
1620,
1630,
1635,
1636,
1637,
1640,
1644,
1649,
1650,
1651,
1661,
1666,
1670,
1671,
1676,
1678,
1679,
1695,
1699,
1700,
1708,
1709,
1710,
1720,
1724,
1725,
1736,
1754,
1768,
1769,
1779,
1780,
1783,
1784,
1790,
1803,
1807,
1810,
1827,
1828,
1838,
1843,
1861,
1862,
1863,
1867,
1868,
1869,
1872,
1875,
1885,
1886,
1887,
1897,
1898,
1903,
1925,
1926,
1927,
1928,
1930,
1931,
1945,
1946,
1947,
1953,
1956,
1957,
1960,
1979,
1980,
1983,
1984,
1985,
1986,
1987,
1989,
1990,
2004,
2005,
2006,
2015,
2019,
2020,
2023,
2024,
2025,
2030,
2031,
2032,
2046,
2048,
2049,
2053,
2057,
2060,
2063,
2064,
2065,
2074,
2076,
2078,
2079,
2082,
2083,
2085,
2089,
2090,
2091,
2092,
2102,
2107,
2108,
2112,
2113,
2116,
2119,
2121,
2122,
2123,
2133,
2137,
2141,
2142,
2143,
2144,
2147,
2148,
2149,
2150,
2151,
2166,
2171,
2180,
2181,
2182,
2183,
2202,
2203,
2208,
2209,
2210,
2239,
2240,
2241,
2251,
2255,
2256,
2266,
2299,
2300,
2315,
2320,
2325,
2358,
2359,
2391,
2397,
2398,
2399,
2418,
2419,
2425,
2450,
2451,
2456,
2457,
2461,
2462,
2476,
2477,
2478,
2481,
2483,
2484,
2486,
2487,
2488,
2491,
2492,
2496,
2497,
2508,
2509,
2515,
2516,
2520,
2521,
2535,
2536,
2537,
2540,
2550,
2551,
2555,
2556,
2557,
2560,
2567,
2574,
2579,
2580,
2581,
2584,
2594,
2595,
2596,
2601,
2605,
2608,
2609,
2610,
2614,
2615,
2619,
2620,
2621,
2623,
2627,
2629,
2633,
2634,
2638,
2639,
2652,
2653,
2654,
2655,
2661,
2668,
2669,
2673,
2674,
2675,
2679,
2680,
2681,
2692,
2697,
2698,
2703,
2712,
2713,
2714,
2723,
2727,
2728,
2729,
2732,
2733,
2751,
2756,
2757,
2767,
2771,
2772,
2773,
2779,
2782,
2783,
2785,
2786,
2787,
2791,
2792,
2793,
2796,
2807,
2810,
2815,
2830,
2831,
2832,
2841,
2845,
2846,
2847,
2850,
2851,
2855,
2857,
2869,
2875,
2883,
2889,
2890,
2900,
2901,
2904,
2905,
2915,
2933,
2948,
2949,
2981,
3007,
3008,
3018,
3023,
3041,
3066,
3067,
3068,
3074,
3078,
3081,
3082,
3099,
3100,
3125,
3126,
3127,
3132,
3133,
3136,
3140,
3141,
3159,
3169,
3170,
3174,
3184,
3185,
3186,
3192,
3195,
3196,
3198,
3199,
3200,
3204,
3205,
3206,
3210,
3211,
3233,
3243,
3244,
3245,
3250,
3254,
3257,
3258,
3262,
3263,
3264,
3265,
3269,
3270,
3287,
3302,
3303,
3304,
3312,
3316,
3317,
3322,
3323,
3328,
3329,
3361,
3362,
3376,
3377,
3387,
3388,
3421,
3499,
3500,
3506,
3538,
3546,
3570,
3571,
3578,
3598,
3599,
3604,
3605,
3608,
3613,
3630,
3631,
3636,
3637,
3656,
3657,
3658,
3664,
3667,
3668,
3671,
3672,
3695,
3696,
3701,
3716,
3731,
3754,
3755,
3756,
3757,
3760,
3761,
3774,
3775,
3789,
3818,
3819,
3827,
3830,
3833,
3834,
3854,
3855,
3858,
3859,
3877,
3878,
3882,
3886,
3889,
3892,
3893,
3894,
3918,
3919,
3951,
3952,
3953,
3956,
3959,
3962,
3963,
3966,
3967,
3972,
4010,
4011,
4012,
4022,
4025,
4026,
4030,
4069,
4070,
4085,
4128,
4129,
4140,
4144,
4172,
4199,
4220,
4233,
4254,
4257,
4258,
4263,
4291,
4306,
4316,
4344,
4350,
4364,
4365,
4402,
4408,
4409,
4413,
4423,
4424,
4445,
4449,
4467,
4472,
4483,
4497,
4498,
4508,
4541,
4542,
4556,
4679,
4680,
4685,
4686,
4726,
4751,
4757,
4758,
4778,
4788,
4789,
4816,
4822,
4836,
4837,
4852,
4868,
4871,
4875,
4878,
4896,
4928,
4934,
4935,
4955,
4974,
4980,
5014,
5015,
5033,
5034,
5039,
5073,
5092,
5098,
5099,
5101,
5130,
5201,
5206,
5249,
5264,
5310,
5316,
5319,
5400,
5459,
5461,
5462,
5465,
5468,
5486,
5518,
5524,
5525,
5545,
5564,
5583,
5604,
5663,
5691,
5721,
5722,
5782,
5854,
5865,
5866,
5905,
5906,
5930,
5937,
5958,
5959,
5996,
5997,
6017,
6032,
6049,
6062,
6075,
6076,
6077,
6080,
6083,
6086,
6087,
6091,
6108,
6145,
6150,
6156,
6169,
6194,
6195,
6203,
6207,
6208,
6227,
6253,
6273,
6278,
6280,
6301,
6337,
6338,
6371,
6395,
6398,
6419,
6429,
6430,
6489,
6490,
6496,
6499,
6510,
6558,
6559,
6563,
6564,
6584,
6607,
6614,
6618,
6623,
6642,
6673,
6675,
6676,
6726,
6731,
6735,
6736,
6739,
6747,
6793,
6794,
6798,
6799,
6843,
6862,
6863,
6868,
6870,
6892,
6896,
6902,
6921,
6927,
6928,
6929,
6961,
7019,
7034,
7039,
7047,
7079,
7086,
7117,
7119,
7144,
7145,
7148,
7152,
7153,
7170,
7196,
7197,
7201,
7203,
7204,
7207,
7208,
7211,
7212,
7213,
7217,
7218,
7219,
7230,
7256,
7263,
7266,
7267,
7271,
7272,
7314,
7319,
7322,
7330,
7331,
7356,
7374,
7384,
7447,
7449,
7492,
7493,
7506,
7511,
7512,
7551,
7565,
7610,
7624,
7630,
7635,
7636,
7669,
7683,
7689,
7754,
7853,
7879,
7904,
7920,
7938,
7964,
7965,
7979,
8082,
8096,
8141,
8214,
8219,
8220,
8225,
8263,
8265,
8266,
8292,
8297,
8318,
8319,
8328,
8329,
8377,
8391,
8397,
8443,
8447,
8450,
8502,
8506,
8510,
8528,
8554,
8561,
8564,
8569,
8570,
8588,
8596,
8613,
8623,
8627,
8628,
8629,
8672,
8756,
8816,
8966,
9095,
9096,
9118,
9151,
9203,
9218,
9262,
9322,
9394,
9399,
9400,
9449,
9450,
9478,
9479,
9497,
9508,
9513,
9616,
9745,
9766,
9767,
9800,
9826,
9832,
9834,
9852,
9937,
9996,
10029,
10081,
10575,
10651,
10652,
10795,
10854,
10921,
10973,
10984,
11032,
11065,
11091,
11101,
11105,
11117,
11169,
11170,
11175,
11176,
11202,
11209,
11228,
11370,
11385,
11412,
11445,
11452,
11503,
11740,
11754,
11832,
11838,
11857,
11916,
11975,
12093,
12094,
12126,
12127,
12133,
12153,
12164,
12222,
12245,
12271,
12281,
12285,
12304,
12330,
12389,
12448,
12507,
12555,
12566,
12592,
12625,
12683,
12939,
12947,
13248,
13278,
13306,
13307,
13312,
13313,
13333,
13354,
13371,
13377,
13392,
13425,
13431,
13432,
13435,
13451,
13457,
13458,
13461,
13484,
13509,
13510,
13568,
13569,
13628,
13638,
13654,
13687,
13739,
13746,
13805,
13864,
14026,
14126,
14191,
14198,
14276,
14427,
14433,
14434,
14454,
14461,
14486,
14487,
14492,
14493,
14497,
14498,
14513,
14514,
14551,
14552,
14556,
14557,
14572,
14610,
14611,
14612,
14615,
14616,
14630,
14631,
14638,
14642,
14656,
14664,
14674,
14683,
14690,
14704,
14735,
14748,
14759,
14822,
14823,
14881,
14886,
14926,
14945,
14974,
14999,
15372,
15607,
15614,
15633,
15634,
15641,
15666,
15672,
15673,
15677,
15692,
15693,
15694,
15727,
15731,
15732,
15736,
15737,
15738,
15741,
15752,
15753,
15759,
15784,
15790,
15791,
15795,
15796,
15797,
15800,
15801,
15810,
15811,
15821,
15854,
15860,
15870,
15884,
15949,
15956,
15988,
16008,
16015,
16068,
16120,
16131,
16190,
16208,
16223,
16224,
16225,
16262,
16282,
16479,
16486,
16637,
16762,
16787,
16788,
16813,
16814,
16821,
16824,
16846,
16847,
16853,
16872,
16873,
16880,
16884,
16888,
16905,
16906,
16911,
16912,
16931,
16932,
16957,
16970,
16971,
16975,
16976,
16980,
16991,
17034,
17035,
17050,
17094,
17109,
17129,
17134,
17152,
17158,
17168,
17194,
17195,
17226,
17227,
17234,
17265,
17285,
17286,
17296,
17301,
17311,
17329,
17344,
17345,
17359,
17364,
17370,
17371,
17388,
17403,
17404,
17423,
17429,
17463,
17739,
17758,
17818,
17935,
17942,
17967,
17994,
18001,
18005,
18026,
18027,
18053,
18085,
18086,
18091,
18092,
18112,
18144,
18171,
18182,
18205,
18230,
18237,
18288,
18309,
18348,
18363,
18367,
18373,
18374,
18407,
18417,
18422,
18423,
18428,
18433,
18444,
18465,
18466,
18467,
18476,
18480,
18491,
18492,
18504,
18509,
18514,
18525,
18535,
18538,
18539,
18544,
18550,
18551,
18584,
18603,
18610,
18622,
18642,
18643,
18683,
18964,
19057,
19114,
19122,
19181,
19206,
19207,
19233,
19244,
19266,
19291,
19299,
19307,
19323,
19325,
19326,
19330,
19351,
19358,
19410,
19420,
19444,
19469,
19470,
19479,
19489,
19528,
19543,
19547,
19548,
19554,
19586,
19587,
19588,
19594,
19613,
19645,
19646,
19656,
19684,
19689,
19705,
19715,
19724,
19730,
19764,
19823,
19920,
19921,
19979,
20000,
20098,
20299,
20364,
20413,
20424,
20472,
20476,
20482,
20531,
20541,
20590,
20604,
20624,
20649,
20663,
20669,
20675,
20708,
20734,
20767,
20782,
20811,
20825,
20826,
20885,
20899,
21062,
21121,
21159,
21180,
21278,
21285,
21416,
21752,
21829,
21870,
21872,
21888,
21931,
21932,
21946,
22050,
22065,
22274,
22288,
22360,
22386,
22450,
22537,
22544,
22568,
22614,
22669,
22721,
22727,
22728,
22839,
22951,
22954,
22966,
23022,
23081,
23128,
23134,
23139,
23187,
23190,
23200,
23204,
23246,
23249,
23261,
23276,
23289,
23304,
23305,
23318,
23335,
23364,
23381,
23422,
23481,
23541,
23549,
23554,
23559,
23566,
23583,
23600,
23623,
23624,
23625,
23636,
23637,
23642,
23647,
23648,
23658,
23676,
23677,
23683,
23684,
23696,
23701,
23702,
23706,
23707,
23710,
23711,
23717,
23718,
23735,
23736,
23742,
23754,
23755,
23760,
23761,
23765,
23766,
23769,
23776,
23777,
23794,
23795,
23799,
23801,
23802,
23813,
23814,
23819,
23820,
23824,
23825,
23834,
23835,
23836,
23853,
23854,
23859,
23860,
23861,
23872,
23873,
23878,
23879,
23883,
23884,
23893,
23894,
23895,
23896,
23913,
23918,
23919,
23920,
23925,
23926,
23932,
23933,
23937,
23938,
23942,
23943,
23952,
23953,
23954,
23978,
23985,
23991,
23996,
23997,
24001,
24002,
24011,
24012,
24013,
24030,
24031,
24036,
24037,
24038,
24050,
24055,
24056,
24060,
24061,
24070,
24071,
24072,
24089,
24090,
24096,
24097,
24103,
24109,
24114,
24115,
24119,
24120,
24129,
24130,
24131,
24148,
24155,
24167,
24168,
24173,
24174,
24178,
24179,
24189,
24207,
24208,
24214,
24221,
24227,
24228,
24232,
24233,
24237,
24238,
24248,
24249,
24252,
24266,
24267,
24273,
24279,
24280,
24285,
24286,
24291,
24292,
24296,
24297,
24307,
24308,
24325,
24326,
24332,
24338,
24344,
24345,
24350,
24351,
24355,
24356,
24359,
24365,
24366,
24367,
24384,
24385,
24391,
24392,
24398,
24404,
24409,
24410,
24414,
24415,
24418,
24424,
24425,
24426,
24444,
24450,
24457,
24463,
24468,
24469,
24473,
24474,
24483,
24484,
24485,
24509,
24515,
24516,
24522,
24523,
24527,
24528,
24532,
24533,
24542,
24543,
24544,
24562,
24567,
24568,
24569,
24574,
24575,
24580,
24581,
24586,
24587,
24591,
24592,
24601,
24602,
24603,
24621,
24627,
24633,
24634,
24640,
24641,
24645,
24646,
24650,
24651,
24660,
24661,
24686,
24692,
24693,
24698,
24699,
24700,
24704,
24705,
24709,
24710,
24714,
24720,
24721,
24743,
24744,
24745,
24752,
24757,
24758,
24759,
24763,
24765,
24768,
24769,
24779,
24780,
24784,
24798,
24802,
24805,
24811,
24816,
24818,
24838,
24857,
24858,
24864,
24870,
24886,
24890,
24896,
24897,
24898,
24912,
24913,
24916,
24917,
24922,
24923,
24924,
24935,
24956,
24957,
24970,
24971,
24975,
24977,
24981,
24982,
24994,
25014,
25015,
25016,
25026,
25029,
25030,
25034,
25035,
25036,
25040,
25053,
25054,
25073,
25074,
25075,
25081,
25085,
25087,
25088,
25089,
25092,
25094,
25099,
25100,
25101,
25106,
25112,
25113,
25122,
25127,
25132,
25133,
25134,
25140,
25142,
25143,
25144,
25147,
25148,
25164,
25165,
25168,
25171,
25172,
25173,
25181,
25191,
25192,
25193,
25196,
25199,
25202,
25203,
25206,
25207,
25211,
25223,
25224,
25225,
25230,
25231,
25235,
25240,
25250,
25251,
25258,
25261,
25262,
25264,
25265,
25266,
25270,
25276,
25289,
25290,
25294,
25295,
25296,
25299,
25309,
25310,
25311,
25317,
25325,
25330,
25335,
25336,
25342,
25353,
25358,
25359,
25368,
25369,
25370,
25376,
25383,
25388,
25389,
25401,
25407,
25413,
25417,
25418,
25427,
25428,
25429,
25435,
25439,
25442,
25459,
25460,
25461,
25466,
25467,
25471,
25472,
25476,
25487,
25488,
25493,
25494,
25497,
25498,
25500,
25501,
25502,
25505,
25506,
25512,
25513,
25519,
25524,
25525,
25526,
25530,
25535,
25545,
25546,
25547,
25553,
25560,
25565,
25566,
25571,
25572,
25573,
25594,
25598,
25600,
25604,
25605,
25606,
25612,
25615,
25616,
25617,
25619,
25620,
25623,
25624,
25625,
25630,
25631,
25638,
25643,
25663,
25664,
25665,
25671,
25674,
25675,
25678,
25680,
25683,
25684,
25696,
25697,
25702,
25722,
25723,
25724,
25730,
25733,
25734,
25735,
25737,
25742,
25755,
25756,
25757,
25781,
25782,
25783,
25789,
25792,
25793,
25797,
25814,
25815,
25820,
25821,
25826,
25840,
25841,
25842,
25873,
25874,
25875,
25879,
25880,
25885,
25886,
25895,
25900,
25901,
25909,
25914,
25919,
25923,
25924,
25925,
25926,
25932,
25939,
25959,
25960,
25964,
25965,
25968,
25979,
25982,
25985,
25997,
25999,
26018,
26037,
26038,
26039,
26043,
26044,
26067,
26070,
26072,
26076,
26077,
26091,
26096,
26097,
26101,
26102,
26103,
26115,
26135,
26136,
26150,
26157,
26161,
26162,
26194,
26195,
26196,
26201,
26205,
26209,
26210,
26215,
26220,
26222,
26233,
26253,
26254,
26255,
26268,
26269,
26273,
26274,
26279,
26286,
26312,
26313,
26314,
26320,
26323,
26324,
26328,
26346,
26352,
26371,
26372,
26373,
26379,
26383,
26386,
26387,
26391,
26392,
26405,
26411,
26412,
26430,
26431,
26432,
26437,
26441,
26442,
26445,
26446,
26447,
26450,
26451,
26468,
26469,
26474,
26475,
26489,
26490,
26497,
26500,
26504,
26505,
26509,
26510,
26515,
26548,
26549,
26555,
26556,
26559,
26560,
26563,
26564,
26569,
26581,
26587,
26592,
26597,
26607,
26608,
26609,
26615,
26618,
26619,
26622,
26623,
26633,
26640,
26641,
26646,
26647,
26653,
26666,
26667,
26668,
26672,
26674,
26678,
26679,
26681,
26682,
26686,
26687,
26693,
26699,
26725,
26726,
26727,
26740,
26745,
26746,
26747,
26751,
26752,
26753,
26775,
26779,
26783,
26784,
26785,
26786,
26799,
26804,
26805,
26812,
26817,
26843,
26844,
26845,
26851,
26854,
26855,
26859,
26869,
26877,
26902,
26904,
26910,
26913,
26914,
26917,
26935,
26936,
26943,
26947,
26961,
26962,
26969,
26973,
26994,
26995,
27000,
27001,
27020,
27021,
27023,
27053,
27054,
27055,
27056,
27060,
27061,
27066,
27079,
27080,
27081,
27085,
27086,
27089,
27094,
27099,
27100,
27103,
27107,
27112,
27113,
27139,
27144,
27148,
27162,
27177,
27198,
27212,
27213,
27218,
27220,
27250,
27256,
27257,
27258,
27271,
27277,
27278,
27282,
27283,
27309,
27315,
27316,
27317,
27330,
27335,
27342,
27374,
27375,
27382,
27389,
27390,
27433,
27445,
27448,
27449,
27492,
27503,
27508,
27552,
27566,
27567,
27578,
27590,
27610,
27611,
27612,
27626,
27634,
27669,
27670,
27680,
27684,
27685,
27691,
27718,
27728,
27729,
27730,
27736,
27740,
27745,
27777,
27787,
27788,
27795,
27798,
27803,
27846,
27847,
27848,
27857,
27905,
27913,
27932,
27958,
27964,
27965,
27972,
27980,
27985,
28023,
28031,
28035,
28038,
28039,
28082,
28083,
28090,
28094,
28115,
28117,
28121,
28127,
28141,
28142,
28174,
28175,
28176,
28181,
28186,
28200,
28201,
28208,
28212,
28234,
28235,
28239,
28240,
28241,
28246,
28255,
28259,
28260,
28261,
28265,
28269,
28280,
28283,
28284,
28286,
28297,
28299,
28318,
28319,
28325,
28342,
28345,
28351,
28352,
28356,
28357,
28378,
28397,
28398,
28404,
28437,
28457,
28462,
28463,
28475,
28489,
28496,
28517,
28521,
28522,
28539,
28544,
28555,
28613,
28673,
28711,
28732,
28770,
28775,
28776,
28790,
28791,
28834,
28835,
28850,
28968,
29006,
29011,
29027,
29065,
29070,
29086,
29145,
29170,
29188,
29193,
29215,
29252,
29262,
29264,
29270,
29301,
29302,
29322,
29346,
29347,
29354,
29355,
29365,
29366,
29367,
29369,
29381,
29420,
29439,
29440,
29441,
29445,
29449,
29454,
29459,
29463,
29464,
29465,
29467,
29472,
29479,
29499,
29519,
29537,
29538,
29539,
29558,
29577,
29578,
29579,
29584,
29617,
29621,
29624,
29636,
29637,
29649,
29676,
29677,
29690,
29691,
29695,
29696,
29701,
29702,
29735,
29750,
29794,
29804,
29864,
29887,
29912,
29913,
29921,
29923,
29944,
29945,
29951,
29971,
29972,
29990,
29991,
30030,
30044,
30049,
30050,
30051,
30089,
30181,
30206,
30207,
30208,
30214,
30226,
30239,
30266,
30267,
30281,
30325,
30339,
30340,
30395,
30475,
30503,
30511,
30515,
30534,
30535,
30541,
30561,
30593,
30594,
30599,
30600,
30629,
30640,
30643,
30645,
30646,
30647,
30652,
30679,
30685,
30686,
30711,
30712,
30718,
30719,
30738,
30758,
30759,
30790,
30797,
30807,
30811,
30817,
30818,
30856,
30870,
30876,
30877,
30882,
30915,
30973,
31092,
31099,
31102,
31103,
31125,
31132,
31160,
31161,
31162,
31166,
31167,
31171,
31172,
31209,
31221,
31225,
31232,
31327,
31334,
31335,
31338,
31339,
31360,
31361,
31362,
31387,
31396,
31398,
31401,
31402,
31456,
31473,
31504,
31564,
31630,
31634,
31657,
31689,
31692,
31715,
31741,
31774,
31799,
31801,
31806,
31809,
31814,
31820,
31826,
31827,
31833,
31859,
31866,
31868,
31892,
31896,
31898,
31918,
31938,
31976,
31977,
31996,
31997,
32035,
32036,
32050,
32252,
32276,
32345,
32352,
32353,
32389,
32410,
32482,
32485,
32507,
32508,
32541,
32566,
32574,
32600,
32645,
32685,
32711,
32873,
32894,
32895,
32954,
32955,
32960,
32961,
32980,
32981,
32986,
32989,
32994,
33004,
33005,
33007,
33013,
33017,
33019,
33039,
33059,
33063,
33065,
33076,
33077,
33078,
33079,
33098,
33112,
33117,
33118,
33119,
33123,
33124,
33150,
33157,
33177,
33235,
33294,
33373,
33379,
33432,
33436,
33438,
33441,
33476,
33489,
33490,
33495,
33496,
33510,
33511,
33543,
33570,
33590,
33629,
33688,
33695,
33699,
33726,
33733,
33747,
33785,
33790,
33805,
33806,
33831,
33832,
33849,
33850,
33854,
33858,
33891,
33913,
33923,
34133,
34134,
34140,
34160,
34161,
34169,
34184,
34185,
34193,
34197,
34199,
34219,
34220,
34224,
34226,
34238,
34239,
34243,
34245,
34252,
34256,
34258,
34259,
34278,
34297,
34298,
34304,
34330,
34337,
34363,
34396,
34573,
34605,
34610,
34612,
34616,
34656,
34657,
34669,
34670,
34675,
34680,
34691,
34716,
34717,
34750,
34751,
34769,
34878,
34900,
34927,
34960,
34965,
34966,
34986,
35011,
35012,
35023,
35029,
35030,
35045,
35071,
35097,
35104,
35130,
35163,
35261,
35281,
35320,
35331,
35340,
35341,
35346,
35354,
35360,
35365,
35366,
35367,
35377,
35379,
35404,
35419,
35422,
35423,
35425,
35436,
35458,
35478,
35484,
35517,
35537,
35543,
35576,
35667,
35674,
35726,
35727,
35733,
35753,
35760,
35813,
35819,
35822,
35823,
35871,
35930,
35945,
35989,
36047,
36081,
36082,
36106,
36107,
36122,
36140,
36166,
36167,
36176,
36180,
36186,
36239,
36244,
36251,
36284,
36310,
36343,
36440,
36500,
36519,
36520,
36521,
36540,
36546,
36557,
36559,
36580,
36584,
36599,
36602,
36605,
36611,
36612,
36616,
36617,
36658,
36664,
36697,
36723,
36756,
36775,
36816,
36847,
36854,
36874,
36881,
36913,
36932,
36933,
36934,
36939,
36940,
36943,
36992,
36999,
37002,
37003,
37006,
37061,
37087,
37109,
37110,
37124,
37130,
37169,
37170,
37216,
37227,
37261,
37286,
37287,
37294,
37346,
37356,
37357,
37360,
37361,
37366,
37419,
37424,
37431,
37464,
37483,
37489,
37490,
37522,
37523,
37621,
37641,
37674,
37680,
37681,
37700,
37701,
37726,
37732,
37739,
37779,
37782,
37785,
37792,
37796,
37818,
37838,
37844,
37845,
37877,
37902,
37903,
37904,
37935,
37936,
38038,
38053,
38060,
38061,
38078,
38093,
38241,
38251,
38289,
38349,
38365,
38381,
38403,
38407,
38424,
38466,
38526,
38643,
38657,
38663,
38702,
38762,
38801,
38821,
38854,
38860,
38880,
38885,
38904,
38906,
38913,
38919,
38939,
38962,
38965,
38972,
38976,
38978,
38998,
39024,
39076,
39083,
39115,
39116,
39174,
39175,
39207,
39235,
39241,
39265,
39286,
39292,
39311,
39410,
39412,
39418,
39422,
39528,
39587,
39603,
39657,
39707,
39717,
39745,
39766,
39803,
39849,
39850,
39868,
39872,
39942,
39981,
39982,
39987,
40034,
40040,
40041,
40046,
40060,
40119,
40145,
40157,
40178,
40197,
40204,
40237,
40258,
40263,
40296,
40322,
40355,
40414,
40415,
40420,
40425,
40473,
40474,
40487,
40498,
40516,
40532,
40546,
40557,
40590,
40924,
40944,
40945,
40954,
40955,
40959,
40970,
40977,
40983,
41004,
41005,
41042,
41063,
41101,
41161,
41214,
41220,
41240,
41279,
41325,
41337,
41358,
41384,
41417,
41443,
41475,
41476,
41495,
41502,
41535,
41542,
41593,
41594,
41604,
41637,
41652,
41653,
41673,
41680,
41681,
41701,
41711,
41712,
41713,
41737,
41770,
41771,
42046,
42067,
42073,
42077,
42104,
42105,
42125,
42126,
42150,
42164,
42170,
42184,
42223,
42228,
42243,
42281,
42282,
42341,
42361,
42420,
42445,
42459,
42479,
42484,
42499,
42505,
42512,
42538,
42558,
42564,
42596,
42623,
42656,
42682,
42715,
42722,
42734,
42747,
42773,
42774,
42800,
42833,
42834,
42852,
42859,
42892,
42951,
43009,
43129,
43186,
43232,
43245,
43253,
43284,
43285,
43304,
43314,
43364,
43365,
43403,
43481,
43521,
43541,
43600,
43605,
43639,
43659,
43718,
43776,
43803,
43836,
43895,
43921,
43923,
44013,
44023,
44072,
44366,
44459,
44500,
44582,
44642,
44721,
44780,
44785,
44840,
44844,
44898,
44917,
44982,
44983,
45015,
45016,
45035,
45042,
45101,
45153,
45193,
45203,
45253,
45428,
45548,
45666,
45679,
45697,
45724,
45756,
45815,
45822,
45880,
45901,
45933,
45974,
46025,
46026,
46028,
46029,
46092,
46094,
46098,
46144,
46148,
46151,
46153,
46156,
46157,
46210,
46211,
46212,
46215,
46216,
46266,
46269,
46271,
46275,
46325,
46328,
46380,
46382,
46447,
46549,
46564,
46565,
46608,
46616,
46620,
46645,
46667,
46675,
46679,
46683,
46726,
46801,
46852,
46855,
46860,
46911,
46918,
46970,
46995,
46996,
47029,
47038,
47088,
47097,
47113,
47140,
47145,
47146,
47147,
47149,
47150,
47151,
47154,
47156,
47160,
47199,
47200,
47203,
47231,
47236,
47238,
47259,
47260,
47262,
47271,
47276,
47282,
47283,
47289,
47296,
47302,
47307,
47317,
47318,
47319,
47321,
47330,
47335,
47342,
47347,
47348,
47355,
47361,
47366,
47376,
47377,
47378,
47380,
47399,
47401,
47407,
47408,
47410,
47414,
47419,
47420,
47425,
47435,
47436,
47437,
47439,
47447,
47448,
47453,
47459,
47460,
47466,
47473,
47478,
47479,
47483,
47484,
47494,
47495,
47512,
47525,
47532,
47538,
47543,
47551,
47552,
47553,
47554,
47555,
47557,
47563,
47565,
47566,
47571,
47576,
47578,
47584,
47591,
47596,
47597,
47601,
47602,
47611,
47612,
47613,
47616,
47624,
47625,
47630,
47635,
47637,
47638,
47642,
47643,
47649,
47650,
47655,
47656,
47660,
47661,
47670,
47671,
47672,
47675,
47681,
47683,
47684,
47689,
47692,
47694,
47696,
47699,
47702,
47709,
47719,
47720,
47730,
47731,
47734,
47740,
47743,
47745,
47748,
47751,
47755,
47758,
47761,
47768,
47773,
47774,
47778,
47779,
47788,
47789,
47790,
47799,
47802,
47807,
47814,
47820,
47827,
47832,
47833,
47837,
47838,
47847,
47848,
47849,
47858,
47873,
47879,
47886,
47891,
47896,
47897,
47906,
47907,
47908,
47909,
47911,
47925,
47931,
47932,
47938,
47944,
47945,
47948,
47950,
47951,
47955,
47956,
47965,
47966,
47967,
47968,
47970,
47978,
47979,
47984,
47989,
47991,
47997,
47998,
48000,
48003,
48004,
48010,
48014,
48015,
48024,
48025,
48026,
48027,
48029,
48038,
48043,
48050,
48055,
48056,
48057,
48063,
48064,
48066,
48068,
48073,
48074,
48083,
48084,
48085,
48086,
48088,
48096,
48097,
48102,
48107,
48109,
48115,
48116,
48122,
48127,
48128,
48132,
48133,
48141,
48142,
48143,
48144,
48145,
48155,
48161,
48167,
48168,
48174,
48175,
48181,
48182,
48186,
48187,
48191,
48192,
48201,
48202,
48203,
48204,
48214,
48215,
48220,
48225,
48227,
48233,
48239,
48240,
48241,
48245,
48250,
48251,
48259,
48260,
48261,
48263,
48265,
48273,
48279,
48280,
48286,
48287,
48289,
48292,
48299,
48309,
48310,
48320,
48321,
48330,
48332,
48333,
48334,
48338,
48339,
48345,
48347,
48379,
48386,
48411,
48417,
48418,
48438,
48445,
48449,
48497,
48504,
48508,
48529,
48530,
48531,
48535,
48538,
48544,
48555,
48556,
48557,
48577,
48588,
48589,
48590,
48594,
48595,
48596,
48597,
48604,
48614,
48615,
48616,
48617,
48626,
48643,
48646,
48647,
48648,
48649,
48653,
48655,
48656,
48658,
48659,
48660,
48661,
48672,
48673,
48674,
48675,
48681,
48684,
48685,
48702,
48706,
48707,
48708,
48710,
48712,
48713,
48714,
48717,
48718,
48719,
48720,
48721,
48722,
48731,
48732,
48733,
48734,
48743,
48744,
48747,
48748,
48754,
48758,
48759,
48761,
48765,
48766,
48776,
48777,
48780,
48781,
48790,
48791,
48792,
48793,
48802,
48803,
48806,
48812,
48813,
48816,
48817,
48818,
48819,
48820,
48835,
48840,
48850,
48851,
48862,
48865,
48866,
48870,
48872,
48876,
48877,
48878,
48879,
48898,
48909,
48910,
48921,
48929,
48930,
48931,
48937,
48938,
48943,
48967,
48968,
48969,
48979,
48980,
48984,
48985,
48995,
48997,
49007,
49017,
49027,
49028,
49029,
49038,
49039,
49056,
49060,
49061,
49062,
49066,
49067,
49068,
49069,
49076,
49077,
49086,
49087,
49088,
49094,
49097,
49098,
49101,
49118,
49119,
49120,
49121,
49125,
49126,
49127,
49128,
49130,
49131,
49133,
49145,
49146,
49147,
49150,
49153,
49156,
49157,
49177,
49178,
49179,
49180,
49184,
49185,
49186,
49189,
49190,
49191,
49192,
49193,
49194,
49204,
49205,
49206,
49209,
49212,
49216,
49229,
49230,
49236,
49237,
49238,
49239,
49243,
49244,
49245,
49246,
49248,
49263,
49264,
49265,
49266,
49271,
49277,
49289,
49291,
49295,
49296,
49297,
49298,
49300,
49302,
49305,
49307,
49309,
49312,
49316,
49322,
49323,
49333,
49334,
49348,
49354,
49355,
49356,
49360,
49362,
49363,
49364,
49366,
49367,
49371,
49372,
49375,
49380,
49381,
49382,
49383,
49389,
49392,
49393,
49407,
49408,
49409,
49410,
49412,
49413,
49414,
49415,
49419,
49420,
49421,
49422,
49425,
49426,
49429,
49430,
49431,
49434,
49439,
49440,
49441,
49460,
49461,
49465,
49466,
49467,
49468,
49484,
49489,
49499,
49500,
49510,
49520,
49525,
49526,
49527,
49528,
49559,
49566,
49591,
49597,
49598,
49641,
49666,
49676,
49678,
49709,
49710,
49715,
49716,
49735,
49736,
49737,
49743,
49747,
49768,
49769,
49773,
49774,
49775,
49780,
49794,
49795,
49796,
49799,
49801,
49802,
49804,
49805,
49806,
49809,
49827,
49828,
49829,
49832,
49833,
49834,
49853,
49854,
49855,
49861,
49865,
49870,
49885,
49886,
49887,
49888,
49892,
49893,
49897,
49899,
49902,
49912,
49913,
49914,
49915,
49920,
49923,
49924,
49927,
49929,
49938,
49939,
49957,
49961,
49971,
49972,
49973,
49982,
49983,
49984,
49986,
49987,
49990,
49991,
49992,
49997,
50015,
50030,
50031,
50041,
50042,
50045,
50050,
50056,
50057,
50058,
50090,
50101,
50106,
50143,
50148,
50149,
50159,
50160,
50187,
50193,
50207,
50208,
50215,
50218,
50219,
50222,
50223,
50240,
50246,
50247,
50251,
50252,
50257,
50258,
50266,
50267,
50268,
50274,
50277,
50278,
50292,
50299,
50300,
50301,
50305,
50306,
50307,
50310,
50315,
50325,
50326,
50327,
50330,
50333,
50337,
50340,
50342,
50351,
50358,
50359,
50360,
50364,
50365,
50369,
50370,
50374,
50384,
50385,
50386,
50392,
50395,
50396,
50399,
50400,
50401,
50417,
50418,
50419,
50423,
50424,
50425,
50426,
50428,
50433,
50443,
50444,
50445,
50446,
50451,
50454,
50455,
50458,
50469,
50475,
50476,
50477,
50478,
50482,
50484,
50487,
50491,
50492,
50502,
50503,
50504,
50510,
50513,
50525,
50528,
50536,
50551,
50552,
50555,
50561,
50562,
50563,
50569,
50571,
50572,
50573,
50576,
50580,
50587,
50588,
50593,
50594,
50595,
50599,
50605,
50610,
50614,
50620,
50621,
50622,
50629,
50630,
50634,
50635,
50636,
50639,
50640,
50641,
50646,
50647,
50664,
50669,
50679,
50680,
50699,
50700,
50705,
50706,
50739,
50771,
50777,
50857,
50858,
50864,
50915,
50927,
50931,
50948,
50974,
50975,
50982,
50986,
51008,
51009,
51013,
51019,
51034,
51045,
51073,
51074,
51075,
51077,
51078,
51082,
51093,
51103,
51104,
51136,
51141,
51145,
51152,
51162,
51167,
51171,
51177,
51178,
51200,
51211,
51222,
51225,
51231,
51236,
51263,
51270,
51281,
51284,
51372,
51389,
51399,
51403,
51447,
51448,
51454,
51458,
51479,
51506,
51513,
51517,
51538,
51564,
51565,
51576,
51597,
51598,
51603,
51605,
51624,
51625,
51662,
51667,
51668,
51669,
51672,
51683,
51690,
51694,
51708,
51709,
51726,
51729,
51731,
51732,
51733,
51735,
51742,
51752,
51753,
51758,
51767,
51768,
51770,
51790,
51794,
51801,
51811,
51812,
51815,
51826,
51827,
51849,
51860,
51874,
51879,
51885,
51886,
51919,
51952,
51978,
51979,
51992,
52036,
52037,
52084,
52128,
52154,
52155,
52195,
52201,
52214,
52215,
52221,
52225,
52287,
52292,
52298,
52332,
52352,
52353,
52357,
52360,
52391,
52405,
52407,
52409,
52411,
52412,
52460,
52461,
52509,
52579,
52638,
52724,
52777,
52804,
52805,
52836,
52837,
52850,
52863,
52888,
52906,
52922,
52941,
52944,
52947,
52949,
52970,
52981,
52991,
52992,
52995,
52996,
53000,
53006,
53007,
53029,
53040,
53050,
53054,
53059,
53060,
53065,
53066,
53131,
53132,
53158,
53165,
53168,
53201,
53216,
53308,
53309,
53326,
53335,
53339,
53341,
53342,
53367,
53368,
53373,
53374,
53394,
53398,
53404,
53405,
53409,
53453,
53454,
53459,
53460,
53463,
53467,
53469,
53522,
53526,
53531,
53532,
53533,
53585,
53587,
53593,
53606,
53630,
53640,
53689,
53722,
53781,
53801,
53807,
53852,
53866,
53898,
53916,
53925,
53926,
53929,
53931,
53932,
53958,
53968,
53984,
53988,
53995,
54003,
54004,
54005,
54009,
54012,
54043,
54044,
54057,
54059,
54102,
54115,
54116,
54118,
54121,
54122,
54161,
54171,
54172,
54181,
54182,
54186,
54213,
54220,
54234,
54240,
54245,
54246,
54280,
54311,
54312,
54317,
54318,
54381,
54396,
54455,
54456,
54457,
54467,
54489,
54515,
54522,
54574,
54640,
54644,
54647,
54648,
54654,
54691,
54692,
54702,
54707,
54750,
54751,
54752,
54762,
54765,
54902,
54927,
54935,
54960,
54966,
54967,
54986,
54987,
54988,
54993,
54994,
54998,
55020,
55046,
55057,
55061,
55062,
55078,
55079,
55105,
55116,
55120,
55178,
55180,
55233,
55234,
55244,
55258,
55281,
55282,
55291,
55292,
55293,
55296,
55297,
55302,
55342,
55348,
55351,
55352,
55400,
55414,
55420,
55425,
55466,
55491,
55578,
55646,
55647,
55709,
55754,
55764,
55768,
55813,
55827,
55892,
55989,
56146,
56147,
56211,
56285,
56296,
56300,
56301,
56306,
56313,
56354,
56355,
56358,
56360,
56364,
56365,
56403,
56469,
56522,
56532,
56580,
56589,
56590,
56594,
56595,
56600,
56605,
56638,
56639,
56672,
56948,
57169,
57209,
57229,
57268,
57288,
57320,
57327,
57385,
57391,
57406,
57449,
57465,
57479,
57485,
57524,
57602,
57711,
57760,
57774,
57775,
57786,
57859,
57877,
57947,
58270,
58334,
58349,
58394,
58448,
58449,
58454,
58455,
58500,
58507,
58513,
58527,
58559,
58566,
58586,
58600,
58601,
58645,
58661,
58671,
58703,
58704,
58718,
58723,
58763,
58954,
58955,
58960,
58998,
59037,
59116,
59322,
59326,
59397,
59411,
59412,
59451,
59471,
59575,
59589,
59687,
59707,
59713,
59714,
59717,
59722,
59727,
59780,
59786,
59840,
59850,
59884,
59894,
59904,
59910,
59911,
59943,
60012,
60264,
60296,
60416,
60474,
60506,
60533,
60591,
60592,
60631,
60651,
60710,
60720,
60789,
60828,
60886,
60887,
60901,
60906,
60907,
60946,
60972,
60989,
60994,
60998,
61005,
61006,
61030,
61048,
61053,
61064,
61083,
61090,
61123,
61241,
61391,
61392,
61419,
61655,
61751,
61772,
61782,
61842,
61846,
61847,
61899,
61906,
62015,
62018,
62034,
62041,
62062,
62081,
62093,
62094,
62105,
62110,
62125,
62126,
62127,
62150,
62151,
62152,
62153,
62169,
62174,
62178,
62185,
62186,
62204,
62210,
62233,
62237,
62243,
62244,
62258,
62263,
62264,
62269,
62270,
62292,
62302,
62303,
62322,
62362,
62494,
62499,
62597,
62656,
62872,
62925,
62931,
62952,
62959,
62996,
63022,
63070,
63139,
63188,
63199,
63237,
63246,
63247,
63272,
63273,
63285,
63290,
63291,
63292,
63295,
63302,
63306,
63327,
63331,
63332,
63349,
63350,
63354,
63358,
63364,
63365,
63366,
63379,
63384,
63390,
63391,
63408,
63413,
63423,
63424,
63438,
63443,
63444,
63449,
63482,
63483,
63508,
63680,
63718,
63751,
63777,
63821,
63921,
63944,
64013,
64052,
64053,
64072,
64073,
64080,
64111,
64112,
64116,
64117,
64131,
64132,
64133,
64147,
64148,
64170,
64176,
64190,
64191,
64249,
64250,
64284,
64289,
64290,
64309,
64367,
64368,
64406,
64426,
64427,
64442,
64452,
64470,
64471,
64479,
64486,
64487,
64507,
64511,
64512,
64534,
64538,
64545,
64546,
64555,
64560,
64563,
64565,
64570,
64604,
64605,
64618,
64619,
64624,
64630,
64631,
64662,
64663,
64722,
65017,
65018,
65042,
65065,
65201,
65226,
65232,
65253,
65254,
65259,
65260,
65263,
65291,
65296,
65297,
65307,
65311,
65312,
65313,
65322,
65326,
65327,
65355,
65356,
65371,
65378,
65382,
65387,
65437,
65463,
65469,
65470,
65489,
65499,
65547,
65573,
65607,
65621,
65627,
65666,
65676,
65680,
65687,
65714,
65725,
65735,
65739,
65740,
65745,
65746,
65751,
65784,
65798,
65804,
65810,
65842,
65843,
66046,
66118,
66197,
66222,
66281,
66282,
66315,
66381,
66406,
66412,
66433,
66440,
66443,
66444,
66471,
66476,
66492,
66493,
66499,
66502,
66503,
66508,
66551,
66562,
66609,
66610,
66621,
66643,
66648,
66669,
66676,
66680,
66738,
66739,
66743,
66749,
66754,
66787,
66788,
66801,
66856,
66860,
66861,
66866,
66905,
66919,
66920,
66931,
66964,
67226,
67377,
67436,
67462,
67488,
67543,
67558,
67561,
67565,
67602,
67672,
67697,
67720,
67764,
67790,
67797,
67823,
67833,
67849,
67908,
67918,
67936,
67966,
67987,
68015,
68040,
68086,
68099,
68262,
68320,
68484,
68557,
68583,
68616,
68668,
68675,
68782,
68841,
68851,
68900,
68959,
68971,
69017,
69029,
69073,
69088,
69147,
69173,
69264,
69441,
69586,
69650,
69692,
69737,
69752,
69796,
69797,
69855,
69856,
69869,
69914,
69916,
69932,
69973,
69974,
69975,
69977,
69986,
69987,
69991,
70032,
70033,
70034,
70063,
70092,
70102,
70151,
70213,
70215,
70220,
70223,
70299,
70343,
70345,
70446,
70452,
70505,
70535,
70548,
70745,
70754,
70758,
70764,
70765,
70783,
70784,
