1002,
102,
1094,
12787,
1282,
1308,
132,
1367,
13726,
13785,
13949,
14111,
14170,
14664,
14915,
15595,
156,
161,
16716,
16906,
1699,
17837,
18027,
1843,
18569,
187,
19,
19076,
19154,
1931,
1957,
196,
1961,
20192,
20197,
2020,
20275,
20334,
2112,
21265,
21272,
21336,
21337,
21359,
21374,
21410,
21416,
21423,
21437,
21438,
21474,
21479,
21480,
21488,
215,
21501,
21502,
21506,
21538,
21542,
21543,
21544,
21565,
21570,
21581,
21607,
21608,
21618,
21639,
21671,
21680,
21684,
21703,
21714,
21719,
21721,
21735,
21774,
21842,
21849,
21913,
21928,
21937,
21959,
21977,
21990,
220,
22039,
22041,
22050,
22051,
22076,
22081,
22082,
22104,
22114,
22118,
22132,
22145,
22178,
22182,
22192,
22194,
22196,
22205,
22242,
22248,
22256,
22258,
22269,
22281,
22312,
22314,
22376,
22386,
224,
22408,
22443,
225,
22524,
22717,
22722,
22791,
22832,
22866,
22930,
23016,
23072,
23080,
23107,
23136,
23200,
23256,
23264,
23297,
23320,
23361,
23442,
2403,
24288,
24321,
246,
250,
26300,
26477,
26575,
27629,
27635,
279,
283,
28653,
28717,
28732,
28781,
28820,
28845,
29869,
29880,
29883,
29933,
29944,
29997,
30004,
305,
309,
30913,
30977,
31041,
31085,
31097,
31229,
31474,
32083,
32225,
32232,
32296,
32470,
32534,
3282,
33171,
33357,
33622,
338,
342,
34290,
34323,
34338,
34402,
34439,
34503,
34583,
34596,
34755,
35014,
35038,
35359,
35420,
35442,
35444,
35484,
35503,
3572,
35735,
35913,
35943,
35954,
35976,
35982,
36075,
36166,
36190,
3631,
36374,
364,
36585,
36649,
37145,
373,
37318,
37786,
37850,
37887,
38,
38070,
38150,
38299,
38895,
38938,
38939,
39003,
39038,
3909,
39305,
39308,
39372,
39451,
39651,
39766,
39893,
401,
40171,
40230,
40372,
41342,
41505,
41512,
42057,
42085,
42086,
42148,
42149,
42150,
42213,
42214,
42227,
42277,
42278,
42285,
42288,
42291,
42342,
42352,
42416,
42480,
42498,
42505,
42519,
42521,
42547,
42562,
42585,
42605,
42621,
42626,
42631,
42649,
42726,
42739,
42790,
42803,
42854,
42864,
42918,
42928,
42981,
42982,
42992,
42994,
43045,
43056,
43104,
43109,
43112,
43120,
43302,
43592,
43602,
438,
43965,
44040,
45256,
456,
457,
46809,
4739,
47857,
47899,
47927,
47991,
48051,
48537,
48871,
48987,
49015,
49022,
49033,
49072,
49079,
49136,
49137,
49140,
49316,
497,
49993,
50047,
50052,
50110,
50116,
50163,
50167,
50171,
50172,
50213,
50225,
50228,
50230,
50235,
50276,
50294,
504,
50603,
50606,
50667,
50670,
50801,
50899,
51081,
51140,
51161,
51191,
51204,
51237,
51251,
51268,
51277,
51301,
51313,
51316,
51328,
51365,
51538,
51825,
52179,
52301,
52354,
52389,
52418,
52562,
52626,
52693,
52694,
52781,
52785,
52803,
5283,
52846,
52867,
52869,
52913,
53007,
53171,
53257,
53267,
53466,
53477,
53489,
53650,
53674,
53683,
53778,
53782,
53792,
53846,
53856,
53869,
53891,
53933,
53956,
54031,
54125,
54179,
54258,
54259,
54346,
54667,
54762,
54771,
54832,
54857,
55166,
55213,
55230,
55263,
55299,
55391,
55665,
55825,
55914,
55986,
56207,
56291,
56479,
56617,
56689,
56878,
56913,
56977,
57041,
57107,
57171,
57200,
57289,
57295,
57301,
57325,
57327,
574,
57453,
57924,
57962,
58072,
58164,
58195,
58221,
58413,
58415,
58421,
58453,
58599,
58668,
58675,
58686,
58687,
58714,
58751,
58992,
59056,
59245,
59283,
59309,
59373,
59434,
59503,
59509,
59568,
59716,
59750,
59814,
59889,
59954,
60001,
60002,
60066,
60080,
60108,
60131,
60144,
60443,
60555,
60581,
60594,
60659,
60734,
60773,
61040,
61041,
61042,
61105,
61145,
61171,
61273,
61462,
615,
61554,
61617,
61835,
61899,
61971,
62001,
62002,
62027,
62091,
62132,
62931,
62957,
63092,
63917,
63923,
63981,
64116,
64766,
64823,
64877,
65566,
65662,
65726,
65780,
65783,
65790,
65837,
65844,
663,
66338,
66402,
66432,
66676,
66725,
66740,
66743,
66789,
66899,
67503,
67651,
67685,
67703,
67859,
68240,
68512,
68576,
68604,
68611,
68620,
68668,
68675,
68684,
68697,
68886,
69167,
69199,
692,
69200,
69472,
69545,
69600,
69609,
69628,
69657,
69672,
69692,
69807,
69835,
69836,
69848,
70186,
70224,
70378,
70432,
70442,
70460,
70505,
70506,
70524,
70534,
70588,
70617,
70632,
70652,
70767,
70795,
70800,
71401,
71402,
71465,
71466,
71592,
71727,
71755,
71819,
71916,
71988,
72062,
72094,
72098,
72109,
72166,
722,
72247,
72362,
72387,
72433,
72454,
72515,
72552,
72687,
72689,
72704,
72916,
72980,
72996,
73,
73012,
73054,
73068,
73069,
73071,
73163,
73355,
73380,
73393,
73411,
73475,
73585,
73603,
73632,
73647,
73651,
73676,
73702,
73711,
73738,
73740,
73779,
73802,
73906,
73961,
73995,
74045,
74095,
74163,
74179,
74189,
74337,
74344,
74435,
74465,
74499,
74506,
74536,
74547,
74593,
746,
74600,
74609,
74662,
74666,
74756,
74884,
74918,
74956,
75021,
751,
75121,
75148,
75187,
75200,
75212,
75259,
75260,
75340,
75358,
75404,
75422,
75443,
75468,
75486,
75515,
75550,
75696,
75697,
75760,
75824,
75878,
75917,
76215,
76254,
76318,
76339,
76593,
77047,
77235,
777,
77939,
781,
78259,
78388,
78798,
78847,
78862,
78911,
78926,
78964,
78990,
79054,
79488,
79950,
80116,
80580,
80677,
80816,
80936,
810,
811,
81207,
814,
81457,
81512,
81576,
81605,
81680,
81768,
81832,
81868,
81905,
81925,
82316,
82405,
82545,
82565,
82737,
82801,
82804,
83029,
83212,
83301,
83365,
83442,
83506,
83567,
836,
83624,
83625,
8370,
83761,
83873,
83895,
83923,
83959,
840,
84108,
84318,
84338,
84355,
84382,
84463,
84492,
84566,
84596,
84809,
84915,
85183,
85251,
85278,
85359,
85423,
85442,
85452,
85520,
85577,
85683,
85731,
85743,
85751,
85859,
85923,
86021,
86057,
86249,
86255,
86274,
86313,
86319,
86350,
86476,
86514,
86845,
869,
86909,
86953,
87037,
87101,
87155,
873,
87310,
87364,
87436,
87448,
87509,
87601,
87804,
88052,
88271,
88304,
88331,
88333,
88334,
88435,
88490,
88690,
88818,
88971,
89011,
89136,
89140,
89267,
89279,
89466,
89523,
89573,
89714,
89869,
899,
89995,
90059,
90097,
90111,
90225,
90355,
90405,
90546,
90548,
90610,
90612,
90931,
90944,
910,
91684,
918,
91877,
91913,
91966,
91977,
92339,
92454,
92506,
92745,
92893,
92946,
93010,
932,
933,
93362,
93489,
93529,
93681,
93745,
93799,
93870,
94130,
94194,
94290,
94557,
94839,
94903,
94962,
95079,
95228,
95329,
954,
95409,
95475,
95484,
95527,
95562,
95667,
95671,
95735,
95794,
95799,
95946,
95951,
96076,
96161,
96241,
96338,
96647,
96800,
96819,
96854,
96918,
96993,
97,
97015,
97075,
97170,
97278,
97342,
97362,
97419,
97440,
97460,
97481,
97605,
97622,
97660,
97825,
97852,
97895,
97959,
97980,
97982,
98044,
98111,
98240,
98280,
989,
991,
