13372,
49079,
23421,
83104,
810,
52528,
44721,
12415,
94111,
59417,
52665,
67934,
12152,
74699,
21799,
69472,
52487,
79225,
88893,
80322,
48964,
13477,
95226,
10029,
54746,
33625,
96718,
82982,
62128,
30726,
73370,
21683,
161,
34354,
71795,
32289,
62274,
14454,
77416,
60184,
61760,
5475,
49460,
73945,
88006,
50967,
10206,
26396,
1119,
39445,
23426,
35675,
21990,
26787,
13384,
42776,
22295,
43748,
66568,
15752,
40500,
78282,
57714,
38887,
34730,
35563,
21945,
65456,
43282,
57936,
91102,
68901,
12330,
81452,
44781,
1962,
14659,
22245,
79586,
782,
4869,
55878,
40011,
51318,
8170,
12565,
12322,
51306,
39309,
91294,
47989,
24839,
71416,
48656,
9202,
7992,
58748,
67120,
22865,
21328,
53362,
1651,
87944,
27927,
9599,
21511,
8832,
58074,
8035,
41473,
69641,
14453,
6047,
27577,
17640,
30876,
23317,
43040,
80176,
55585,
54336,
9792,
51069,
48759,
29557,
12566,
49538,
68812,
35601,
57548,
12271,
2482,
69808,
7281,
31036,
1312,
28356,
84444,
22983,
44774,
68161,
33339,
27728,
12035,
40857,
2873,
1768,
35571,
1309,
3024,
11352,
39330,
669,
8994,
76496,
35732,
40502,
14446,
87653,
52517,
24262,
15897,
57515,
45593,
32208,
37333,
80882,
83222,
24763,
61750,
61461,
33448,
51635,
7455,
83377,
12313,
17749,
77802,
12563,
45961,
44971,
74315,
21877,
61912,
65051,
46324,
44129,
2387,
29997,
13378,
25399,
13037,
78091,
15394,
15907,
3643,
66622,
43103,
55384,
68551,
66680,
921,
24759,
51512,
88301,
94926,
47991,
95822,
928,
50052,
88832,
57040,
22065,
59441,
21542,
22657,
77086,
11235,
52119,
70386,
53489,
21826,
48833,
40476,
90975,
14493,
92761,
30790,
22717,
67227,
62392,
33625,
91148,
35506,
42493,
61824,
74354,
69907,
71923,
21619,
51306,
40043,
12271,
84236,
40500,
80241,
15752,
73945,
82598,
68848,
65233,
57790,
3479,
62886,
10262,
43693,
31956,
69803,
68435,
73634,
8199,
72090,
35216,
91963,
21383,
15633,
49350,
22109,
45956,
27635,
23003,
16501,
93245,
56521,
26396,
30012,
13687,
43748,
27152,
6387,
2684,
6705,
38160,
25845,
55962,
53248,
14394,
56441,
44664,
27927,
8994,
13325,
10029,
48413,
27968,
72589,
36782,
49427,
586,
12448,
31964,
12624,
25220,
49016,
39474,
74905,
48026,
17285,
24292,
23601,
4381,
61104,
5398,
57442,
74600,
50428,
43808,
69751,
69280,
9674,
8034,
43323,
6106,
