8,
19,
25,
26,
38,
43,
58,
68,
73,
74,
78,
85,
97,
102,
103,
128,
131,
132,
134,
137,
138,
145,
155,
156,
161,
162,
165,
166,
175,
176,
183,
187,
191,
196,
197,
201,
202,
203,
209,
214,
215,
219,
220,
221,
224,
228,
247,
250,
251,
255,
260,
261,
274,
280,
281,
283,
287,
305,
308,
309,
310,
342,
364,
368,
369,
379,
401,
419,
423,
427,
438,
445,
460,
482,
491,
504,
510,
511,
545,
563,
589,
600,
604,
609,
622,
627,
657,
662,
663,
664,
668,
674,
682,
718,
722,
727,
751,
755,
766,
770,
776,
777,
778,
780,
781,
782,
794,
810,
814,
827,
832,
836,
841,
863,
869,
873,
877,
880,
884,
886,
895,
896,
900,
905,
910,
911,
922,
923,
924,
929,
933,
943,
953,
954,
958,
959,
969,
973,
976,
988,
991,
1009,
1010,
1013,
1017,
1018,
1028,
1029,
1033,
1035,
1042,
1050,
1054,
1061,
1072,
1080,
1087,
1094,
1100,
1101,
1140,
1147,
1164,
1189,
1194,
1199,
1213,
1217,
1218,
1249,
1253,
1259,
1263,
1281,
1282,
1283,
1290,
1304,
1307,
1308,
1312,
1317,
1318,
1322,
1335,
1340,
1341,
1345,
1367,
1371,
1400,
1403,
1404,
1405,
1415,
1425,
1430,
1431,
1458,
1463,
1484,
1485,
1489,
1490,
1500,
1501,
1518,
1522,
1523,
1526,
1544,
1559,
1560,
1567,
1570,
1581,
1582,
1592,
1599,
1618,
1625,
1631,
1636,
1645,
1662,
1677,
1691,
1699,
1724,
1730,
1749,
1754,
1769,
1789,
1795,
1808,
1810,
1813,
1839,
1843,
1853,
1862,
1867,
1868,
1871,
1872,
1875,
1876,
1886,
1898,
1902,
1903,
1921,
1927,
1931,
1932,
1934,
1935,
1939,
1943,
1946,
1956,
1957,
1961,
1990,
1994,
2003,
2016,
2020,
2026,
2032,
2039,
2043,
2053,
2054,
2057,
2064,
2075,
2080,
2098,
2102,
2107,
2112,
2123,
2134,
2136,
2149,
2156,
2171,
2208,
2209,
2215,
2221,
2222,
2261,
2280,
2315,
2339,
2374,
2403,
2462,
2492,
2498,
2551,
2556,
2557,
2580,
2584,
2586,
2606,
2610,
2616,
2639,
2669,
2687,
2698,
2746,
2752,
2806,
2900,
2960,
2997,
3018,
3019,
3023,
3024,
3052,
3078,
3083,
3111,
3233,
3255,
3329,
3335,
3336,
3343,
3396,
3401,
3447,
3452,
3466,
3554,
3646,
3672,
3819,
3927,
4059,
4258,
4317,
4450,
4503,
4522,
4527,
4581,
4586,
4587,
4588,
4621,
4646,
4715,
4730,
4758,
4767,
4857,
4876,
5170,
5324,
5342,
5353,
5356,
5381,
5419,
5460,
5497,
5508,
5534,
5538,
5556,
5571,
5584,
5627,
5643,
5702,
5796,
5851,
5855,
5978,
5982,
6061,
6220,
6279,
6286,
6380,
6445,
6500,
6502,
6533,
6633,
6640,
6644,
6677,
6686,
6692,
6718,
6764,
6823,
6950,
6975,
7041,
7068,
7111,
7118,
7123,
7153,
7170,
7177,
7236,
7341,
7481,
7654,
7798,
7865,
7944,
8298,
8303,
8338,
8357,
8363,
8521,
8528,
8580,
8602,
8720,
9006,
9065,
9248,
9282,
9340,
9348,
9395,
9400,
9419,
9424,
9459,
9478,
9642,
9649,
9701,
9707,
9708,
9723,
9760,
9772,
9773,
9786,
9826,
9986,
10018,
10062,
10091,
10093,
10097,
10098,
10100,
10102,
10103,
10105,
10107,
10108,
10109,
10114,
10118,
10126,
10127,
10134,
10136,
10137,
10140,
10149,
10152,
10153,
10154,
10155,
10157,
10161,
10162,
10166,
10169,
10172,
10173,
10178,
10190,
10198,
10200,
10201,
10204,
10206,
10210,
10213,
10214,
10216,
10217,
10218,
10219,
10220,
10221,
10225,
10226,
10229,
10236,
10237,
10238,
10255,
10257,
10262,
10263,
10264,
10265,
10267,
10268,
10269,
10270,
10274,
10277,
10278,
10279,
10280,
10282,
10283,
10315,
10319,
10331,
10332,
10333,
10334,
10336,
10341,
10342,
10343,
10344,
10356,
10358,
10360,
10365,
10366,
10383,
10395,
10396,
10397,
10400,
10406,
10407,
10408,
10413,
10416,
10417,
10420,
10429,
10440,
10445,
10447,
10459,
10460,
10461,
10462,
10470,
10472,
10480,
10493,
10504,
10505,
10509,
10511,
10524,
10526,
10529,
10534,
10535,
10536,
10537,
10538,
10541,
10543,
10547,
10552,
10557,
10569,
10575,
10588,
10593,
10598,
10599,
10600,
10601,
10607,
10610,
10611,
10616,
10623,
10633,
10634,
10636,
10639,
10652,
10659,
10663,
10664,
10665,
10671,
10675,
10678,
10679,
10680,
10681,
10687,
10703,
10722,
10723,
10727,
10728,
10729,
10741,
10742,
10743,
10744,
10745,
10747,
10765,
10767,
10777,
10780,
10787,
10790,
10791,
10792,
10802,
10804,
10807,
10808,
10809,
10813,
10841,
10844,
10847,
10855,
10856,
10858,
10859,
10862,
10866,
10872,
10873,
10877,
10879,
10893,
10904,
10905,
10907,
10908,
10910,
10918,
10919,
10920,
10922,
10923,
10931,
10936,
10954,
10957,
10966,
10968,
10971,
10972,
10982,
10983,
10984,
10988,
10990,
10994,
11000,
11002,
11011,
11018,
11023,
11032,
11035,
11036,
11038,
11042,
11045,
11046,
11048,
11049,
11053,
11055,
11056,
11060,
11061,
11066,
11075,
11079,
11082,
11085,
11087,
11096,
11099,
11100,
11101,
11102,
11104,
11110,
11111,
11112,
11113,
11117,
11120,
11122,
11124,
11130,
11131,
11134,
11139,
11140,
11145,
11146,
11148,
11149,
11151,
11152,
11163,
11164,
11165,
11168,
11169,
11174,
11176,
11177,
11181,
11182,
11183,
11184,
11185,
11186,
11189,
11192,
11208,
11209,
11211,
11212,
11213,
11215,
11218,
11219,
11229,
11232,
11233,
11238,
11239,
11240,
11241,
11257,
11258,
11259,
11260,
11264,
11266,
11270,
11282,
11286,
11288,
11289,
11292,
11301,
11305,
11308,
11319,
11330,
11342,
11346,
11349,
11352,
11353,
11365,
11366,
11369,
11370,
11379,
11383,
11385,
11394,
11414,
11415,
11416,
11417,
11424,
11429,
11431,
11432,
11443,
11447,
11448,
11479,
11484,
11485,
11488,
11493,
11496,
11497,
11507,
11511,
11514,
11518,
11543,
11548,
11558,
11560,
11570,
11571,
11572,
11575,
11576,
11581,
11582,
11591,
11592,
11622,
11624,
11641,
11645,
11652,
11656,
11657,
11675,
11686,
11704,
11709,
11711,
11719,
11720,
11721,
11726,
11729,
11733,
11750,
11751,
11752,
11759,
11763,
11767,
11768,
11784,
11785,
11791,
11804,
11814,
11815,
11816,
11818,
11819,
11821,
11827,
11831,
11832,
11849,
11853,
11861,
11871,
11875,
11879,
11892,
11896,
11897,
11899,
11901,
11917,
11918,
11926,
11932,
11943,
11959,
11961,
11962,
11963,
11981,
11982,
11987,
11989,
11990,
11994,
11996,
12009,
12023,
12024,
12025,
12046,
12053,
12054,
12060,
12062,
12072,
12073,
12074,
12083,
12087,
12088,
12110,
12117,
12118,
12136,
12137,
12138,
12146,
12152,
12186,
12188,
12198,
12200,
12211,
12256,
12263,
12264,
12265,
12276,
12289,
12295,
12297,
12315,
12316,
12317,
12320,
12321,
12326,
12339,
12340,
12350,
12351,
12361,
12365,
12368,
12371,
12381,
12385,
12415,
12418,
12419,
12431,
12471,
12482,
12495,
12520,
12548,
12680,
12727,
12776,
12787,
12797,
12808,
12815,
12826,
12861,
12868,
12872,
12890,
12893,
12896,
12904,
12925,
12935,
12943,
12947,
12951,
12957,
12966,
13006,
13013,
13060,
13069,
13070,
13078,
13079,
13092,
13111,
13124,
13142,
13156,
13160,
13185,
13205,
13220,
13276,
13290,
13385,
13409,
13421,
13455,
13491,
13502,
13509,
13511,
13519,
13547,
13549,
13567,
13583,
13610,
13612,
13613,
13656,
13657,
13669,
13720,
13784,
13797,
13853,
13885,
13969,
13984,
14048,
14130,
14179,
14184,
14212,
14244,
14245,
14276,
14308,
14309,
14372,
14449,
14515,
14560,
14607,
14621,
14625,
14631,
14639,
14643,
14644,
14671,
14689,
14693,
14696,
14722,
14726,
14744,
14783,
14818,
14824,
14884,
14889,
14890,
15002,
15037,
15085,
15122,
15178,
15184,
15186,
15235,
15250,
15331,
15335,
15364,
15391,
15425,
15428,
15429,
15453,
15473,
15487,
15493,
15497,
15565,
15600,
15654,
15664,
15727,
15731,
15738,
15743,
15777,
15783,
15789,
15791,
15807,
15813,
15823,
15831,
15851,
15871,
15874,
15905,
15935,
16125,
16145,
16150,
16191,
16216,
16222,
16230,
16238,
16272,
16277,
16278,
16280,
16313,
16317,
16337,
16340,
16341,
16342,
16381,
16402,
16513,
16516,
16517,
16536,
16567,
16577,
16580,
16584,
16605,
16644,
16645,
16648,
16665,
16669,
16670,
16695,
16713,
16797,
16815,
16846,
16935,
16959,
16968,
17023,
17028,
17030,
17128,
17149,
17199,
17314,
17320,
17324,
17334,
17366,
17378,
17387,
17399,
17419,
17430,
17432,
17433,
17442,
17451,
17483,
17507,
17515,
17528,
17560,
17571,
17602,
17627,
17635,
17637,
17639,
17640,
17669,
17674,
17681,
17695,
17699,
17712,
17751,
17757,
17800,
17815,
17832,
17896,
18007,
18017,
18026,
18089,
18200,
18209,
18216,
18280,
18327,
18329,
18358,
18359,
18392,
18398,
18413,
18423,
18425,
18427,
18429,
18430,
18438,
18456,
18457,
18468,
18469,
18472,
18477,
18486,
18487,
18489,
18490,
18491,
18492,
18493,
18494,
18504,
18520,
18529,
18532,
18536,
18539,
18541,
18550,
18551,
18553,
18557,
18596,
18597,
18603,
18605,
18606,
18612,
18614,
18615,
18631,
18646,
18649,
18660,
18661,
18662,
18670,
18678,
18679,
18680,
18704,
18711,
18718,
18724,
18725,
18731,
18735,
18737,
18742,
18744,
18749,
18769,
18787,
18794,
18797,
18798,
18799,
18800,
18803,
18808,
18821,
18829,
18833,
18842,
18844,
18847,
18849,
18861,
18863,
18864,
18866,
18867,
18878,
18879,
18892,
18893,
18906,
18912,
18913,
18925,
18927,
18928,
18939,
18953,
18956,
18959,
18984,
18989,
18991,
19009,
19011,
19013,
19016,
19017,
19018,
19019,
19020,
19021,
19032,
19039,
19048,
19075,
19080,
19082,
19101,
19112,
19162,
19169,
19228,
19232,
19236,
19295,
19297,
19304,
19305,
19306,
19307,
19309,
19310,
19312,
19321,
19323,
19324,
19325,
19327,
19334,
19343,
19352,
19356,
19364,
19366,
19367,
19369,
19370,
19372,
19373,
19374,
19376,
19378,
19385,
19386,
19388,
19395,
19407,
19416,
19417,
19419,
19420,
19422,
19424,
19430,
19431,
19432,
19433,
19434,
19438,
19445,
19455,
19480,
19481,
19483,
19484,
19488,
19493,
19494,
19495,
19496,
19497,
19498,
19508,
19519,
19523,
19547,
19548,
19557,
19558,
19560,
19561,
19565,
19570,
19572,
19583,
19612,
19616,
19619,
19622,
19624,
19629,
19633,
19634,
19636,
19676,
19677,
19686,
19689,
19698,
19699,
19725,
19726,
19727,
19740,
19741,
19745,
19750,
19751,
19752,
19753,
19754,
19763,
19767,
19783,
19789,
19791,
19797,
19814,
19826,
19827,
19831,
19837,
19853,
19855,
19860,
19861,
19862,
19868,
19872,
19877,
19878,
19879,
19880,
19881,
19890,
19891,
19892,
19895,
19901,
19902,
19911,
19912,
19918,
19919,
19923,
19932,
19943,
19946,
19959,
19965,
19966,
19976,
19981,
19983,
19996,
20006,
20007,
20009,
20010,
20011,
20018,
20023,
20029,
20030,
20047,
20054,
20056,
20060,
20070,
20071,
20072,
20074,
20084,
20093,
20109,
20111,
20118,
20120,
20124,
20133,
20134,
20135,
20136,
20137,
20138,
20139,
20170,
20175,
20187,
20188,
20192,
20198,
20199,
20200,
20201,
20202,
20205,
20208,
20234,
20239,
20251,
20252,
20256,
20262,
20263,
20264,
20265,
20269,
20272,
20275,
20297,
20298,
20303,
20315,
20316,
20317,
20318,
20320,
20325,
20326,
20327,
20331,
20333,
20336,
20340,
20350,
20360,
20361,
20362,
20364,
20379,
20380,
20381,
20390,
20391,
20400,
20415,
20461,
20495,
20502,
20518,
20533,
20547,
20566,
20571,
20582,
20583,
20592,
20595,
20635,
20636,
20646,
20647,
20663,
20665,
20675,
20680,
20700,
20710,
20711,
20713,
20734,
20744,
20764,
20765,
20774,
20782,
20787,
20788,
20798,
20807,
20828,
20835,
20838,
20851,
20852,
20855,
20872,
20903,
20909,
20915,
20919,
20942,
20943,
20948,
20949,
20950,
20956,
20979,
20987,
21001,
21002,
21006,
21013,
21068,
21071,
21077,
21082,
21084,
21094,
21119,
21134,
21141,
21142,
21148,
21206,
21212,
21239,
21257,
21270,
21275,
21276,
21286,
21287,
21306,
21329,
21340,
21350,
21351,
21357,
21363,
21374,
21384,
21408,
21415,
21427,
21448,
21461,
21465,
21466,
21485,
21501,
21503,
21525,
21549,
21589,
21712,
21805,
21885,
21922,
21945,
21975,
21992,
22004,
22009,
22014,
22025,
22056,
22089,
22276,
22298,
22349,
22352,
22441,
22466,
22494,
22503,
22505,
22515,
22536,
22573,
22609,
22615,
22637,
22673,
22759,
22823,
22845,
22848,
22979,
23056,
23080,
23103,
23139,
23142,
23167,
23173,
23200,
23359,
23377,
23529,
23551,
23554,
23576,
23632,
23639,
23649,
23679,
23703,
23713,
23743,
23754,
23774,
23781,
23954,
23977,
24000,
24024,
24067,
24218,
24231,
24257,
24273,
24302,
24343,
24360,
24475,
24518,
24551,
24603,
24667,
24681,
24703,
24719,
24720,
24743,
24745,
24792,
24809,
24859,
24904,
24984,
25005,
25067,
25069,
25088,
25116,
25125,
25177,
25194,
25195,
25222,
25300,
25308,
25325,
25346,
25363,
25390,
25427,
25432,
25514,
25517,
25573,
25579,
25606,
25702,
25717,
25775,
25781,
25814,
25858,
25880,
25922,
25928,
25944,
25945,
25959,
25992,
25994,
26009,
26022,
26024,
26026,
26029,
26037,
26072,
26076,
26080,
26081,
26086,
26090,
26093,
26105,
26140,
26141,
26145,
26149,
26150,
26155,
26157,
26170,
26173,
26188,
26190,
26196,
26199,
26204,
26213,
26214,
26215,
26219,
26226,
26260,
26278,
26283,
26289,
26293,
26294,
26295,
26298,
26310,
26311,
26324,
26339,
26341,
26342,
26349,
26351,
26353,
26354,
26358,
26359,
26365,
26370,
26374,
26388,
26389,
26396,
26402,
26403,
26405,
26406,
26407,
26413,
26414,
26415,
26418,
26437,
26439,
26442,
26451,
26453,
26460,
26463,
26464,
26469,
26470,
26472,
26479,
26483,
26498,
26501,
26503,
26519,
26528,
26540,
26541,
26562,
26565,
26583,
26591,
26597,
26659,
26661,
26669,
26690,
26696,
26704,
26717,
26720,
26728,
26754,
26778,
26781,
26789,
26792,
26819,
26820,
26839,
26842,
26844,
26848,
26849,
26854,
26855,
26856,
26874,
26884,
26904,
26921,
26922,
26928,
26938,
26942,
26943,
26965,
26981,
26982,
26985,
27002,
27004,
27016,
27030,
27045,
27047,
27049,
27050,
27087,
27109,
27111,
27112,
27128,
27147,
27171,
27173,
27187,
27188,
27200,
27211,
27214,
27215,
27235,
27258,
27264,
27272,
27273,
27275,
27278,
27279,
27304,
27320,
27322,
27327,
27343,
27350,
27379,
27380,
27381,
27384,
27391,
27407,
27420,
27430,
27431,
27449,
27484,
27501,
27513,
27519,
27521,
27530,
27540,
27542,
27558,
27560,
27562,
27576,
27583,
27622,
27624,
27626,
27636,
27642,
27663,
27686,
27734,
27751,
27752,
27753,
27755,
27772,
27785,
27787,
27792,
27796,
27808,
27817,
27819,
27828,
27836,
27849,
27851,
27852,
27854,
27862,
27866,
27872,
27879,
27900,
27909,
27942,
27964,
28006,
28033,
28041,
28072,
28106,
28112,
28135,
28188,
28264,
28289,
28297,
28310,
28374,
28380,
28417,
28438,
28451,
28454,
28456,
28501,
28502,
28520,
28582,
28584,
28688,
28768,
28801,
28811,
28814,
28816,
28819,
28832,
28842,
28865,
28867,
28905,
28917,
28931,
28936,
28967,
28993,
29001,
29242,
29290,
29334,
29335,
29347,
29349,
29351,
29398,
29411,
29415,
29447,
29463,
29575,
29590,
29620,
29648,
29673,
29690,
29697,
29715,
29735,
29761,
29773,
29776,
29786,
29801,
29820,
29825,
29834,
29865,
29877,
29912,
29921,
29922,
29925,
30032,
30037,
30083,
30138,
30167,
30202,
30234,
30248,
30249,
30250,
30253,
30254,
30423,
30508,
30697,
30703,
30708,
30721,
30752,
30759,
30761,
30764,
30765,
30787,
30802,
30816,
30818,
30823,
30826,
30828,
30857,
30864,
30880,
30882,
30885,
30887,
30892,
30944,
30946,
30977,
30997,
31008,
31010,
31026,
31028,
31030,
31043,
31063,
31072,
31080,
31089,
31145,
31150,
31154,
31208,
31209,
31213,
31214,
31218,
31247,
31281,
31282,
31284,
31297,
31309,
31333,
31345,
31363,
31373,
31383,
31402,
31463,
31466,
31472,
31500,
31525,
31589,
31600,
31605,
31606,
31613,
31619,
31642,
31660,
31664,
31668,
31670,
31677,
31689,
31694,
31702,
31705,
31717,
31721,
31738,
31741,
31745,
31746,
31747,
31755,
31757,
31758,
31759,
31770,
31805,
31810,
31814,
31819,
31847,
31851,
31869,
31876,
31892,
31898,
31904,
31922,
31925,
31941,
31951,
31962,
31968,
31970,
31993,
32020,
32032,
32038,
32042,
32049,
32059,
32069,
32079,
32084,
32105,
32124,
32140,
32158,
32166,
32170,
32177,
32211,
32212,
32224,
32230,
32235,
32239,
32245,
32253,
32273,
32313,
32315,
32317,
32352,
32392,
32397,
32421,
32422,
32456,
32483,
32486,
32510,
32520,
32527,
32529,
32539,
32544,
32550,
32553,
32561,
32570,
32574,
32584,
32590,
32591,
32594,
32595,
32603,
32608,
32614,
32615,
32636,
32639,
32642,
32671,
32677,
32679,
32710,
32715,
32807,
32863,
32864,
32927,
32928,
32965,
32992,
33020,
33044,
33060,
33069,
33116,
33126,
33210,
33219,
33318,
33383,
33390,
33403,
33412,
33425,
33429,
33439,
33447,
33474,
33476,
33486,
33488,
33493,
33495,
33504,
33536,
33547,
33550,
33566,
33573,
33575,
33595,
33604,
33631,
33641,
33659,
33695,
33714,
33718,
33723,
33851,
33876,
33884,
33940,
33965,
33979,
34004,
34068,
34089,
34115,
34170,
34217,
34219,
34235,
34279,
34281,
34328,
34345,
34357,
34362,
34379,
34386,
34389,
34391,
34409,
34413,
34414,
34417,
34422,
34427,
34429,
34430,
34438,
34446,
34471,
34473,
34475,
34526,
34663,
34665,
34677,
34766,
34772,
34780,
34793,
34798,
34811,
34819,
34857,
34861,
34862,
34866,
34875,
34912,
34920,
34930,
34984,
34986,
34993,
35002,
35011,
35023,
35050,
35083,
35147,
35177,
35202,
35203,
35211,
35221,
35241,
35258,
35266,
35275,
35285,
35291,
35301,
35303,
35312,
35319,
35320,
35321,
35324,
35325,
35326,
35327,
35330,
35338,
35339,
35343,
35354,
35364,
35365,
35366,
35367,
35377,
35379,
35380,
35383,
35388,
35400,
35402,
35407,
35418,
35422,
35430,
35431,
35434,
35440,
35451,
35472,
35486,
35496,
35497,
35513,
35536,
35545,
35547,
35575,
35577,
35600,
35622,
35626,
35683,
35704,
35817,
35896,
35905,
35930,
35946,
35947,
35950,
35956,
35961,
35962,
35981,
35987,
35994,
35998,
36001,
36011,
36014,
36019,
36020,
36028,
36033,
36042,
36043,
36045,
36046,
36058,
36062,
36071,
36074,
36075,
36078,
36083,
36087,
36107,
36108,
36109,
36110,
36111,
36115,
36116,
36119,
36122,
36126,
36134,
36135,
36136,
36151,
36153,
36155,
36157,
36159,
36162,
36170,
36193,
36196,
36198,
36199,
36201,
36205,
36209,
36215,
36226,
36228,
36232,
36283,
36355,
36367,
36368,
36390,
36397,
36409,
36415,
36442,
36454,
36518,
36521,
36539,
36582,
36591,
36598,
36623,
36624,
36653,
36687,
36713,
36717,
36730,
36746,
36750,
36766,
36782,
36802,
36807,
36819,
36833,
36841,
36846,
36851,
36865,
36894,
36905,
36907,
36909,
36915,
36930,
36942,
36954,
36967,
36976,
36981,
36996,
37033,
37037,
37046,
37056,
37060,
37062,
37064,
37079,
37209,
37211,
37242,
37247,
37279,
37304,
37306,
37331,
37357,
37370,
37403,
37430,
37497,
37552,
37582,
37616,
37625,
37645,
37654,
37672,
37678,
37690,
37708,
37739,
37750,
37760,
37768,
37774,
37780,
