19,
26,
32,
73,
79,
97,
128,
132,
133,
137,
144,
156,
157,
161,
162,
165,
166,
186,
187,
188,
191,
194,
201,
219,
220,
221,
224,
225,
246,
248,
250,
251,
256,
260,
278,
279,
282,
283,
304,
305,
309,
310,
314,
337,
338,
342,
343,
364,
368,
372,
373,
380,
393,
396,
397,
401,
402,
407,
410,
423,
438,
445,
457,
461,
464,
470,
486,
491,
497,
504,
505,
519,
553,
563,
565,
569,
574,
578,
589,
590,
603,
609,
615,
628,
637,
642,
663,
674,
686,
688,
692,
693,
697,
718,
722,
723,
741,
746,
750,
751,
756,
773,
777,
781,
782,
800,
801,
805,
809,
810,
811,
814,
827,
835,
836,
840,
841,
863,
864,
869,
873,
874,
877,
883,
891,
895,
898,
899,
909,
910,
918,
922,
924,
927,
928,
929,
931,
932,
933,
936,
941,
954,
958,
959,
977,
980,
981,
987,
988,
989,
991,
993,
1002,
1022,
1023,
1024,
1028,
1048,
1061,
1083,
1087,
1094,
1101,
1195,
1223,
1250,
1253,
1282,
1308,
1331,
1341,
1367,
1378,
1400,
1404,
1425,
1430,
1437,
1472,
1484,
1489,
1518,
1598,
1636,
1730,
1839,
1843,
1875,
1931,
1957,
1961,
2005,
2016,
2020,
2053,
2079,
2112,
2156,
2407,
2466,
3229,
3282,
3296,
3554,
3631,
3644,
3919,
4122,
4162,
4713,
4798,
5388,
5402,
5407,
5807,
6038,
7177,
7236,
8298,
8311,
8338,
8357,
8462,
8521,
8606,
8661,
11537,
11666,
11707,
11711,
11779,
11996,
12791,
12828,
12941,
12959,
13027,
13082,
13151,
13314,
13648,
13948,
13949,
14068,
14111,
14125,
14207,
14664,
14769,
15595,
16716,
16906,
17153,
17275,
17330,
17540,
17620,
17625,
17837,
18027,
18375,
18451,
18569,
18573,
18625,
18687,
19055,
19076,
19089,
19148,
19462,
19572,
19657,
19915,
20084,
20123,
20144,
20176,
20177,
20178,
20192,
20197,
20216,
20231,
20235,
20251,
20257,
20269,
20272,
20318,
20846,
21141,
21272,
21297,
21303,
21326,
21328,
21329,
21337,
21344,
21347,
21352,
21359,
21374,
21377,
21383,
21401,
21403,
21410,
21416,
21423,
21424,
21427,
21429,
21437,
21438,
21442,
21453,
21474,
21479,
21480,
21488,
21490,
21501,
21502,
21505,
21506,
21508,
21517,
21542,
21543,
21544,
21546,
21552,
21556,
21564,
21565,
21570,
21576,
21577,
21581,
21607,
21608,
21618,
21620,
21639,
21649,
21655,
21671,
21672,
21675,
21678,
21680,
21682,
21684,
21698,
21703,
21713,
21714,
21719,
21721,
21735,
21752,
21753,
21778,
21779,
21783,
21808,
21809,
21811,
21814,
21815,
21817,
21826,
21831,
21842,
21849,
21862,
21868,
21873,
21874,
21892,
21894,
21911,
21913,
21928,
21937,
21939,
21955,
21959,
21961,
21977,
21980,
21984,
21986,
21987,
21990,
21992,
21996,
22023,
22024,
22039,
22041,
22047,
22048,
22050,
22052,
22054,
22076,
22082,
22087,
22104,
22111,
22113,
22114,
22117,
22118,
22128,
22130,
22141,
22145,
22146,
22147,
22178,
22181,
22182,
22192,
22194,
22196,
22206,
22226,
22233,
22242,
22246,
22247,
22248,
22250,
22251,
22256,
22258,
22269,
22270,
22281,
22291,
22309,
22310,
22311,
22312,
22314,
22320,
22321,
22322,
22332,
22374,
22376,
22377,
22378,
22386,
22408,
22422,
22443,
22478,
22488,
22524,
22596,
22694,
22722,
22801,
22827,
22855,
22865,
22866,
22930,
22994,
23001,
23008,
23072,
23088,
23107,
23130,
23136,
23151,
23200,
23202,
23228,
23270,
23320,
23346,
23348,
23357,
23425,
23727,
24106,
24169,
24258,
24300,
24366,
24385,
24479,
24532,
24799,
24817,
24899,
25028,
25244,
25443,
25493,
25687,
25701,
25985,
26177,
26396,
26441,
26475,
26477,
26505,
26531,
26543,
26575,
26683,
26805,
26818,
26841,
27038,
27331,
27334,
27575,
27599,
27629,
27633,
27635,
27723,
27753,
27859,
27891,
28000,
28456,
28465,
28513,
28520,
28529,
28635,
28653,
28717,
28761,
28778,
28781,
28786,
28791,
28792,
28793,
28820,
28827,
28845,
28875,
28945,
29011,
29025,
29635,
29730,
29761,
29803,
29804,
29831,
29870,
29880,
29883,
29888,
29894,
29897,
29905,
29923,
29933,
29945,
29974,
29979,
29997,
30045,
30047,
30051,
30052,
30187,
30247,
30315,
30691,
30817,
30834,
30977,
31066,
31085,
31090,
31097,
31099,
31191,
31229,
31325,
31379,
31410,
31467,
31471,
31474,
31527,
31537,
31597,
31706,
31725,
31888,
31895,
32019,
32083,
32124,
32168,
32205,
32210,
32225,
32229,
32232,
32239,
32268,
32289,
32293,
32295,
32296,
32346,
32466,
32468,
32532,
32534,
32569,
32593,
32607,
32643,
32657,
32709,
32841,
33004,
33091,
33094,
33171,
33199,
33357,
33377,
33381,
33391,
33431,
33445,
33504,
33539,
33577,
33603,
33622,
33626,
33693,
33711,
33779,
33813,
33820,
33822,
33824,
33837,
33969,
34099,
34117,
34204,
34285,
34290,
34316,
34323,
34338,
34345,
34351,
34387,
34395,
34402,
34441,
34478,
34494,
34513,
34569,
34583,
34605,
34653,
34655,
34660,
34665,
34707,
34708,
34755,
34771,
34778,
34781,
34802,
34827,
34845,
34889,
34892,
34896,
34908,
34974,
35011,
35014,
35029,
35222,
35314,
35353,
35356,
35360,
35362,
35398,
35420,
35437,
35439,
35442,
35484,
35503,
35592,
35642,
35655,
35735,
35737,
35770,
35836,
35838,
35895,
35943,
35946,
35947,
35954,
35977,
35982,
35993,
36007,
36013,
36018,
36054,
36073,
36166,
36185,
36374,
36377,
36441,
36448,
36452,
36457,
36538,
36568,
36574,
36575,
36576,
36579,
36707,
36708,
36833,
36839,
36853,
37047,
37145,
37170,
37201,
37205,
37208,
37209,
37299,
37433,
37522,
37654,
37673,
37710,
37721,
37722,
37797,
37843,
37883,
37887,
37890,
37946,
38049,
38068,
38143,
38262,
38281,
38298,
38299,
38319,
38323,
38364,
38369,
38425,
38453,
38517,
38586,
38650,
38677,
38734,
38797,
38820,
38835,
38874,
38875,
38889,
38921,
38938,
38939,
38947,
38953,
38954,
38955,
38974,
38998,
39002,
39018,
39038,
39041,
39053,
39063,
39208,
39238,
39252,
39302,
39305,
39308,
39309,
39451,
39473,
39556,
39605,
39651,
39797,
39854,
39862,
39897,
39916,
40064,
40125,
40126,
40152,
40171,
40180,
40189,
40190,
40224,
40230,
40243,
40347,
40353,
40369,
40374,
40377,
40476,
40478,
40541,
40556,
40567,
40618,
40623,
40631,
40709,
40813,
40823,
40841,
40903,
40905,
40906,
40918,
40921,
40927,
40946,
40949,
40959,
40969,
40984,
40988,
41005,
41238,
41267,
41274,
41288,
41342,
41344,
41345,
41356,
41410,
41442,
41448,
41458,
41512,
41524,
41563,
41682,
41870,
41878,
41914,
41993,
42034,
42085,
42086,
42087,
42088,
42115,
42149,
42150,
42154,
42160,
42161,
42179,
42180,
42214,
42221,
42226,
42277,
42278,
42288,
42289,
42291,
42341,
42342,
42352,
42359,
42386,
42406,
42416,
42474,
42480,
42483,
42498,
42504,
42505,
42519,
42521,
42547,
42561,
42562,
42579,
42585,
42606,
42610,
42620,
42621,
42626,
42631,
42649,
42656,
42695,
42717,
42720,
42726,
42741,
42748,
42790,
42800,
42803,
42850,
42853,
42854,
42864,
42877,
42878,
42912,
42917,
42918,
42928,
42931,
42962,
42981,
42982,
42992,
42993,
42994,
42999,
43009,
43026,
43040,
43045,
43056,
43063,
43080,
43120,
43122,
43167,
43185,
43197,
43201,
43254,
43262,
43302,
43329,
43353,
43388,
43418,
43473,
43474,
43627,
43694,
43744,
43762,
43841,
43864,
43900,
44040,
44050,
44097,
44286,
44322,
44346,
44570,
44680,
44699,
44781,
44809,
44874,
44920,
44940,
45256,
45323,
45437,
45438,
45489,
45502,
45703,
45747,
45773,
45785,
45811,
45833,
45854,
45873,
46107,
46142,
46192,
46195,
46257,
46899,
46927,
46929,
46961,
47067,
47163,
47240,
47361,
47394,
47434,
47722,
47905,
47991,
48049,
48050,
48123,
48241,
48254,
48307,
48359,
48361,
48371,
48819,
48859,
48871,
48940,
48994,
49015,
49016,
49022,
49054,
49056,
49075,
49079,
49137,
49161,
49190,
49194,
49202,
49229,
49292,
49316,
49378,
49582,
49646,
49649,
49713,
49826,
49837,
49859,
50014,
50016,
50046,
50053,
50065,
50099,
50108,
50111,
50116,
50122,
50139,
50163,
50166,
50167,
50171,
50172,
50176,
50185,
50225,
50228,
50230,
50235,
50249,
50267,
50294,
50422,
50539,
50603,
50670,
50675,
50771,
50801,
50838,
50899,
50991,
51017,
51081,
51104,
51161,
51191,
51198,
51199,
51204,
51209,
51213,
51251,
51252,
51268,
51273,
51276,
51284,
51285,
51301,
51308,
51313,
51318,
51328,
51340,
51346,
51417,
51474,
51485,
51569,
51627,
51671,
51696,
51761,
51779,
51804,
51822,
51823,
51825,
51861,
51889,
51916,
51923,
52010,
52051,
52064,
52077,
52079,
52222,
52249,
52314,
52338,
52339,
52343,
52354,
52361,
52365,
52389,
52401,
52402,
52413,
52531,
52562,
52626,
52681,
52781,
52808,
52892,
52909,
52910,
52913,
52955,
52960,
53007,
53008,
53010,
53165,
53167,
53171,
53267,
53315,
53360,
53361,
53385,
53416,
53449,
53452,
53465,
53466,
53477,
53489,
53605,
53635,
53674,
53683,
53705,
53741,
53753,
53781,
53782,
53802,
53809,
53846,
53874,
53891,
53906,
53937,
53943,
53997,
54034,
54057,
54070,
54074,
54079,
54090,
54112,
54125,
54127,
54152,
54258,
54259,
54310,
54319,
54346,
54368,
54446,
54449,
54463,
54513,
54537,
54601,
54610,
54632,
54762,
54771,
54810,
54826,
54829,
54833,
54870,
54944,
54955,
54961,
54962,
55142,
55146,
55174,
55231,
55235,
55244,
55321,
55334,
55365,
55391,
55408,
55490,
55526,
55628,
55655,
55665,
55697,
55817,
55850,
55859,
55881,
55889,
55914,
55983,
56019,
56045,
56108,
56112,
56259,
56268,
56301,
56309,
56326,
56335,
56343,
56344,
56365,
56374,
56416,
56436,
56443,
56457,
56479,
56521,
56550,
56554,
56569,
56599,
56636,
56637,
56689,
56794,
56836,
56878,
56913,
56914,
56942,
56977,
56978,
57009,
57041,
57076,
57077,
57095,
57171,
57182,
57225,
57289,
57295,
57300,
57325,
57327,
57342,
57353,
57362,
57376,
57426,
57452,
57556,
57578,
57609,
57683,
57726,
57858,
57924,
57937,
57962,
57984,
58001,
58052,
58056,
58099,
58177,
58195,
58204,
58208,
58226,
58285,
58314,
58349,
58377,
58393,
58413,
58415,
58423,
58453,
58517,
58541,
58599,
58627,
58628,
58650,
58675,
58687,
58716,
58747,
58946,
58947,
58996,
58997,
59011,
59012,
59022,
59032,
59050,
59081,
59092,
59119,
59191,
59210,
59245,
59322,
59346,
59358,
59373,
59390,
59401,
59403,
59422,
59439,
59447,
59450,
59459,
59481,
59509,
59541,
59565,
59568,
59600,
59605,
59609,
59632,
59652,
59716,
59724,
59779,
59814,
59844,
59859,
59878,
59889,
59944,
59954,
60020,
60066,
60080,
60116,
60143,
60144,
60186,
60187,
60194,
60207,
60210,
60243,
60258,
60259,
60341,
60362,
60379,
60435,
60454,
60478,
60555,
60594,
60657,
60678,
60693,
60785,
60797,
60849,
60867,
60874,
60966,
60978,
61003,
61011,
61037,
61040,
61041,
61042,
61053,
61059,
61105,
61111,
61145,
61171,
61233,
61361,
61397,
61490,
61553,
61573,
61657,
61721,
61835,
61899,
61971,
61984,
62001,
62027,
62036,
62041,
62057,
62199,
62514,
62698,
62867,
62899,
62903,
62931,
62957,
62962,
62989,
63051,
63092,
63245,
63325,
63917,
63923,
63947,
64083,
64090,
64111,
64116,
64244,
64426,
64564,
64639,
64823,
64843,
64877,
64881,
64917,
64946,
64993,
65046,
65204,
65438,
65578,
65606,
65690,
65723,
65726,
65780,
65783,
65790,
65844,
65933,
65939,
66218,
66345,
66402,
66432,
66526,
66573,
66642,
66706,
66714,
66725,
66740,
66743,
66764,
66773,
66789,
66802,
66962,
66972,
66991,
66993,
67050,
67175,
67304,
67315,
67372,
67386,
67475,
67505,
67647,
67651,
67657,
67718,
67733,
67749,
67754,
67779,
67793,
67813,
67858,
67951,
67979,
68115,
68159,
68273,
68362,
68390,
68402,
68440,
68512,
68668,
68675,
68684,
68748,
68758,
68812,
68822,
69043,
69055,
69066,
69156,
69175,
69258,
69265,
69387,
69536,
69564,
69600,
69609,
69635,
69657,
69665,
69779,
69804,
69840,
69930,
69937,
70002,
70079,
70122,
70179,
70186,
70224,
70225,
70258,
70371,
70381,
70430,
70432,
70449,
70524,
70534,
70588,
70595,
70624,
70631,
70642,
70652,
70666,
70702,
70736,
70764,
70767,
70800,
70832,
70995,
71023,
71058,
71083,
71138,
71153,
71165,
71183,
71219,
71270,
71274,
71303,
71338,
71402,
71466,
71525,
71612,
71663,
71668,
71673,
71727,
71765,
71791,
71819,
71857,
71885,
71916,
71922,
71945,
71964,
71983,
72028,
72080,
72102,
72105,
72179,
72227,
72241,
72242,
72286,
72362,
72387,
72420,
72425,
72426,
72428,
72480,
72547,
72552,
72585,
72597,
72687,
72689,
72704,
72747,
72794,
72916,
72980,
73036,
73054,
73117,
73138,
73221,
73266,
73313,
73329,
73355,
73378,
73380,
73393,
73454,
73455,
73475,
73482,
73510,
73512,
73517,
73539,
73578,
73585,
73603,
73611,
73612,
73640,
73649,
73674,
73711,
73779,
73790,
73796,
73802,
73845,
73884,
73885,
73888,
73906,
73958,
73967,
73988,
73995,
74004,
74005,
74008,
74016,
74030,
74036,
74065,
74080,
74116,
74163,
74173,
74179,
74181,
74189,
74236,
74290,
74328,
74392,
74401,
74415,
74416,
74435,
74436,
74480,
74482,
74538,
74547,
74593,
74600,
74609,
74621,
74658,
74662,
74698,
74756,
74786,
74845,
74848,
74881,
74899,
74916,
74942,
74950,
74967,
75080,
75114,
75160,
75178,
75212,
75224,
75249,
75260,
75269,
75289,
75340,
75368,
75378,
75380,
75383,
75422,
75468,
75486,
75505,
75508,
75532,
75543,
75550,
75627,
75652,
75718,
75720,
75735,
75743,
75760,
75917,
75981,
76091,
76096,
76202,
76215,
76217,
76220,
76238,
76318,
76382,
76403,
76656,
76710,
76786,
76795,
77106,
77150,
77160,
77235,
77320,
77364,
77456,
77465,
77491,
77509,
77694,
77811,
77887,
77939,
77983,
78009,
78132,
78194,
78259,
78487,
78501,
78514,
78720,
78841,
78855,
78862,
78906,
78911,
78919,
78964,
79054,
79127,
79144,
79267,
79693,
79694,
79805,
79807,
79838,
79920,
80311,
80628,
80671,
80677,
80681,
80864,
81110,
81393,
81431,
81522,
81576,
81630,
81669,
81680,
81768,
81868,
81936,
81971,
82097,
82372,
82404,
82501,
82510,
82545,
82569,
82590,
82671,
82801,
82828,
83027,
83198,
83242,
83247,
83301,
83432,
83442,
83470,
83700,
83826,
83873,
83939,
84010,
84098,
84172,
84217,
84293,
84300,
84340,
84361,
84382,
84417,
84520,
84607,
84656,
84780,
84853,
84881,
84896,
84963,
85004,
85017,
85059,
85353,
85359,
85363,
85399,
85423,
85452,
85492,
85520,
85590,
85664,
85688,
85708,
85715,
85743,
85751,
85752,
85800,
85848,
85891,
85936,
85939,
85990,
85992,
86021,
86057,
86083,
86205,
86210,
86255,
86378,
86388,
86416,
86496,
86497,
86584,
86604,
86611,
86642,
86716,
86738,
86761,
86771,
86822,
86909,
86953,
87038,
87220,
87227,
87246,
87300,
87316,
87372,
87425,
87428,
87448,
87499,
87526,
87566,
87567,
87598,
87601,
87669,
87724,
87802,
87861,
87867,
87876,
87958,
88052,
88079,
88139,
88143,
88168,
88202,
88205,
88207,
88225,
88269,
88271,
88304,
88334,
88341,
88376,
88398,
88435,
88563,
88690,
88818,
88822,
88936,
88973,
89011,
89099,
89280,
89502,
89523,
89530,
89573,
89587,
89650,
89912,
89918,
89950,
89970,
90033,
90059,
90097,
90099,
90111,
90361,
90405,
90546,
90680,
90686,
90721,
90782,
90788,
90801,
91442,
91537,
91554,
91648,
91865,
91910,
91916,
91966,
92069,
92094,
92332,
92339,
92407,
92446,
92458,
92633,
92934,
92940,
93338,
93489,
93536,
93665,
93708,
93725,
93745,
93850,
93970,
94194,
94247,
94433,
94493,
94515,
94540,
94557,
94962,
95002,
95030,
95164,
95181,
95184,
95257,
95271,
95329,
95528,
95671,
95815,
95817,
95863,
96015,
96033,
96099,
96179,
96196,
96204,
96220,
96241,
96242,
96247,
96254,
96283,
96295,
96311,
96338,
96366,
96380,
96383,
96415,
96421,
96453,
96544,
96616,
96719,
96763,
96827,
96834,
96883,
96897,
96926,
96951,
96982,
96992,
97011,
97015,
97034,
97035,
97067,
97139,
97250,
97281,
97313,
97419,
97460,
97461,
97481,
97492,
97523,
97527,
97570,
97590,
97605,
97640,
97648,
97660,
97686,
97716,
97724,
97767,
97776,
97916,
97949,
97986,
98110,
98117,
98135,
98163,
98199,
98216,
98223,
98240,
98250,
98251,
98252,
98272,
