32,
97,
156,
161,
187,
246,
279,
283,
305,
342,
364,
368,
373,
438,
497,
504,
722,
746,
751,
781,
810,
836,
840,
873,
899,
910,
932,
954,
991,
1094,
1282,
4798,
13949,
14111,
14664,
15595,
16906,
17837,
20197,
21297,
21374,
21410,
21423,
21437,
21438,
21474,
21505,
21543,
21581,
21607,
21639,
21684,
21719,
21721,
21913,
21937,
21984,
21992,
22041,
22104,
22118,
22145,
22178,
22192,
22194,
22196,
22258,
22269,
22312,
22386,
22408,
22524,
22722,
22930,
22994,
24385,
27635,
28717,
28781,
29933,
29997,
30051,
30977,
31097,
32083,
32225,
32232,
33622,
34583,
35014,
35420,
35982,
38939,
39002,
39038,
39308,
39309,
39451,
39651,
39854,
40906,
41342,
42149,
42150,
42214,
42288,
42352,
42416,
42585,
42621,
42626,
42631,
42790,
42803,
42864,
42928,
42992,
43045,
43120,
43474,
43744,
44040,
45256,
45703,
47361,
47991,
49022,
49079,
49137,
49292,
50163,
50172,
50225,
50228,
50230,
51081,
51161,
51204,
51213,
51251,
51301,
51313,
51328,
51569,
51825,
52389,
52626,
52910,
53165,
53171,
53267,
53416,
53477,
53489,
53683,
53782,
53891,
53943,
53997,
54632,
54762,
55235,
55665,
56479,
56878,
57182,
57295,
57325,
57327,
57342,
57924,
58285,
58377,
58517,
58541,
58599,
58687,
59568,
59605,
59716,
59889,
59954,
60080,
60144,
60207,
60259,
60555,
61037,
61041,
61042,
61105,
61553,
61899,
61971,
62899,
63051,
63092,
63917,
64244,
65726,
65783,
65844,
66402,
66642,
66725,
66773,
66789,
67779,
67979,
68512,
68668,
68812,
69600,
69657,
69779,
70186,
70225,
70430,
70534,
70588,
70652,
70764,
70767,
71023,
71153,
71219,
71270,
71402,
71466,
71819,
71916,
72102,
72387,
72425,
72585,
72687,
72747,
73355,
73380,
73393,
73585,
73603,
73779,
73802,
73906,
73995,
74401,
74435,
74600,
74916,
75468,
75505,
75508,
75532,
75760,
75917,
76215,
76382,
77106,
77235,
77811,
77887,
78855,
78862,
78964,
79144,
80311,
81393,
81576,
81680,
82510,
82545,
82801,
83027,
83301,
83442,
83700,
83873,
84172,
84293,
84382,
85004,
85059,
85363,
85423,
85452,
85751,
86255,
86388,
86909,
86953,
87220,
87372,
87428,
87861,
88052,
88202,
88207,
88269,
89011,
89650,
90033,
92940,
93665,
93725,
93745,
93970,
94194,
94433,
94557,
95164,
95671,
95815,
95863,
96241,
96295,
96338,
96380,
97015,
97481,
97686,
98110,
98163,
