19,
38,
73,
97,
102,
128,
132,
156,
161,
166,
187,
191,
196,
215,
220,
224,
225,
246,
250,
279,
283,
305,
309,
310,
314,
338,
342,
343,
364,
368,
373,
379,
380,
394,
401,
423,
438,
456,
457,
460,
497,
504,
574,
609,
615,
663,
692,
722,
746,
751,
777,
781,
794,
810,
811,
814,
836,
840,
858,
869,
873,
895,
899,
910,
918,
928,
932,
933,
936,
954,
981,
989,
991,
1002,
1094,
1282,
1308,
1341,
1367,
1404,
1430,
1489,
1699,
1843,
1872,
1898,
1902,
1931,
1957,
1961,
2016,
2020,
2112,
2403,
3282,
3572,
3631,
3909,
4208,
4739,
5283,
5807,
8370,
8462,
11537,
12728,
12787,
13726,
13785,
13949,
14021,
14111,
14170,
14474,
14664,
14915,
15595,
15785,
16716,
16906,
17837,
18027,
18569,
19076,
19095,
19135,
19154,
20151,
20192,
20197,
20256,
20275,
20334,
21265,
21272,
21336,
21337,
21346,
21359,
21372,
21374,
21397,
21401,
21403,
21410,
21416,
21423,
21437,
21438,
21474,
21478,
21479,
21480,
21488,
21501,
21502,
21506,
21537,
21538,
21542,
21543,
21544,
21545,
21552,
21565,
21570,
21576,
21577,
21581,
21607,
21608,
21618,
21620,
21629,
21639,
21641,
21657,
21671,
21672,
21678,
21680,
21682,
21684,
21693,
21703,
21714,
21715,
21719,
21721,
21735,
21744,
21774,
21778,
21842,
21849,
21858,
21913,
21928,
21937,
21955,
21959,
21977,
21984,
21986,
21990,
22017,
22023,
22024,
22039,
22041,
22048,
22050,
22051,
22054,
22076,
22081,
22082,
22104,
22111,
22114,
22115,
22118,
22130,
22132,
22140,
22145,
22178,
22182,
22184,
22192,
22194,
22196,
22202,
22205,
22209,
22210,
22217,
22227,
22242,
22246,
22247,
22248,
22256,
22258,
22269,
22273,
22281,
22291,
22306,
22309,
22311,
22312,
22314,
22320,
22322,
22332,
22373,
22375,
22376,
22386,
22408,
22443,
22450,
22488,
22524,
22589,
22653,
22658,
22717,
22722,
22791,
22832,
22855,
22866,
22930,
22994,
23016,
23072,
23080,
23107,
23136,
23191,
23200,
23202,
23228,
23256,
23264,
23270,
23297,
23320,
23361,
23421,
23442,
24288,
24321,
25443,
25486,
26300,
26477,
26575,
26841,
27565,
27629,
27635,
27693,
27757,
27859,
28653,
28717,
28732,
28781,
28820,
28845,
29730,
29761,
29803,
29869,
29880,
29881,
29883,
29894,
29933,
29944,
29997,
30004,
30375,
30913,
30977,
31041,
31085,
31097,
31144,
31165,
31229,
31474,
32083,
32219,
32225,
32229,
32232,
32268,
32293,
32296,
32470,
32534,
32710,
33171,
33235,
33357,
33381,
33421,
33622,
34290,
34323,
34338,
34402,
34439,
34475,
34503,
34583,
34596,
34727,
34755,
34781,
34791,
34827,
35014,
35038,
35222,
35267,
35359,
35420,
35442,
35444,
35484,
35503,
35655,
35735,
35913,
35918,
35943,
35954,
35976,
35982,
36007,
36041,
36075,
36166,
36190,
36192,
36230,
36374,
36515,
36585,
36649,
36839,
37145,
37198,
37318,
37786,
37846,
37850,
37887,
38070,
38150,
38156,
38220,
38299,
38614,
38702,
38797,
38895,
38938,
38939,
38974,
38975,
39002,
39003,
39038,
39305,
39308,
39372,
39451,
39651,
39766,
39791,
39893,
40107,
40166,
40171,
40230,
40347,
40372,
40436,
40492,
40524,
40803,
40885,
40906,
41341,
41342,
41460,
41505,
41512,
42057,
42085,
42086,
42088,
42148,
42149,
42150,
42151,
42152,
42212,
42213,
42214,
42224,
42226,
42227,
42238,
42277,
42278,
42285,
42288,
42291,
42342,
42352,
42406,
42416,
42441,
42480,
42497,
42498,
42505,
42519,
42521,
42544,
42547,
42561,
42562,
42567,
42585,
42605,
42621,
42626,
42631,
42649,
42662,
42713,
42726,
42739,
42790,
42800,
42803,
42854,
42864,
42917,
42918,
42928,
42930,
42962,
42981,
42982,
42992,
42994,
43040,
43045,
43056,
43104,
43109,
43112,
43120,
43173,
43302,
43345,
43474,
43538,
43592,
43602,
43756,
43965,
44016,
44040,
44050,
44809,
44980,
45256,
45281,
46461,
46809,
46961,
47361,
47857,
47899,
47927,
47987,
47991,
48045,
48051,
48141,
48228,
48537,
48617,
48871,
48987,
49015,
49022,
49033,
49072,
49079,
49086,
49136,
49137,
49140,
49161,
49316,
49449,
49993,
50047,
50052,
50099,
50103,
50108,
50110,
50116,
50144,
50149,
50163,
50164,
50167,
50171,
50172,
50180,
50196,
50212,
50213,
50225,
50228,
50230,
50235,
50276,
50294,
50386,
50603,
50606,
50667,
50670,
50801,
50899,
51017,
51081,
51097,
51140,
51161,
51187,
51191,
51198,
51204,
51236,
51237,
51251,
51264,
51268,
51277,
51284,
51301,
51313,
51316,
51328,
51365,
51474,
51538,
51744,
51825,
52077,
52179,
52279,
52301,
52338,
52343,
52354,
52389,
52418,
52453,
52466,
52562,
52626,
52630,
52693,
52694,
52758,
52781,
52785,
52803,
52805,
52846,
52867,
52869,
52892,
52909,
52910,
52913,
53007,
53171,
53203,
53234,
53250,
53257,
53267,
53296,
53442,
53466,
53477,
53489,
53605,
53650,
53674,
53683,
53741,
53778,
53782,
53792,
53846,
53856,
53869,
53891,
53892,
53933,
53943,
53955,
53956,
54031,
54125,
54179,
54258,
54259,
54346,
54568,
54659,
54667,
54762,
54771,
54826,
54832,
54857,
55166,
55199,
55213,
55230,
55235,
55263,
55299,
55391,
55665,
55825,
55856,
55889,
55914,
55986,
56207,
56291,
56301,
56379,
56479,
56510,
56614,
56617,
56638,
56689,
56878,
56913,
56942,
56977,
57041,
57107,
57133,
57171,
57200,
57289,
57295,
57301,
57325,
57327,
57406,
57453,
57503,
57578,
57626,
57662,
57726,
57924,
57962,
58072,
58164,
58195,
58221,
58413,
58415,
58421,
58453,
58477,
58479,
58508,
58517,
58541,
58599,
58628,
58668,
58675,
58686,
58687,
58714,
58751,
58790,
58992,
59056,
59119,
59245,
59283,
59309,
59373,
59434,
59503,
59509,
59561,
59568,
59696,
59716,
59750,
59763,
59774,
59814,
59889,
59941,
59944,
59954,
60001,
60002,
60008,
60065,
60066,
60080,
60084,
60108,
60131,
60144,
60208,
60243,
60307,
60379,
60443,
60555,
60581,
60594,
60619,
60645,
60659,
60734,
60773,
60966,
61040,
61041,
61042,
61105,
61145,
61168,
61171,
61209,
61233,
61273,
61285,
61462,
61477,
61554,
61617,
61835,
61899,
61963,
61971,
61989,
62001,
62002,
62027,
62091,
62132,
62297,
62867,
62903,
62931,
62957,
63021,
63053,
63092,
63819,
63917,
63923,
63981,
64017,
64116,
64766,
64823,
64877,
64884,
65566,
65662,
65726,
65780,
65783,
65790,
65837,
65844,
65847,
66338,
66346,
66402,
66432,
66676,
66725,
66740,
66743,
66789,
66807,
66899,
67280,
67503,
67505,
67552,
67616,
67651,
67685,
67703,
67737,
67749,
67813,
67859,
68240,
68512,
68540,
68576,
68604,
68611,
68620,
68640,
68668,
68675,
68684,
68697,
68732,
68748,
68819,
68886,
69034,
69043,
69098,
69167,
69199,
69200,
69226,
69233,
69264,
69472,
69481,
69545,
69546,
69564,
69600,
69609,
69628,
69657,
69672,
69692,
69807,
69835,
69836,
69848,
70125,
70186,
70224,
70246,
70321,
70366,
70378,
70432,
70442,
70460,
70470,
70505,
70506,
70524,
70531,
70534,
70553,
70569,
70588,
70617,
70632,
70642,
70652,
70731,
70767,
70795,
70800,
70864,
70981,
71151,
71338,
71401,
71402,
71464,
71465,
71466,
71484,
71525,
71562,
71563,
71592,
71727,
71755,
71791,
71818,
71819,
71821,
71916,
71919,
71988,
72062,
72094,
72098,
72109,
72116,
72166,
72241,
72247,
72361,
72362,
72369,
72387,
72426,
72433,
72454,
72480,
72515,
72552,
72579,
72585,
72687,
72689,
72704,
72744,
72751,
72852,
72916,
72980,
72996,
73012,
73054,
73068,
73069,
73071,
73099,
73163,
73203,
73243,
73329,
73355,
73380,
73393,
73411,
73475,
73512,
73539,
73585,
73603,
73611,
73612,
73632,
73647,
73649,
73651,
73676,
73702,
73711,
73715,
73738,
73740,
73779,
73802,
73836,
73906,
73947,
73961,
73968,
73995,
74014,
74045,
74094,
74095,
74163,
74179,
74189,
74337,
74344,
74371,
74400,
74401,
74435,
74465,
74499,
74506,
74536,
74547,
74593,
74600,
74609,
74650,
74662,
74666,
74756,
74866,
74868,
74884,
74916,
74918,
74956,
75021,
75085,
75121,
75148,
75185,
75187,
75200,
75212,
75259,
75260,
75276,
75340,
75358,
75404,
75422,
75443,
75468,
75486,
75508,
75515,
75532,
75543,
75550,
75614,
75632,
75696,
75697,
75760,
75761,
75824,
75878,
75917,
76017,
76096,
76156,
76215,
76254,
76318,
76339,
76343,
76364,
76404,
76593,
76720,
77047,
77106,
77235,
77456,
77875,
77939,
78195,
78259,
78324,
78388,
78798,
78847,
78862,
78888,
78911,
78926,
78964,
78990,
79054,
79118,
79488,
79743,
79758,
79781,
79807,
79860,
79886,
79950,
80040,
80116,
80375,
80580,
80677,
80816,
80936,
81207,
81448,
81457,
81509,
81512,
81567,
81573,
81576,
81605,
81680,
81768,
81832,
81868,
81905,
81925,
81936,
82133,
82316,
82349,
82405,
82501,
82526,
82545,
82565,
82665,
82671,
82737,
82801,
82804,
82977,
83027,
83029,
83212,
83301,
83365,
83442,
83506,
83567,
83596,
83624,
83625,
83660,
83700,
83761,
83873,
83895,
83923,
83959,
84108,
84318,
84338,
84355,
84382,
84463,
84492,
84566,
84596,
84741,
84791,
84809,
84855,
84915,
84995,
85004,
85068,
85183,
85251,
85278,
85295,
85359,
85363,
85378,
85423,
85428,
85442,
85452,
85492,
85520,
85577,
85665,
85683,
85708,
85731,
85743,
85751,
85795,
85807,
85859,
85923,
86013,
86021,
86057,
86121,
86185,
86249,
86255,
86274,
86286,
86313,
86319,
86350,
86387,
86451,
86476,
86514,
86578,
86819,
86845,
86909,
86953,
86973,
87037,
87101,
87145,
87151,
87155,
87165,
87236,
87246,
87310,
87364,
87425,
87428,
87436,
87448,
87499,
87509,
87537,
87566,
87601,
87669,
87678,
87802,
87804,
87868,
88029,
88052,
88271,
88304,
88331,
88333,
88334,
88338,
88398,
88430,
88435,
88490,
88499,
88690,
88805,
88818,
88884,
88971,
89011,
89136,
89140,
89267,
89275,
89279,
89459,
89466,
89523,
89573,
89587,
89650,
89714,
89854,
89869,
89995,
90033,
90059,
90097,
90099,
90111,
90123,
90225,
90355,
90405,
90482,
90546,
90548,
90610,
90612,
90931,
90944,
91014,
91684,
91782,
91801,
91877,
91913,
91966,
91977,
92041,
92061,
92175,
92339,
92364,
92454,
92506,
92745,
92809,
92893,
92946,
93010,
93017,
93362,
93489,
93529,
93553,
93577,
93662,
93665,
93681,
93725,
93745,
93799,
93809,
93870,
94001,
94066,
94130,
94194,
94290,
94497,
94557,
94839,
94903,
94962,
95002,
95079,
95088,
95114,
95228,
95271,
95329,
95399,
95409,
95475,
95484,
95527,
95562,
95656,
95667,
95671,
95730,
95735,
95784,
95794,
95799,
95863,
95920,
95946,
95951,
96076,
96140,
96161,
96241,
96252,
96338,
96383,
96446,
96466,
96647,
96800,
96819,
96854,
96918,
96993,
97011,
97015,
97075,
97170,
97234,
97278,
97298,
97320,
97342,
97362,
97363,
97419,
97440,
97460,
97461,
97481,
97596,
97605,
97622,
97660,
97724,
97762,
97767,
97825,
97852,
97895,
97959,
97980,
97982,
98044,
98111,
98152,
98175,
98240,
98280,
