19,
32,
73,
97,
128,
132,
137,
144,
156,
161,
165,
187,
188,
194,
220,
221,
224,
225,
246,
250,
251,
279,
283,
305,
309,
314,
338,
342,
343,
364,
368,
373,
380,
396,
397,
401,
438,
445,
457,
461,
491,
497,
504,
569,
574,
578,
609,
615,
628,
663,
692,
722,
723,
746,
750,
751,
756,
781,
800,
809,
810,
811,
814,
836,
840,
863,
864,
869,
873,
877,
899,
910,
928,
932,
936,
941,
954,
959,
977,
981,
988,
989,
991,
1002,
1024,
1028,
1094,
1101,
1282,
1308,
1341,
1367,
1404,
1430,
1437,
1489,
1730,
1839,
1957,
2016,
2020,
2407,
3631,
4162,
4798,
5388,
5807,
8357,
11537,
11707,
13082,
13949,
14111,
14664,
15595,
16716,
16906,
17837,
18027,
18451,
18569,
18573,
19055,
19089,
19572,
19915,
20123,
20144,
20176,
20177,
20192,
20197,
20216,
20257,
20269,
21297,
21303,
21328,
21344,
21359,
21374,
21401,
21403,
21410,
21416,
21423,
21424,
21437,
21438,
21474,
21480,
21488,
21501,
21502,
21505,
21517,
21543,
21564,
21570,
21577,
21581,
21607,
21618,
21639,
21649,
21655,
21671,
21680,
21684,
21703,
21719,
21721,
21735,
21778,
21811,
21831,
21842,
21862,
21874,
21911,
21913,
21928,
21937,
21939,
21984,
21986,
21992,
21996,
22024,
22039,
22041,
22050,
22054,
22076,
22082,
22087,
22104,
22111,
22118,
22130,
22145,
22178,
22182,
22192,
22194,
22196,
22233,
22242,
22246,
22248,
22256,
22258,
22269,
22270,
22281,
22291,
22309,
22312,
22314,
22320,
22322,
22332,
22376,
22386,
22408,
22422,
22443,
22488,
22524,
22722,
22866,
22930,
22994,
23072,
23107,
23200,
24366,
24385,
25244,
25443,
25985,
26396,
26477,
26543,
26575,
26805,
27038,
27575,
27629,
27633,
27635,
27723,
27859,
28465,
28717,
28781,
28827,
28845,
28875,
29730,
29803,
29804,
29870,
29880,
29888,
29894,
29897,
29933,
29945,
29974,
29979,
29997,
30045,
30051,
30247,
30315,
30977,
31066,
31085,
31097,
31099,
31191,
31229,
31474,
31537,
32083,
32225,
32229,
32232,
32289,
32296,
32534,
33357,
33381,
33391,
33504,
33539,
33603,
33622,
33693,
33820,
34338,
34387,
34402,
34583,
34605,
34653,
34655,
34707,
35014,
35420,
35437,
35442,
35484,
35503,
35655,
35735,
35737,
35943,
35946,
35954,
35982,
36007,
36013,
36018,
36054,
36166,
36377,
36441,
36448,
36568,
36833,
36839,
37145,
37208,
37522,
37673,
37721,
37722,
37843,
37887,
38299,
38364,
38517,
38677,
38734,
38797,
38875,
38889,
38938,
38939,
38947,
38974,
39002,
39018,
39038,
39041,
39053,
39238,
39305,
39308,
39309,
39451,
39556,
39605,
39651,
39854,
39916,
40064,
40171,
40189,
40190,
40230,
40243,
40377,
40476,
40556,
40623,
40631,
40841,
40906,
40959,
40984,
40988,
41005,
41267,
41342,
41410,
41448,
41458,
41878,
42085,
42086,
42088,
42149,
42150,
42179,
42214,
42221,
42226,
42277,
42278,
42288,
42291,
42342,
42352,
42416,
42498,
42505,
42519,
42521,
42547,
42561,
42579,
42585,
42610,
42620,
42621,
42626,
42631,
42649,
42695,
42720,
42726,
42790,
42800,
42803,
42854,
42864,
42877,
42912,
42917,
42928,
42962,
42982,
42992,
42993,
42994,
43009,
43026,
43045,
43056,
43120,
43185,
43262,
43302,
43388,
43473,
43474,
43694,
43744,
43864,
44040,
44680,
44940,
45256,
45437,
45489,
45502,
45703,
45833,
46192,
46195,
46257,
46961,
47067,
47361,
47905,
47991,
48049,
48050,
48359,
48871,
48994,
49016,
49022,
49054,
49075,
49079,
49137,
49292,
49316,
49582,
50108,
50111,
50116,
50122,
50163,
50167,
50172,
50185,
50225,
50228,
50230,
50235,
50267,
50294,
50603,
50670,
50771,
50801,
50838,
50899,
51017,
51081,
51104,
51161,
51198,
51204,
51213,
51251,
51301,
51313,
51328,
51417,
51474,
51569,
51761,
51823,
51825,
51889,
52222,
52249,
52314,
52338,
52354,
52361,
52389,
52402,
52562,
52626,
52808,
52892,
52909,
52910,
52913,
52960,
53010,
53165,
53167,
53171,
53267,
53315,
53360,
53416,
53449,
53452,
53465,
53466,
53477,
53489,
53605,
53635,
53674,
53683,
53705,
53741,
53781,
53782,
53809,
53874,
53891,
53906,
53937,
53943,
53997,
54070,
54125,
54152,
54258,
54259,
54310,
54319,
54346,
54368,
54537,
54632,
54762,
54771,
54810,
54826,
54833,
54944,
54962,
55146,
55231,
55235,
55244,
55321,
55334,
55408,
55665,
55881,
56045,
56259,
56301,
56344,
56374,
56443,
56479,
56599,
56689,
56836,
56878,
56913,
56942,
56977,
57009,
57041,
57095,
57182,
57289,
57295,
57300,
57325,
57327,
57342,
57556,
57578,
57683,
57858,
57924,
57984,
58195,
58204,
58208,
58285,
58377,
58413,
58415,
58453,
58517,
58541,
58599,
58627,
58628,
58650,
58687,
58997,
59032,
59081,
59191,
59373,
59390,
59422,
59459,
59481,
59568,
59605,
59716,
59779,
59814,
59859,
59878,
59889,
59944,
59954,
60020,
60066,
60080,
60116,
60144,
60186,
60187,
60207,
60259,
60379,
60435,
60555,
60594,
60867,
61003,
61011,
61037,
61040,
61041,
61042,
61105,
61171,
61361,
61490,
61553,
61899,
61971,
62001,
62027,
62036,
62899,
62903,
62931,
62957,
62962,
62989,
63051,
63092,
63325,
63917,
64116,
64244,
64426,
64881,
64946,
64993,
65046,
65726,
65780,
65783,
65790,
65844,
65939,
66402,
66432,
66526,
66642,
66714,
66725,
66740,
66743,
66773,
66789,
66991,
67505,
67651,
67657,
67718,
67749,
67779,
67793,
67858,
67979,
68512,
68668,
68684,
68812,
69043,
69055,
69156,
69175,
69387,
69600,
69609,
69657,
69779,
69930,
70122,
70186,
70224,
70225,
70258,
70430,
70432,
70524,
70534,
70588,
70595,
70624,
70631,
70652,
70666,
70702,
70764,
70767,
70800,
70832,
70995,
71023,
71083,
71153,
71219,
71270,
71338,
71402,
71466,
71525,
71612,
71727,
71791,
71819,
71857,
71916,
71922,
72080,
72102,
72227,
72241,
72387,
72425,
72426,
72552,
72585,
72597,
72687,
72689,
72704,
72747,
72794,
72916,
73054,
73221,
73266,
73355,
73380,
73393,
73455,
73475,
73482,
73512,
73539,
73585,
73603,
73611,
73711,
73779,
73796,
73802,
73845,
73885,
73888,
73906,
73958,
73967,
73995,
74030,
74036,
74080,
74163,
74189,
74290,
74392,
74401,
74435,
74436,
74482,
74538,
74593,
74600,
74609,
74662,
74756,
74845,
74899,
74916,
75160,
75178,
75212,
75260,
75368,
75383,
75422,
75468,
75486,
75505,
75508,
75532,
75543,
75627,
75720,
75743,
75760,
75917,
76215,
76217,
76238,
76382,
77106,
77150,
77235,
77364,
77811,
77887,
78259,
78855,
78862,
78911,
78919,
78964,
79054,
79144,
79694,
79920,
80311,
80671,
80677,
81393,
81522,
81576,
81630,
81680,
81768,
81868,
82372,
82501,
82510,
82545,
82569,
82671,
82801,
83027,
83301,
83442,
83700,
83873,
84172,
84293,
84300,
84382,
84417,
84520,
84656,
84896,
84963,
85004,
85059,
85359,
85363,
85423,
85452,
85520,
85590,
85664,
85743,
85751,
85752,
85800,
85936,
85939,
85990,
86021,
86057,
86083,
86205,
86255,
86378,
86388,
86497,
86584,
86909,
86953,
87220,
87372,
87428,
87499,
87601,
87669,
87802,
87861,
88052,
88139,
88143,
88202,
88207,
88269,
88304,
88334,
88376,
88398,
88563,
88818,
89011,
89502,
89523,
89573,
89650,
89918,
90033,
90059,
90097,
90099,
90111,
90405,
90546,
90686,
90782,
90801,
91648,
91910,
92339,
92458,
92633,
92940,
93536,
93665,
93708,
93725,
93745,
93970,
94194,
94433,
94515,
94557,
94962,
95002,
95030,
95164,
95184,
95671,
95815,
95863,
96015,
96033,
96204,
96241,
96242,
96247,
96295,
96338,
96366,
96380,
96383,
96415,
96421,
96827,
96834,
96883,
97015,
97034,
97139,
97281,
97460,
97461,
97481,
97527,
97570,
97605,
97640,
97648,
97660,
97686,
97724,
97767,
98110,
98135,
98163,
98216,
98240,
98250,
98251,
98272,
