19,
32,
97,
128,
132,
156,
161,
187,
246,
279,
283,
305,
309,
338,
342,
364,
368,
373,
401,
438,
457,
497,
504,
556,
609,
663,
722,
746,
751,
781,
810,
814,
836,
840,
869,
873,
877,
899,
910,
932,
954,
989,
991,
1094,
1282,
1308,
1341,
2020,
4208,
4798,
5283,
8311,
13949,
14111,
14170,
14664,
15595,
16036,
16906,
17837,
18422,
18569,
20197,
20269,
21265,
21297,
21374,
21410,
21423,
21437,
21438,
21474,
21480,
21505,
21543,
21552,
21581,
21607,
21618,
21639,
21684,
21719,
21721,
21874,
21913,
21937,
21955,
21984,
21992,
22024,
22039,
22041,
22050,
22051,
22076,
22104,
22111,
22118,
22145,
22178,
22192,
22194,
22196,
22258,
22269,
22312,
22320,
22376,
22386,
22408,
22524,
22722,
22866,
22930,
22994,
23200,
24366,
24385,
25443,
26477,
27635,
28717,
28781,
29804,
29880,
29933,
29997,
30051,
30977,
31097,
31191,
32083,
32225,
32232,
33381,
33622,
34387,
34513,
34583,
35014,
35420,
35484,
35591,
35954,
35982,
36007,
36166,
37145,
37887,
38299,
38580,
38614,
38677,
38702,
38889,
38939,
39002,
39038,
39308,
39309,
39451,
39605,
39651,
39854,
40906,
41342,
42085,
42149,
42150,
42214,
42227,
42278,
42288,
42352,
42416,
42519,
42547,
42561,
42585,
42621,
42626,
42631,
42649,
42790,
42803,
42854,
42864,
42928,
42931,
42962,
42982,
42992,
43045,
43120,
43474,
43744,
44040,
44680,
45256,
45373,
45703,
47361,
47991,
48050,
49022,
49079,
49137,
49292,
49316,
49582,
50111,
50163,
50167,
50172,
50225,
50228,
50230,
50235,
50801,
51081,
51104,
51140,
51161,
51204,
51213,
51251,
51301,
51313,
51328,
51417,
51569,
51825,
52338,
52389,
52562,
52626,
52910,
53165,
53171,
53267,
53385,
53416,
53477,
53489,
53683,
53705,
53782,
53869,
53891,
53937,
53943,
53997,
54031,
54112,
54125,
54632,
54762,
54810,
54962,
55235,
55267,
55665,
56479,
56878,
57009,
57041,
57182,
57289,
57295,
57325,
57327,
57342,
57578,
57924,
58195,
58285,
58377,
58517,
58541,
58599,
58687,
58697,
59503,
59568,
59605,
59716,
59814,
59889,
59944,
59954,
60002,
60080,
60144,
60187,
60207,
60259,
60555,
60594,
61011,
61037,
61041,
61042,
61105,
61553,
61899,
61971,
62001,
62027,
62899,
63051,
63092,
63917,
64244,
65726,
65780,
65783,
65790,
65844,
66402,
66432,
66642,
66667,
66725,
66773,
66789,
66937,
67505,
67779,
67858,
67979,
68512,
68668,
68684,
68812,
69167,
69600,
69657,
69779,
70186,
70225,
70430,
70505,
70524,
70534,
70588,
70595,
70652,
70764,
70767,
70800,
70832,
71023,
71153,
71219,
71270,
71402,
71466,
71727,
71819,
71916,
72098,
72102,
72320,
72387,
72425,
72480,
72552,
72585,
72687,
72704,
72747,
72916,
73151,
73355,
73380,
73393,
73585,
73603,
73611,
73779,
73802,
73906,
73965,
73995,
74200,
74401,
74435,
74436,
74481,
74482,
74600,
74609,
74756,
74899,
74916,
75021,
75114,
75422,
75468,
75505,
75508,
75532,
75543,
75760,
75824,
75917,
76110,
76215,
76382,
77106,
77113,
77224,
77235,
77300,
77691,
77811,
77887,
78855,
78862,
78964,
79144,
80311,
81393,
81576,
81630,
81680,
81969,
82510,
82545,
82728,
82801,
83027,
83301,
83442,
83700,
83873,
84172,
84293,
84334,
84382,
84787,
85004,
85059,
85363,
85423,
85452,
85751,
85850,
86083,
86185,
86255,
86388,
86560,
86909,
86953,
87220,
87372,
87428,
87802,
87861,
88052,
88202,
88207,
88269,
88334,
89011,
89523,
89650,
89918,
90033,
90097,
90290,
92633,
92940,
93665,
93725,
93745,
93970,
94194,
94433,
94557,
94962,
95002,
95164,
95671,
95815,
95861,
95863,
96241,
96295,
96338,
96380,
96763,
96883,
97015,
97034,
97363,
97481,
97686,
97975,
98044,
98046,
98110,
98163,
98240,
