7,
10,
19,
20,
20,
52,
57,
97,
113,
117,
137,
161,
175,
176,
178,
202,
220,
225,
226,
228,
285,
343,
349,
351,
352,
354,
401,
412,
421,
426,
508,
529,
541,
546,
586,
588,
605,
610,
622,
669,
708,
746,
751,
756,
760,
766,
782,
805,
810,
810,
814,
840,
841,
866,
873,
881,
883,
915,
921,
928,
942,
991,
1028,
1042,
1062,
1062,
1062,
1100,
1119,
1119,
1119,
1119,
1143,
1168,
1206,
1206,
1218,
1218,
1249,
1285,
1286,
1296,
1297,
1298,
1308,
1309,
1312,
1313,
1319,
1362,
1405,
1490,
1490,
1571,
1576,
1592,
1651,
1690,
1709,
1709,
1719,
1765,
1768,
1784,
1962,
1962,
1996,
2008,
2026,
2026,
2073,
2182,
2182,
2215,
2221,
2313,
2313,
2326,
2342,
2370,
2387,
2387,
2387,
2419,
2419,
2449,
2482,
2500,
2517,
2526,
2584,
2670,
2670,
2684,
2684,
2684,
2746,
2751,
2769,
2783,
2820,
2825,
2828,
2833,
2873,
2873,
2889,
2937,
2965,
2984,
3024,
3083,
3099,
3106,
3111,
3224,
3284,
3285,
3303,
3439,
3479,
3479,
3595,
3643,
3774,
3789,
3892,
3945,
3978,
4043,
4050,
4129,
4221,
4263,
4286,
4316,
4333,
4360,
4381,
4381,
4415,
4430,
4448,
4464,
4477,
4480,
4484,
4532,
4541,
4623,
4759,
4824,
4869,
4870,
4870,
4923,
4952,
4994,
5031,
5035,
5093,
5099,
5131,
5159,
5211,
5212,
5260,
5265,
5294,
5295,
5295,
5371,
5382,
5386,
5390,
5398,
5415,
5427,
5433,
5434,
5475,
5475,
5554,
5565,
5585,
5630,
5683,
5692,
5893,
5899,
5900,
5973,
6040,
6047,
6106,
6106,
6106,
6115,
6193,
6194,
6194,
6266,
6350,
6387,
6446,
6463,
6503,
6525,
6548,
6576,
6629,
6636,
6658,
6687,
6705,
6712,
6724,
6780,
6796,
6811,
6843,
6853,
6858,
6910,
6911,
6960,
6960,
6971,
6997,
7009,
7049,
7091,
7159,
7177,
7183,
7196,
7218,
7225,
7255,
7269,
7281,
7281,
7281,
7298,
7305,
7362,
7373,
7373,
7374,
7413,
7413,
7455,
7455,
7516,
7587,
7601,
7711,
7792,
7846,
7901,
7964,
7964,
7992,
8034,
8035,
8035,
8051,
8081,
8081,
8112,
8127,
8170,
8170,
8177,
8199,
8199,
8199,
8244,
8266,
8290,
8293,
8310,
8318,
8340,
8406,
8454,
8471,
8553,
8554,
8554,
8576,
8623,
8637,
8714,
8714,
8781,
8832,
8832,
8841,
8882,
8891,
8894,
8994,
8994,
8994,
9023,
9082,
9142,
9152,
9202,
9202,
9236,
9303,
9307,
9360,
9376,
9468,
9557,
9557,
9566,
9588,
9598,
9599,
9599,
9616,
9674,
9745,
9760,
9792,
9792,
9799,
9825,
9833,
9833,
9852,
9910,
9911,
9911,
9944,
9952,
10010,
10028,
10029,
10029,
10029,
10075,
10080,
10093,
10107,
10166,
10166,
10173,
10206,
10262,
10324,
10324,
10324,
10385,
10424,
10482,
10586,
10626,
10658,
10668,
10691,
10754,
10766,
10769,
10782,
10807,
10818,
10818,
10882,
10943,
10984,
11024,
11032,
11131,
11149,
11150,
11169,
11185,
11209,
11235,
11236,
11249,
11268,
11324,
11327,
11352,
11354,
11354,
11384,
11445,
11477,
11504,
11621,
11621,
11622,
11708,
11719,
11750,
11783,
11783,
11788,
11813,
11815,
11848,
11861,
11895,
11902,
11936,
11938,
12035,
12035,
12052,
12093,
12094,
12110,
12152,
12153,
12184,
12203,
12212,
12242,
12251,
12257,
12271,
12271,
12290,
12290,
12303,
12303,
12310,
12313,
12322,
12322,
12322,
12322,
12330,
12389,
12409,
12415,
12444,
12448,
12507,
12563,
12563,
12563,
12565,
12566,
12566,
12624,
12624,
12625,
12681,
12744,
12823,
12830,
12836,
12856,
12858,
12860,
12900,
12936,
12965,
12990,
13037,
13037,
13037,
13051,
13097,
13156,
13215,
13324,
13325,
13372,
13375,
13375,
13378,
13384,
13392,
13424,
13433,
13438,
13439,
13439,
13451,
13477,
13477,
13509,
13528,
13565,
13566,
13568,
13627,
13646,
13653,
13677,
13680,
13684,
13687,
13744,
13746,
13783,
13822,
13863,
13981,
13981,
13999,
14021,
14228,
14250,
14394,
14427,
14437,
14446,
14446,
14446,
14446,
14453,
14454,
14454,
14493,
14560,
14564,
14573,
14581,
14592,
14598,
14631,
14659,
14659,
14689,
14717,
14717,
14807,
14824,
14918,
14925,
14985,
15031,
15031,
15065,
15090,
15129,
15332,
15338,
15357,
15364,
15376,
15394,
15502,
15510,
15614,
15626,
15633,
15752,
15752,
15752,
15778,
15801,
15801,
15838,
15897,
15907,
15907,
15907,
15959,
15971,
16051,
16097,
16165,
16371,
16387,
16433,
16501,
16535,
16560,
16624,
16736,
16832,
16900,
16989,
17018,
17046,
17106,
17153,
17158,
17206,
17233,
17234,
17285,
17482,
17533,
17557,
17565,
17580,
17580,
17640,
17694,
17741,
17742,
17749,
17749,
17799,
17862,
17876,
18111,
18139,
18171,
18176,
18342,
18348,
18406,
18406,
18406,
18407,
18407,
18466,
18476,
18503,
18513,
18540,
18541,
18541,
18558,
18577,
18583,
18587,
18599,
18599,
18820,
18820,
18864,
18919,
19317,
19425,
19437,
19477,
19483,
19498,
19545,
19587,
19670,
19670,
19689,
19705,
19764,
19822,
19823,
19869,
19940,
20430,
20459,
20472,
20520,
20525,
20531,
20558,
20675,
20885,
20885,
20955,
21311,
21324,
21328,
21328,
21328,
21329,
21363,
21378,
21378,
21383,
21415,
21424,
21427,
21439,
21447,
21510,
21510,
21511,
21512,
21521,
21521,
21542,
21572,
21601,
21607,
21619,
21619,
21619,
21622,
21646,
21648,
21683,
21683,
21686,
21693,
21704,
21704,
21713,
21760,
21760,
21786,
21793,
21794,
21799,
21824,
21826,
21826,
21826,
21831,
21850,
21860,
21874,
21874,
21877,
21878,
21902,
21919,
21945,
21953,
21990,
21992,
22005,
22009,
22036,
22065,
22100,
22108,
22109,
22109,
22168,
22192,
22194,
22201,
22201,
22232,
22241,
22244,
22245,
22259,
22262,
22295,
22295,
22332,
22373,
22385,
22385,
22393,
22426,
22436,
22449,
22504,
22566,
22568,
22627,
22657,
22664,
22674,
22690,
22717,
22721,
22728,
22832,
22832,
22865,
22874,
22874,
22927,
22983,
23003,
23012,
23030,
23106,
23135,
23156,
23191,
23191,
23231,
23293,
23297,
23317,
23317,
23356,
23357,
23362,
23421,
23426,
23426,
23426,
23450,
23455,
23474,
23515,
23601,
23679,
23687,
23713,
23717,
23739,
23904,
23931,
24041,
24090,
24097,
24105,
24160,
24190,
24191,
24213,
24213,
24257,
24262,
24262,
24292,
24302,
24308,
24356,
24637,
24637,
24663,
24663,
24667,
24732,
24759,
24763,
24763,
24767,
24791,
24818,
24839,
24839,
24839,
24840,
25020,
25027,
25060,
25088,
25130,
25137,
25138,
25146,
25153,
25167,
25220,
25220,
25245,
25264,
25302,
25309,
25334,
25334,
25361,
25361,
25399,
25527,
25649,
25660,
25681,
25719,
25784,
25784,
25841,
25845,
25845,
25882,
25884,
26061,
26090,
26155,
26176,
26232,
26236,
26240,
26339,
26373,
26373,
26396,
26396,
26470,
26522,
26584,
26586,
26648,
26681,
26688,
26706,
26748,
26748,
26748,
26787,
26787,
26796,
26833,
26856,
26992,
27029,
27031,
27039,
27152,
27152,
27263,
27273,
27385,
27398,
27471,
27555,
27577,
27588,
27617,
27634,
27635,
27689,
27689,
27703,
27726,
27728,
27728,
27739,
27745,
27753,
27857,
27871,
27871,
27927,
27927,
27927,
27968,
28049,
28103,
28124,
28228,
28356,
28358,
28472,
28546,
28604,
28623,
28623,
28655,
28671,
28686,
28700,
28700,
28736,
28769,
28787,
28791,
28872,
28887,
28899,
28941,
28971,
28987,
28998,
29012,
29076,
29127,
29140,
29172,
29333,
29456,
29504,
29520,
29557,
29557,
29558,
29574,
29656,
29697,
29829,
29837,
29893,
29923,
29933,
29938,
29944,
29948,
29948,
29997,
29997,
29997,
30012,
30041,
30060,
30060,
30203,
30328,
30328,
30329,
30356,
30419,
30429,
30527,
30656,
30726,
30764,
30777,
30783,
30790,
30844,
30876,
30895,
30902,
30916,
30940,
30966,
30983,
31033,
31035,
31036,
31063,
31176,
31193,
31246,
31268,
31297,
31328,
31451,
31517,
31686,
31750,
31859,
31923,
31956,
31964,
31966,
32021,
32025,
32028,
32047,
32058,
32058,
32099,
32123,
32129,
32132,
32159,
32163,
32208,
32220,
32220,
32225,
32226,
32253,
32269,
32283,
32289,
32289,
32296,
32307,
32310,
32335,
32340,
32361,
32392,
32397,
32406,
32409,
32409,
32509,
32633,
32912,
33132,
33148,
33148,
33255,
33260,
33267,
33274,
33314,
33314,
33339,
33339,
33339,
33344,
33371,
33377,
33395,
33395,
33436,
33441,
33448,
33449,
33513,
33523,
33524,
33579,
33605,
33625,
33625,
33625,
33636,
33768,
34116,
34290,
34354,
34371,
34411,
34411,
34554,
34578,
34595,
34608,
34610,
34623,
34623,
34686,
34687,
34713,
34730,
34730,
34757,
34829,
34829,
34920,
35043,
35216,
35502,
35506,
35563,
35563,
35571,
35571,
35593,
35601,
35601,
35601,
35601,
35617,
35636,
35675,
35675,
35698,
35711,
35732,
35732,
35739,
35764,
35774,
35948,
35977,
35980,
35980,
36080,
36105,
36293,
36357,
36449,
36459,
36598,
36734,
36782,
36796,
36798,
36864,
36890,
36891,
36911,
36911,
36948,
37061,
37062,
37062,
37064,
37126,
37176,
37283,
37333,
37347,
37453,
37584,
37643,
37670,
37772,
37796,
37797,
37799,
37808,
37808,
37818,
37818,
37827,
37831,
37933,
37933,
37954,
37966,
37993,
38009,
38058,
38064,
38068,
38118,
38160,
38160,
38168,
38177,
38193,
38215,
38252,
38264,
38280,
38298,
38313,
38418,
38427,
38435,
38491,
38513,
38557,
38668,
38672,
38682,
38808,
38882,
38887,
38924,
39135,
39154,
39191,
39208,
39250,
39302,
39308,
39309,
39309,
39330,
39330,
39414,
39445,
39445,
39460,
39474,
39474,
39509,
39644,
39867,
39884,
39982,
40011,
40011,
40031,
40043,
40048,
40058,
40107,
40111,
40128,
40317,
40317,
40410,
40412,
40474,
40476,
40483,
40500,
40500,
40500,
40500,
40502,
40502,
40539,
40546,
40569,
40857,
40857,
40857,
41111,
41210,
41278,
41287,
41296,
41393,
41421,
41445,
41467,
41473,
41473,
41473,
42056,
42096,
42214,
42257,
42363,
42368,
42419,
42486,
42493,
42496,
42503,
42557,
42560,
42561,
42562,
42583,
42622,
42636,
42656,
42670,
42738,
42749,
42754,
42776,
42776,
42780,
42844,
42853,
42882,
42986,
43040,
43040,
43056,
43103,
43103,
43104,
43152,
43185,
43265,
43266,
43282,
43282,
43287,
43315,
43323,
43323,
43430,
43437,
43592,
43596,
43627,
43693,
43693,
43748,
43748,
43751,
43751,
43779,
43799,
43800,
43808,
43820,
43941,
43976,
44032,
44053,
44129,
44129,
44192,
44229,
44471,
44518,
44543,
44561,
44609,
44662,
44664,
44721,
44758,
44768,
44770,
44774,
44781,
44781,
44873,
44957,
44971,
44971,
44976,
45217,
45217,
45376,
45477,
45593,
45653,
45752,
45752,
45769,
45803,
45839,
45873,
45897,
45956,
45961,
45972,
46059,
46198,
46265,
46267,
46324,
46414,
46438,
46460,
46498,
46602,
46618,
46656,
46685,
46711,
46732,
46784,
46787,
46861,
46867,
46874,
46878,
46887,
46894,
46937,
46953,
46975,
47034,
47057,
47103,
47147,
47163,
47235,
47266,
47351,
47413,
47611,
47611,
47615,
47687,
47717,
47752,
47799,
47825,
47872,
47923,
47928,
47989,
47989,
47991,
47991,
48026,
48026,
48117,
48208,
48408,
48413,
48535,
48592,
48592,
48656,
48706,
48759,
48759,
48762,
48768,
48818,
48824,
48833,
48856,
48926,
48949,
48960,
48964,
48978,
48989,
49002,
49016,
49020,
49034,
49060,
49079,
49079,
49080,
49086,
49167,
49172,
49210,
49211,
49254,
49289,
49341,
49350,
49350,
49414,
49427,
49460,
49481,
49538,
49538,
49620,
49855,
49860,
49988,
50011,
50052,
50053,
50135,
50189,
50227,
50255,
50356,
50364,
50365,
50383,
50406,
50428,
50480,
50486,
50505,
50519,
50582,
50625,
50768,
50849,
50876,
50880,
50886,
50893,
50934,
50967,
51003,
51005,
51025,
51061,
51069,
51091,
51103,
51110,
51205,
51220,
51229,
51250,
51306,
51306,
51318,
51325,
51370,
51410,
51512,
51527,
51551,
51552,
51578,
51635,
51635,
51657,
51956,
52117,
52119,
52124,
52155,
52247,
52341,
52365,
52365,
52378,
52389,
52402,
52436,
52477,
52487,
52487,
52497,
52500,
52517,
52522,
52528,
52532,
52551,
52564,
52576,
52623,
52665,
52665,
52822,
52914,
52914,
53149,
53153,
53184,
53187,
53235,
53248,
53279,
53344,
53350,
53362,
53489,
53616,
53617,
53628,
53649,
53669,
53672,
53708,
53759,
53772,
53776,
53857,
54217,
54312,
54336,
54455,
54455,
54537,
54561,
54585,
54718,
54746,
54746,
54766,
54786,
54823,
54823,
54881,
54963,
55089,
55202,
55241,
55308,
55320,
55320,
55327,
55363,
55372,
55384,
55399,
55432,
55528,
55549,
55584,
55585,
55675,
55679,
55720,
55756,
55808,
55854,
55878,
55908,
55908,
55943,
55948,
55948,
55962,
56267,
56331,
56441,
56509,
56521,
56545,
56545,
56572,
56602,
56634,
56636,
56664,
56700,
56706,
56809,
56809,
56876,
56881,
56892,
56938,
57040,
57075,
57442,
57442,
57463,
57485,
57515,
57515,
57515,
57523,
57548,
57555,
57569,
57587,
57623,
57639,
57642,
57662,
57671,
57708,
57714,
57714,
57714,
57761,
57790,
57794,
57830,
57891,
57911,
57924,
57924,
57936,
58074,
58074,
58179,
58224,
58329,
58417,
58495,
58596,
58610,
58624,
58624,
58624,
58627,
58748,
58792,
58818,
58868,
58869,
58940,
59024,
59044,
59051,
59082,
59209,
59243,
59417,
59441,
59441,
59529,
59531,
59687,
59784,
59912,
59928,
60018,
60039,
60039,
60092,
60108,
60115,
60184,
60323,
60426,
60529,
60529,
60569,
60667,
60667,
60739,
60789,
60796,
60796,
60838,
60938,
60950,
60965,
60999,
61009,
61037,
61050,
61104,
61143,
61217,
61273,
61298,
61342,
61362,
61404,
61404,
61408,
61459,
61461,
61617,
61650,
61750,
61750,
61760,
61824,
61833,
61877,
61888,
61912,
61912,
61940,
61978,
62045,
62103,
62128,
62196,
62274,
62392,
62522,
62578,
62593,
62617,
62771,
62773,
62778,
62789,
62797,
62843,
62886,
62886,
62895,
62950,
62992,
63107,
63157,
63171,
63192,
63570,
63622,
63745,
63752,
63818,
63843,
63843,
63878,
63938,
63968,
63974,
64003,
64030,
64087,
64314,
64401,
64591,
64595,
64653,
64792,
64804,
64836,
64850,
64858,
65034,
65051,
65051,
65147,
65233,
65272,
65280,
65325,
65456,
65574,
65619,
65702,
65703,
65726,
65729,
65779,
65783,
65792,
65792,
65958,
65974,
66004,
66225,
66300,
66300,
66398,
66514,
66514,
66567,
66568,
66622,
66637,
66645,
66680,
66716,
66743,
66758,
66758,
66763,
66866,
66923,
66981,
66988,
66989,
67120,
67227,
67351,
67395,
67511,
67555,
67576,
67619,
67640,
67641,
67717,
67767,
67821,
67934,
67948,
67952,
67958,
67976,
68024,
68061,
68097,
68114,
68161,
68384,
68435,
68455,
68459,
68521,
68524,
68525,
68551,
68579,
68581,
68610,
68626,
68643,
68670,
68674,
68755,
68812,
68812,
68848,
68888,
68901,
68905,
68913,
68949,
69046,
69078,
69134,
69280,
69280,
69374,
69384,
69471,
69472,
69483,
69526,
69587,
69591,
69591,
69641,
69673,
69681,
69696,
69751,
69751,
69761,
69768,
69783,
69799,
69803,
69808,
69890,
69907,
69909,
69911,
70185,
70221,
70232,
70306,
70312,
70336,
70386,
70404,
70416,
70449,
70601,
70617,
70703,
70731,
70750,
70750,
70814,
70833,
70890,
71011,
71117,
71376,
71380,
71415,
71416,
71482,
71495,
71539,
71544,
71593,
71596,
71635,
71795,
71923,
72090,
72296,
72399,
72493,
72562,
72589,
72674,
72695,
72738,
72841,
72883,
72931,
73089,
73216,
73370,
73426,
73489,
73503,
73513,
73528,
73610,
73634,
73698,
73803,
73827,
73891,
73945,
73945,
73945,
74290,
74315,
74354,
74374,
74378,
74447,
74447,
74471,
74471,
74504,
74544,
74600,
74614,
74699,
74787,
74864,
74864,
74905,
74913,
74950,
75004,
75045,
75075,
75252,
75325,
75352,
75395,
75572,
75633,
75986,
76202,
76233,
76299,
76344,
76363,
76496,
76496,
76533,
76629,
76656,
76726,
76742,
76755,
76755,
76993,
77040,
77086,
77129,
77391,
77402,
77416,
77729,
77742,
77802,
77820,
77820,
77953,
78001,
78038,
78046,
78046,
78091,
78114,
78130,
78130,
78155,
78220,
78282,
78282,
78284,
78300,
78334,
78364,
78368,
78403,
78403,
78421,
78448,
78561,
78596,
78613,
78654,
78671,
78766,
78849,
78911,
78923,
78953,
79006,
79006,
79006,
79071,
79080,
79159,
79199,
79225,
79282,
79550,
79550,
79586,
79612,
79671,
79986,
79996,
80176,
80176,
80241,
80273,
80322,
80818,
80882,
80948,
80993,
81000,
81046,
81053,
81073,
81136,
81177,
81248,
81251,
81348,
81360,
81452,
81452,
81482,
81584,
81684,
81715,
81776,
81785,
81913,
81936,
81943,
81946,
81952,
82038,
82172,
82188,
82252,
82252,
82279,
82297,
82418,
82530,
82530,
82598,
82598,
82982,
83104,
83140,
83222,
83223,
83223,
83377,
83548,
84083,
84156,
84186,
84236,
84342,
84342,
84343,
84444,
84476,
84575,
84682,
84740,
84940,
85104,
85651,
85755,
85799,
85951,
86129,
86322,
86628,
87412,
87548,
87606,
87650,
87653,
87768,
87809,
87861,
87868,
87933,
87944,
87944,
88000,
88006,
88006,
88006,
88146,
88301,
88301,
88383,
88424,
88542,
88579,
88601,
88619,
88753,
88832,
88893,
88903,
88957,
89067,
89133,
89151,
89420,
89661,
89682,
89783,
89788,
89987,
90161,
90302,
90357,
90376,
90461,
90586,
90597,
90645,
90713,
90767,
90837,
90956,
90975,
91038,
91092,
91100,
91102,
91148,
91294,
91294,
91353,
91369,
91444,
91486,
91548,
91568,
91581,
91676,
91713,
91846,
91890,
91963,
92005,
92073,
92130,
92146,
92146,
92247,
92291,
92321,
92431,
92457,
92481,
92545,
92644,
92736,
92761,
92783,
92784,
92836,
92889,
93026,
93055,
93086,
93245,
93342,
93386,
93401,
93434,
93440,
93453,
93609,
93786,
93922,
94065,
94111,
94121,
94464,
94526,
94926,
95119,
95226,
95233,
95445,
95645,
95751,
95755,
95789,
95822,
95822,
95886,
95930,
95943,
96113,
96374,
96443,
96587,
96718,
97040,
97131,
97192,
97275,
97387,
97394,
97438,
97440,
97442,
97445,
97455,
97460,
97461,
97470,
97472,
97473,
97475,
97478,
97483,
97484,
97485,
97490,
97498,
97502,
97529,
97544,
97560,
97565,
97579,
97595,
97650,
97663,
97677,
97710,
97718,
97720,
97722,
97733,
97752,
97796,
97802,
97804,
97824,
97838,
97840,
97842,
97956,
97960,
97963,
97972,
97984,
98004,
98012,
98013,
98039,
98043,
98051,
98054,
98062,
98084,
98122,
98127,
98150,
98155,
98157,
98169,
98178,
98207,
98225,
98227,
98229,
98247,
98257,
98259,
98262,
98263,
98263,
98265,
98267,
98270,
98271,
98271,
98273,
98281,
98282,
98287,
98288,
