19,
25,
26,
38,
73,
74,
78,
97,
102,
132,
137,
155,
156,
161,
162,
187,
196,
201,
202,
203,
215,
219,
224,
228,
250,
274,
283,
287,
305,
309,
310,
342,
364,
369,
401,
423,
427,
445,
482,
510,
563,
604,
609,
663,
668,
682,
722,
727,
751,
776,
781,
810,
814,
832,
836,
863,
869,
877,
895,
900,
922,
923,
924,
929,
954,
976,
988,
991,
1013,
1029,
1035,
1050,
1072,
1094,
1101,
1140,
1147,
1164,
1199,
1218,
1249,
1253,
1259,
1263,
1282,
1283,
1304,
1307,
1308,
1317,
1318,
1322,
1341,
1345,
1367,
1371,
1400,
1430,
1431,
1463,
1485,
1500,
1522,
1544,
1559,
1581,
1592,
1618,
1625,
1631,
1636,
1677,
1789,
1808,
1813,
1839,
1843,
1862,
1867,
1872,
1898,
1902,
1927,
1931,
1935,
1957,
1961,
1990,
2020,
2026,
2032,
2039,
2064,
2098,
2112,
2134,
2149,
2156,
2171,
2208,
2215,
2261,
2374,
2462,
2492,
2551,
2606,
2610,
2752,
2960,
2997,
3019,
3023,
3024,
3052,
3078,
3111,
3233,
3329,
3343,
3401,
3466,
3554,
3672,
3819,
4258,
4581,
4587,
5324,
5381,
5419,
5460,
5538,
5556,
5643,
5702,
5855,
6279,
6500,
6633,
6764,
6823,
6950,
7041,
7118,
7123,
7481,
7654,
7944,
8338,
8357,
8521,
8528,
8580,
9065,
9419,
9424,
9459,
9478,
9642,
9649,
9701,
9723,
9760,
10091,
10093,
10097,
10102,
10103,
10105,
10107,
10108,
10109,
10114,
10118,
10134,
10136,
10137,
10149,
10152,
10154,
10155,
10157,
10161,
10172,
10173,
10190,
10198,
10200,
10201,
10204,
10206,
10210,
10213,
10214,
10216,
10217,
10219,
10221,
10255,
10267,
10268,
10270,
10277,
10278,
10279,
10280,
10283,
10319,
10331,
10332,
10333,
10334,
10336,
10341,
10342,
10343,
10344,
10358,
10360,
10365,
10383,
10396,
10397,
10400,
10406,
10408,
10413,
10416,
10420,
10447,
10459,
10460,
10461,
10470,
10472,
10493,
10511,
10524,
10526,
10529,
10534,
10536,
10543,
10547,
10552,
10557,
10569,
10575,
10598,
10599,
10600,
10601,
10611,
10616,
10623,
10633,
10636,
10659,
10663,
10664,
10679,
10687,
10703,
10723,
10727,
10728,
10729,
10743,
10744,
10747,
10765,
10767,
10777,
10780,
10792,
10807,
10813,
10844,
10855,
10856,
10858,
10866,
10872,
10877,
10904,
10905,
10907,
10908,
10910,
10918,
10919,
10920,
10922,
10923,
10936,
10957,
10966,
10968,
10972,
10982,
10984,
10994,
11018,
11023,
11032,
11035,
11036,
11042,
11046,
11048,
11049,
11053,
11055,
11056,
11060,
11066,
11075,
11087,
11099,
11100,
11101,
11104,
11110,
11111,
11112,
11113,
11117,
11120,
11122,
11124,
11140,
11145,
11149,
11151,
11164,
11165,
11168,
11169,
11174,
11176,
11181,
11182,
11184,
11189,
11208,
11209,
11211,
11212,
11213,
11219,
11232,
11233,
11238,
11240,
11258,
11259,
11282,
11289,
11319,
11330,
11346,
11352,
11353,
11365,
11379,
11394,
11416,
11424,
11429,
11443,
11447,
11479,
11496,
11497,
11507,
11511,
11514,
11518,
11548,
11560,
11570,
11571,
11591,
11592,
11624,
11645,
11656,
11657,
11686,
11720,
11721,
11726,
11729,
11733,
11750,
11759,
11767,
11768,
11785,
11791,
11804,
11814,
11815,
11821,
11827,
11832,
11861,
11871,
11892,
11897,
11901,
11926,
11961,
11981,
11982,
11989,
11990,
11996,
12009,
12024,
12025,
12053,
12054,
12073,
12087,
12110,
12117,
12136,
12138,
12188,
12198,
12211,
12256,
12264,
12295,
12316,
12317,
12320,
12361,
12368,
12381,
12385,
12431,
12471,
12495,
12520,
12548,
12797,
12808,
12868,
12872,
12904,
12947,
12957,
13006,
13069,
13142,
13156,
13220,
13290,
13455,
13491,
13502,
13519,
13549,
13567,
13583,
13610,
13656,
13657,
13797,
13853,
13885,
14048,
14245,
14276,
14308,
14625,
14631,
14639,
14643,
14689,
14693,
14722,
14726,
14884,
14889,
15002,
15122,
15186,
15335,
15364,
15425,
15428,
15497,
15565,
15654,
15743,
15807,
15871,
15874,
16222,
16238,
16280,
16337,
16342,
16516,
16567,
16580,
16645,
16648,
16959,
17128,
17334,
17366,
17387,
17419,
17430,
17432,
17483,
17515,
17571,
17627,
17635,
17669,
17681,
17712,
17757,
17800,
17896,
18216,
18329,
18392,
18413,
18423,
18425,
18429,
18438,
18456,
18468,
18477,
18486,
18490,
18491,
18492,
18493,
18520,
18536,
18539,
18541,
18551,
18596,
18597,
18603,
18649,
18660,
18661,
18662,
18678,
18679,
18680,
18711,
18724,
18735,
18742,
18744,
18749,
18794,
18799,
18800,
18808,
18821,
18833,
18847,
18861,
18863,
18864,
18866,
18867,
18879,
18893,
18906,
18913,
18925,
18939,
18989,
18991,
19016,
19017,
19018,
19019,
19020,
19075,
19101,
19169,
19306,
19309,
19310,
19312,
19324,
19325,
19343,
19352,
19356,
19369,
19370,
19373,
19378,
19385,
19386,
19388,
19395,
19416,
19417,
19420,
19422,
19424,
19430,
19431,
19432,
19433,
19434,
19445,
19455,
19483,
19484,
19493,
19494,
19495,
19498,
19519,
19547,
19548,
19557,
19560,
19561,
19565,
19572,
19583,
19612,
19622,
19624,
19636,
19676,
19686,
19698,
19699,
19727,
19740,
19750,
19752,
19753,
19763,
19767,
19783,
19789,
19791,
19814,
19826,
19827,
19837,
19853,
19855,
19861,
19862,
19878,
19879,
19880,
19891,
19892,
19895,
19901,
19911,
19912,
19919,
19923,
19932,
19943,
19946,
19959,
19965,
19966,
19981,
19983,
19996,
20006,
20007,
20009,
20010,
20011,
20018,
20023,
20029,
20060,
20071,
20111,
20124,
20134,
20135,
20136,
20138,
20170,
20175,
20188,
20198,
20200,
20201,
20205,
20208,
20234,
20251,
20252,
20256,
20262,
20263,
20269,
20272,
20275,
20297,
20298,
20303,
20315,
20316,
20317,
20318,
20320,
20326,
20327,
20331,
20333,
20336,
20360,
20361,
20364,
20381,
20390,
20391,
20415,
20461,
20495,
20566,
20582,
20583,
20595,
20646,
20647,
20663,
20675,
20680,
20710,
20734,
20764,
20765,
20774,
20788,
20798,
20807,
20828,
20835,
20855,
20872,
20903,
20915,
20979,
21013,
21071,
21084,
21119,
21134,
21141,
21142,
21148,
21206,
21276,
21287,
21357,
21363,
21374,
21384,
21427,
21448,
21485,
21503,
21549,
21589,
21885,
21945,
21975,
22025,
22056,
22089,
22298,
22349,
22466,
22494,
22503,
22573,
22609,
22823,
22848,
22979,
23056,
23103,
23139,
23167,
23200,
23377,
23529,
23576,
23632,
23679,
23703,
23713,
23954,
24000,
24024,
24067,
24257,
24273,
24302,
24518,
24603,
24703,
24720,
25005,
25067,
25069,
25088,
25125,
25517,
25775,
25814,
25858,
25880,
25922,
25928,
25945,
25959,
25992,
25994,
26022,
26024,
26072,
26081,
26093,
26140,
26145,
26150,
26155,
26157,
26204,
26219,
26226,
26260,
26278,
26283,
26289,
26293,
26310,
26311,
26339,
26341,
26342,
26349,
26351,
26354,
26358,
26388,
26396,
26403,
26406,
26413,
26414,
26415,
26418,
26442,
26451,
26453,
26460,
26464,
26469,
26470,
26479,
26498,
26501,
26541,
26583,
26659,
26661,
26669,
26690,
26696,
26704,
26728,
26778,
26781,
26819,
26820,
26839,
26842,
26848,
26921,
26928,
26938,
26943,
26982,
26985,
27016,
27045,
27049,
27050,
27112,
27171,
27188,
27200,
27211,
27214,
27258,
27272,
27273,
27275,
27279,
27304,
27320,
27322,
27343,
27350,
27379,
27384,
27391,
27407,
27430,
27513,
27519,
27521,
27558,
27560,
27562,
27583,
27622,
27624,
27626,
27636,
27663,
27734,
27753,
27785,
27787,
27792,
27808,
27817,
27819,
27828,
27836,
27849,
27851,
27852,
27862,
27866,
27964,
28033,
28041,
28106,
28135,
28264,
28289,
28297,
28374,
28380,
28438,
28451,
28454,
28502,
28520,
28584,
28801,
28811,
28819,
28832,
28842,
28865,
28867,
28917,
28936,
28967,
29290,
29335,
29347,
29398,
29411,
29463,
29575,
29648,
29690,
29715,
29735,
29761,
29776,
29820,
29825,
29912,
29921,
29922,
30032,
30037,
30138,
30167,
30249,
30254,
30697,
30708,
30721,
30759,
30764,
30765,
30787,
30816,
30818,
30826,
30828,
30857,
30864,
30880,
30882,
30885,
30887,
30892,
30946,
30997,
31008,
31026,
31028,
31089,
31154,
31208,
31209,
31213,
31214,
31281,
31282,
31363,
31373,
31383,
31466,
31525,
31600,
31605,
31613,
31642,
31668,
31670,
31694,
31705,
31717,
31721,
31738,
31741,
31746,
31755,
31805,
31810,
31814,
31819,
31847,
31851,
31869,
31876,
31892,
31904,
31922,
31951,
31962,
32020,
32032,
32038,
32042,
32059,
32069,
32079,
32084,
32105,
32177,
32224,
32245,
32313,
32315,
32317,
32352,
32422,
32456,
32486,
32510,
32520,
32527,
32529,
32544,
32550,
32570,
32590,
32595,
32603,
32615,
32671,
32679,
32710,
32807,
32927,
32928,
32992,
33044,
33116,
33126,
33219,
33318,
33383,
33390,
33429,
33474,
33476,
33486,
33488,
33493,
33536,
33547,
33550,
33566,
33659,
33714,
33723,
33851,
33876,
33940,
33965,
34004,
34068,
34089,
34115,
34170,
34217,
34235,
34279,
34281,
34379,
34386,
34391,
34409,
34413,
34414,
34429,
34438,
34471,
34473,
34665,
34677,
34772,
34780,
34793,
34798,
34811,
34857,
34984,
34986,
35002,
35011,
35050,
35083,
35147,
35177,
35202,
35211,
35221,
35258,
35275,
35285,
35303,
35312,
35319,
35320,
35321,
35324,
35325,
35326,
35327,
35330,
35338,
35339,
35364,
35366,
35367,
35377,
35380,
35383,
35388,
35407,
35418,
35422,
35430,
35434,
35451,
35486,
35536,
35545,
35575,
35600,
35704,
35946,
35947,
35956,
35961,
35987,
35994,
35998,
36011,
36014,
36033,
36042,
36045,
36058,
36071,
36074,
36075,
36078,
36083,
36107,
36109,
36110,
36115,
36119,
36126,
36135,
36136,
36151,
36153,
36155,
36157,
36162,
36170,
36193,
36198,
36199,
36201,
36205,
36209,
36215,
36226,
36228,
36232,
36355,
36368,
36397,
36409,
36454,
36518,
36582,
36623,
36687,
36713,
36782,
36833,
36841,
36846,
36851,
36865,
36905,
36907,
36915,
36930,
36942,
36967,
36981,
37033,
37037,
37046,
37064,
37211,
37242,
37279,
37304,
37306,
37331,
37357,
37403,
37497,
37582,
37616,
37645,
37690,
37708,
37750,
37760,
37774,
