13372,
49079,
23421,
83104,
810,
52528,
44721,
12415,
94111,
59417,
52665,
67934,
12152,
74699,
21799,
69472,
52487,
79225,
88893,
80322,
48964,
13477,
95226,
10029,
54746,
33625,
96718,
82982,
62128,
30726,
73370,
21683,
161,
34354,
71795,
32289,
62274,
14454,
77416,
60184,
61760,
5475,
49460,
73945,
88006,
50967,
10206,
26396,
1119,
39445,
23426,
35675,
21990,
26787,
13384,
42776,
22295,
43748,
66568,
15752,
40500,
78282,
57714,
38887,
34730,
35563,
21945,
65456,
43282,
57936,
91102,
68901,
12330,
81452,
44781,
1962,
14659,
22245,
79586,
782,
4869,
55878,
40011,
51318,
8170,
12565,
12322,
51306,
39309,
91294,
47989,
24839,
71416,
48656,
9202,
7992,
58748,
67120,
22865,
21328,
53362,
1651,
87944,
27927,
9599,
21511,
8832,
58074,
8035,
41473,
69641,
14453,
6047,
27577,
17640,
30876,
23317,
43040,
80176,
55585,
54336,
9792,
51069,
48759,
29557,
12566,
49538,
68812,
35601,
57548,
12271,
2482,
69808,
7281,
31036,
1312,
28356,
84444,
22983,
44774,
68161,
33339,
27728,
12035,
40857,
2873,
1768,
35571,
1309,
3024,
11352,
39330,
669,
8994,
76496,
35732,
40502,
14446,
87653,
52517,
24262,
15897,
57515,
45593,
32208,
37333,
80882,
83222,
24763,
61750,
61461,
33448,
51635,
7455,
83377,
12313,
17749,
77802,
12563,
45961,
44971,
74315,
21877,
61912,
65051,
46324,
44129,
2387,
29997,
13378,
25399,
13037,
78091,
15394,
15907,
3643,
66622,
43103,
55384,
68551,
66680,
921,
24759,
51512,
88301,
94926,
47991,
95822,
928,
50052,
88832,
57040,
22065,
59441,
21542,
22657,
77086,
11235,
52119,
70386,
53489,
21826,
48833,
40476,
90975,
14493,
92761,
30790,
22717,
67227,
62392,
33625,
91148,
35506,
42493,
61824,
74354,
69907,
71923,
21619,
51306,
40043,
12271,
84236,
40500,
80241,
15752,
73945,
82598,
68848,
65233,
57790,
3479,
62886,
10262,
43693,
31956,
69803,
68435,
73634,
8199,
72090,
35216,
91963,
21383,
15633,
49350,
22109,
45956,
27635,
23003,
16501,
93245,
56521,
26396,
30012,
13687,
43748,
27152,
6387,
2684,
6705,
38160,
25845,
55962,
53248,
14394,
56441,
44664,
27927,
8994,
13325,
10029,
48413,
27968,
72589,
36782,
49427,
586,
12448,
31964,
12624,
25220,
49016,
39474,
74905,
48026,
17285,
24292,
23601,
4381,
61104,
5398,
57442,
74600,
50428,
43808,
69751,
69280,
9674,
8034,
43323,
6106,
354,
72695,
9082,
59243,
49172,
15031,
16989,
64850,
13981,
9911,
54823,
91568,
83548,
90376,
10324,
8035,
6193,
33523,
21760,
2026,
28941,
12322,
78849,
43056,
27745,
34623,
36891,
44053,
52522,
11621,
40857,
4316,
19670,
60838,
32397,
70814,
26584,
79071,
62895,
36911,
32099,
74471,
82252,
18407,
26787,
1119,
59928,
74447,
27753,
10075,
83223,
30328,
33513,
56809,
90767,
30656,
11209,
45217,
12566,
49167,
42503,
29829,
18599,
61404,
37453,
44662,
3111,
10984,
37933,
8406,
15907,
67976,
32058,
25153,
22036,
7901,
52365,
32159,
68455,
8318,
55908,
32226,
4870,
38672,
61009,
8051,
35980,
47872,
21992,
57,
78130,
91294,
2313,
37062,
5371,
42622,
25137,
13822,
2670,
22832,
17158,
6503,
8637,
29948,
79006,
4286,
64401,
55808,
19498,
67619,
529,
8293,
47687,
69046,
7281,
70890,
76755,
75395,
44971,
8832,
8554,
23474,
14560,
37347,
27471,
52551,
33395,
1062,
79550,
91713,
4464,
42486,
25660,
8244,
69591,
58417,
4532,
12110,
12153,
9566,
18541,
27871,
29076,
11815,
21512,
226,
6548,
8310,
81000,
32289,
61143,
52477,
6911,
5433,
73891,
46867,
78448,
14717,
73827,
2182,
20,
74787,
72931,
80948,
58624,
4484,
33148,
97275,
60938,
33314,
42738,
49855,
7964,
10818,
45376,
57523,
55320,
10107,
69483,
56700,
708,
71482,
22201,
6960,
90357,
57924,
2449,
3945,
47057,
22874,
38118,
22568,
70185,
19477,
2419,
92146,
6194,
60667,
13999,
14437,
20885,
69909,
2008,
43627,
15510,
87768,
43596,
66866,
96374,
24839,
40317,
21510,
21704,
48408,
44768,
95119,
68524,
7196,
23362,
26748,
35601,
64595,
9202,
31246,
65034,
39208,
4043,
26470,
12900,
30203,
82530,
55679,
95751,
12303,
14250,
32132,
75252,
9468,
18406,
30060,
57642,
69673,
98207,
21328,
61912,
48768,
38215,
1218,
67641,
50849,
60039,
56545,
61650,
68674,
1490,
47799,
26373,
23156,
28791,
65783,
97438,
401,
88957,
50893,
991,
73803,
23293,
78046,
45873,
70617,
93342,
97455,
81913,
98178,
81943,
30916,
98127,
85755,
97972,
21424,
97663,
97192,
98282,
68579,
87809,
66763,
22192,
66567,
52402,
97565,
53857,
91100,
23455,
97484,
42882,
29697,
59784,
98267,
50486,
53344,
62578,
97824,
22009,
35732,
59082,
97475,
38160,
10173,
94464,
1100,
85799,
97490,
93386,
2684,
98225,
78403,
15778,
42363,
32409,
73089,
98262,
21793,
26992,
69768,
97595,
21619,
69681,
37772,
97802,
50189,
7792,
40483,
1709,
98271,
39509,
42419,
5295,
47717,
1297,
69374,
11149,
97842,
49254,
23687,
79080,
26240,
21378,
4415,
38435,
97733,
6115,
55720,
34554,
54786,
34411,
25784,
97472,
18820,
11354,
21328,
31033,
60092,
7601,
11324,
33377,
9557,
68812,
51003,
98012,
89067,
13375,
2419,
51578,
42560,
5427,
67952,
12965,
8081,
23426,
52378,
29933,
97963,
202,
18406,
39302,
44192,
97529,
51956,
49860,
96113,
52914,
37966,
37584,
17862,
48592,
78671,
38418,
25884,
98270,
48208,
47928,
841,
77820,
54718,
97478,
21874,
48824,
66981,
13509,
86322,
66716,
39414,
88006,
2326,
57714,
43976,
98257,
26856,
25361,
12203,
55948,
12035,
78155,
97956,
69911,
175,
30356,
42853,
14564,
70312,
52341,
6997,
56664,
11621,
70833,
57442,
18864,
26586,
39154,
14824,
54561,
11032,
31063,
15971,
84740,
41421,
78953,
3083,
5900,
66514,
28971,
97710,
19823,
46685,
12507,
17018,
27263,
25719,
98273,
10166,
94121,
46059,
7049,
29997,
54455,
13439,
72493,
20558,
21607,
17580,
7413,
97720,
87861,
45972,
2387,
21572,
23515,
5554,
92889,
96443,
65792,
79006,
38557,
32310,
81584,
24105,
98288,
17565,
28700,
40058,
942,
40048,
6811,
22674,
32392,
50625,
6106,
12290,
14717,
42636,
22232,
90597,
1042,
61050,
58624,
10807,
97461,
18348,
32509,
88146,
84342,
47413,
60529,
74864,
10882,
45897,
42986,
45752,
18558,
97560,
23030,
70221,
18466,
14446,
43282,
66004,
12563,
50406,
39474,
27385,
33339,
97804,
38298,
3978,
52500,
22627,
68626,
49079,
87868,
81936,
751,
95886,
27726,
52487,
79671,
72841,
42780,
81452,
97796,
78046,
68097,
84940,
21324,
97579,
57485,
57075,
42561,
98013,
90713,
97752,
68888,
28686,
52389,
19,
840,
78282,
98122,
60018,
97460,
53672,
12310,
57587,
98287,
28124,
21447,
58495,
97483,
50876,
43265,
98265,
51061,
29172,
33344,
27739,
97445,
24667,
43592,
25784,
52365,
74378,
98043,
87944,
31193,
65619,
80273,
97470,
55399,
36459,
23426,
33395,
98150,
22728,
13477,
2221,
42496,
91676,
92736,
9910,
22259,
97650,
26061,
55089,
28103,
14807,
33314,
56876,
98263,
68114,
70449,
73698,
97984,
48762,
11327,
25130,
57708,
69280,
27152,
37954,
4994,
97840,
97502,
22385,
13156,
24839,
13439,
33274,
59912,
14454,
74544,
7413,
98229,
25264,
55241,
17799,
33441,
15031,
42096,
8882,
51325,
47923,
32220,
77820,
32028,
95930,
98169,
44873,
21953,
48535,
42656,
48989,
43103,
48960,
6960,
60108,
21683,
15838,
49060,
48759,
34757,
64087,
68581,
98004,
23739,
1709,
52914,
16832,
47163,
351,
97442,
10818,
71380,
5434,
92146,
4129,
39135,
40569,
814,
4381,
98247,
26648,
88619,
79612,
45477,
35617,
12322,
43820,
97,
51025,
84476,
5565,
541,
43040,
62950,
75986,
43315,
70404,
98271,
76363,
1206,
92457,
6194,
67717,
84083,
43287,
9852,
67555,
40502,
23450,
69783,
9588,
28623,
98039,
4221,
19587,
343,
176,
35980,
18171,
2965,
31750,
35601,
27871,
36890,
45752,
48592,
69751,
98281,
94526,
37933,
52576,
85951,
18406,
32021,
69890,
62196,
97722,
14631,
71596,
77742,
97473,
57623,
15626,
49620,
28604,
78038,
50505,
285,
46656,
2751,
24262,
48117,
883,
21794,
15959,
81776,
13746,
55528,
32163,
65779,
93922,
5899,
98054,
12184,
81248,
44032,
1296,
42844,
78613,
12936,
58596,
97544,
35502,
63938,
38193,
766,
26681,
20885,
2517,
43751,
9952,
43430,
21874,
14659,
37827,
53776,
2825,
11445,
44781,
13037,
48856,
70731,
17741,
97718,
2937,
43323,
33339,
67958,
29140,
6525,
44957,
98051,
12093,
2746,
90586,
78114,
21831,
47611,
91486,
60529,
93440,
92247,
97131,
20,
6853,
15376,
52532,
25361,
6712,
40128,
14925,
65726,
27588,
31268,
13324,
55327,
65792,
29558,
68755,
93086,
92784,
37818,
7374,
74913,
38064,
54963,
59687,
27031,
46618,
97498,
35764,
3439,
1249,
6446,
97677,
78403,
35711,
30966,
57714,
2984,
11783,
88903,
24732,
77953,
92481,
38882,
72399,
59024,
63107,
10166,
15801,
92644,
2342,
97440,
21902,
11185,
89788,
11719,
1592,
54455,
28899,
38264,
2387,
26373,
8891,
6350,
63843,
67767,
28872,
40410,
33148,
29948,
98157,
9557,
25882,
81785,
46887,
14446,
20472,
881,
65147,
21826,
9360,
78654,
1119,
23012,
15090,
94065,
97838,
42754,
2684,
50135,
25060,
76233,
23679,
22566,
46874,
2182,
98259,
760,
97387,
29997,
16433,
95943,
56572,
13646,
29557,
74374,
11938,
10766,
1405,
21622,
32409,
24160,
49481,
78766,
9376,
39445,
79550,
66514,
48949,
28787,
51005,
24190,
40500,
84342,
53235,
62045,
5295,
66645,
41278,
63622,
21646,
89133,
66743,
23357,
53153,
42562,
92431,
22426,
23191,
30983,
21824,
72883,
23297,
52247,
93786,
49210,
29574,
1119,
45769,
57555,
58074,
49414,
52665,
220,
76755,
51250,
79986,
57794,
70306,
37283,
22295,
37808,
21713,
43941,
78421,
3479,
53350,
49211,
21427,
34686,
40011,
34610,
25681,
63157,
33436,
21439,
14689,
18139,
52124,
29944,
32340,
55854,
15614,
25845,
8112,
12860,
1308,
26688,
24763,
178,
51552,
63968,
21850,
32025,
28472,
57515,
24663,
60667,
17206,
7281,
86628,
53772,
805,
56809,
7255,
29893,
16560,
31297,
4477,
30329,
79282,
12444,
39982,
58624,
40857,
37062,
24637,
56634,
90461,
48978,
30429,
20430,
19705,
47351,
29012,
27555,
21860,
61978,
21510,
21601,
91581,
32307,
60426,
10324,
32058,
13627,
18541,
24213,
50880,
36293,
33267,
22109,
51657,
33449,
12257,
8994,
33132,
47989,
42776,
8081,
28623,
38280,
68670,
20520,
40539,
60999,
36798,
74504,
62789,
47615,
45839,
426,
88601,
44129,
14228,
53649,
40474,
2215,
61750,
5294,
12251,
43152,
35739,
20525,
72738,
31035,
13097,
11384,
51635,
25220,
8290,
60965,
60796,
30328,
22436,
21329,
27273,
17046,
5131,
38168,
2670,
71117,
61940,
57662,
51370,
17580,
22194,
78368,
50519,
50480,
78284,
22504,
42749,
12303,
35601,
24840,
25138,
70750,
88579,
23135,
12563,
4360,
10482,
63752,
10424,
17153,
52436,
4333,
34829,
93609,
5386,
62886,
3303,
75572,
95789,
77391,
68905,
78300,
5475,
5630,
70232,
82418,
5211,
11848,
1313,
22874,
11504,
19822,
77040,
38668,
10691,
38808,
16051,
18919,
29923,
8554,
33768,
7362,
51103,
23231,
12624,
21878,
15907,
34371,
73528,
10754,
10093,
46498,
18111,
73513,
5093,
8623,
87933,
40317,
8781,
65974,
5031,
36864,
88424,
6636,
53669,
81684,
68610,
51551,
61408,
39644,
39867,
5585,
11622,
69526,
22664,
65272,
13680,
26522,
59051,
68061,
55675,
22449,
605,
47147,
69799,
45803,
24041,
54217,
27398,
60569,
2833,
40412,
117,
74447,
93026,
8714,
31923,
19869,
16535,
25146,
34608,
37993,
13375,
30777,
78001,
29456,
74614,
21378,
46414,
3285,
82252,
2783,
66758,
47103,
35563,
30527,
66989,
61404,
92291,
82038,
4448,
21521,
37643,
11150,
58869,
27039,
65703,
63745,
11813,
9236,
59529,
1996,
7177,
39330,
39250,
22373,
1298,
25649,
32406,
11708,
13783,
77129,
71539,
80176,
75633,
6780,
33255,
43266,
7269,
12389,
38313,
28736,
19670,
76742,
78596,
64836,
71415,
33260,
6796,
42670,
588,
79996,
7,
58179,
52155,
30940,
12823,
47266,
64804,
60323,
58627,
61342,
28769,
64314,
38009,
67576,
20531,
63974,
21648,
1576,
18503,
37796,
12322,
50383,
32225,
76656,
44976,
38252,
37061,
50356,
7183,
8340,
36911,
55908,
1218,
12744,
56602,
14446,
70703,
20675,
34623,
64858,
18583,
56938,
11169,
30419,
7091,
2873,
91353,
46438,
57830,
95755,
17557,
58610,
352,
95445,
9792,
6106,
58329,
7455,
52623,
63818,
63843,
15129,
1168,
50227,
30060,
90161,
228,
48926,
8454,
2500,
3774,
10782,
6576,
81946,
71544,
76629,
57924,
61298,
13565,
85104,
26155,
40107,
46937,
13433,
12094,
17876,
2313,
8553,
82598,
91444,
6687,
31176,
62773,
24308,
93434,
92005,
4824,
38491,
10586,
47611,
42056,
2769,
40031,
46198,
58224,
7218,
27634,
31686,
44229,
12858,
43751,
82172,
25020,
77729,
69761,
91846,
62771,
34290,
88006,
35977,
28700,
26748,
2026,
73945,
32283,
35636,
22241,
59044,
9142,
93055,
97485,
54537,
12409,
74471,
6910,
44758,
95233,
52822,
7298,
34730,
8894,
75045,
84682,
1719,
38513,
68643,
1765,
92545,
27689,
4870,
73610,
14985,
54746,
65280,
55549,
82530,
10080,
19437,
50934,
39191,
7373,
38058,
84575,
57569,
81046,
56881,
42214,
43104,
53708,
17106,
50365,
81952,
39309,
18176,
50053,
412,
91548,
71376,
38924,
58818,
81348,
37818,
20955,
1062,
31451,
47235,
60115,
1784,
25334,
18820,
46460,
65958,
349,
51527,
46894,
25027,
4480,
32335,
87412,
71011,
1362,
8170,
91038,
7516,
13438,
89661,
24090,
32361,
16900,
26796,
14581,
11750,
5973,
12990,
23317,
1285,
9023,
16371,
23904,
57911,
11902,
7587,
27927,
29127,
46732,
56267,
25167,
55432,
2584,
46265,
19425,
84343,
56545,
41296,
43437,
61833,
42557,
35948,
6040,
63570,
25309,
22168,
92783,
42257,
9152,
13744,
53187,
17694,
7305,
51091,
20459,
45653,
40500,
30783,
66923,
34713,
54823,
65702,
4923,
64792,
81715,
6266,
49538,
41467,
49289,
16387,
9833,
38682,
17482,
72562,
28987,
22100,
32123,
58868,
14592,
12052,
21311,
29837,
91092,
23931,
55363,
15364,
41473,
43799,
61617,
8199,
89151,
67640,
22108,
62778,
60950,
45217,
34920,
38427,
18599,
81482,
12242,
78364,
25841,
32220,
33579,
37670,
1571,
55308,
42583,
30764,
11236,
61037,
71635,
37831,
51229,
10010,
25088,
87606,
622,
46861,
76344,
89420,
67511,
43185,
9598,
67395,
68949,
70601,
65051,
37799,
41210,
53616,
31517,
1490,
17233,
7711,
32253,
22393,
67351,
46711,
12856,
6858,
9307,
46787,
57463,
66300,
11249,
25302,
75004,
44561,
12625,
73489,
12290,
24356,
11861,
21686,
56892,
67948,
18407,
55320,
62992,
38177,
97394,
31328,
46953,
84186,
42368,
1206,
61877,
4623,
5260,
76496,
28671,
28998,
873,
18513,
24097,
4430,
23106,
5893,
43779,
89682,
1286,
22262,
4952,
58792,
91369,
15801,
81073,
87650,
40111,
70416,
5683,
46267,
61459,
22721,
47991,
88301,
54881,
50582,
95822,
88542,
810,
95645,
49988,
24637,
137,
80993,
27617,
21919,
68521,
78561,
39308,
23191,
9745,
59209,
56331,
51110,
43800,
21826,
90837,
52117,
14598,
8199,
55372,
34595,
76533,
7373,
21786,
22832,
78911,
16624,
13451,
22332,
21415,
24302,
32633,
48818,
35698,
7009,
12212,
14021,
36449,
21363,
29520,
23356,
63878,
1028,
66225,
53279,
41393,
69471,
65729,
30895,
113,
47034,
10029,
22385,
83140,
25245,
24257,
64003,
41445,
36080,
76993,
92130,
19764,
60039,
68384,
10668,
6658,
11788,
50364,
32912,
9825,
98084,
5265,
98263,
10324,
2889,
21693,
66758,
69134,
33605,
11783,
49350,
44518,
4050,
74290,
66398,
40546,
31859,
1319,
13528,
27689,
21521,
9944,
28546,
11024,
1690,
32129,
22927,
90645,
44471,
55948,
28358,
12681,
78334,
21760,
28228,
7225,
81053,
13392,
32269,
13215,
64030,
18342,
35571,
27029,
30844,
65574,
27857,
23717,
13863,
14427,
22244,
75075,
4541,
25334,
24663,
30041,
5382,
2073,
8127,
64591,
56706,
78130,
30902,
26236,
33625,
35675,
16097,
48706,
38068,
610,
13568,
62797,
3099,
22690,
11354,
82279,
76202,
33524,
27728,
57515,
756,
508,
6629,
50255,
85651,
5692,
36796,
34687,
68024,
66637,
49086,
37176,
44543,
35593,
55943,
49080,
53149,
62617,
26176,
26090,
53184,
43693,
28887,
27703,
1062,
59441,
58940,
74864,
35043,
55202,
3789,
24818,
54766,
83223,
98227,
55584,
5099,
10028,
41287,
50011,
17742,
17234,
46878,
13684,
18587,
22201,
11131,
29504,
79006,
47752,
11936,
29938,
10658,
65325,
88000,
51220,
2828,
32047,
29656,
13981,
9799,
54312,
84156,
81251,
74950,
81136,
96587,
62843,
28655,
92073,
4759,
25527,
37797,
41111,
3892,
14573,
54585,
49020,
13051,
57761,
70750,
9599,
37808,
60796,
73426,
63192,
79199,
15065,
24191,
26748,
746,
7159,
8266,
44770,
70336,
41473,
61362,
2820,
80818,
57639,
93401,
57671,
62522,
36357,
13677,
61273,
23713,
97960,
51410,
7964,
55756,
64653,
76299,
92836,
18577,
36734,
26706,
8714,
19940,
49341,
53628,
3224,
82297,
49034,
9303,
93453,
16165,
7846,
24791,
92321,
69384,
36598,
5415,
915,
68525,
10,
18476,
53759,
26833,
48026,
13653,
3595,
10626,
88383,
66988,
61217,
56509,
34578,
26232,
19689,
9760,
16736,
61888,
36105,
71593,
53617,
8471,
86129,
5390,
39884,
8841,
9911,
51205,
34411,
39460,
4263,
98062,
9616,
5035,
19483,
52,
10769,
67821,
60789,
1143,
14918,
68459,
73216,
87548,
75325,
88753,
546,
15502,
22005,
89783,
31966,
69587,
5212,
15357,
37126,
52564,
81177,
6971,
2370,
13566,
26339,
3284,
78923,
69591,
79159,
6843,
2526,
50886,
97040,
24213,
89987,
6724,
21704,
90302,
18540,
78220,
50768,
421,
5159,
49002,
77402,
3106,
63171,
36948,
72674,
12830,
60739,
19317,
225,
10943,
11268,
73503,
37064,
13424,
6463,
62103,
8576,
66300,
34116,
866,
11477,
98155,
62593,
32296,
17533,
33636,
52497,
76726,
57891,
8177,
69696,
44609,
46602,
90956,
56636,
19545,
13037,
24767,
35774,
1962,
72296,
75352,
21619,
10385,
59531,
46975,
29333,
82188,
71495,
81360,
11895,
68913,
15752,
28049,
9833,
47825,
17749,
12836,
34829,
46784,
33371,
91890,
69078,
15338,
15332,
