19,
78,
132,
156,
161,
162,
196,
201,
202,
215,
224,
228,
274,
283,
305,
309,
342,
364,
368,
401,
423,
482,
504,
563,
663,
668,
722,
777,
781,
782,
810,
851,
863,
869,
910,
954,
991,
1013,
1050,
1094,
1140,
1218,
1253,
1263,
1282,
1290,
1308,
1317,
1322,
1341,
1367,
1371,
1400,
1463,
1500,
1522,
1559,
1581,
1618,
1631,
1730,
1789,
1843,
1862,
1867,
1872,
1898,
1902,
1931,
1961,
1990,
2020,
2032,
2075,
2112,
2134,
2171,
2208,
2215,
2261,
2280,
2374,
2551,
2606,
2610,
2938,
3019,
3023,
3111,
3233,
3329,
3554,
4258,
5643,
6633,
6823,
8338,
8521,
10521,
11943,
13849,
16471,
18451,
21303,
21311,
21317,
21318,
21324,
21344,
21347,
21383,
21404,
21408,
21410,
21411,
21423,
21424,
21426,
21427,
21429,
21465,
21478,
21479,
21480,
21487,
21488,
21490,
21529,
21541,
21542,
21543,
21544,
21551,
21552,
21553,
21554,
21567,
21575,
21593,
21606,
21607,
21616,
21618,
21626,
21657,
21670,
21671,
21680,
21682,
21703,
21721,
21728,
21734,
21739,
21744,
21746,
21757,
21779,
21808,
21810,
21821,
21825,
21833,
21849,
21874,
21889,
21913,
21933,
21938,
21953,
21975,
21977,
22002,
22017,
22051,
22054,
22065,
22066,
22076,
22081,
22082,
22087,
22118,
22128,
22130,
22132,
22164,
22167,
22176,
22178,
22182,
22192,
22194,
22204,
22245,
22256,
22258,
22265,
22266,
22285,
22292,
22297,
22310,
22311,
22314,
22320,
22321,
22322,
22323,
22327,
22330,
22340,
22374,
22375,
22378,
22379,
22384,
22421,
22422,
22443,
22450,
22469,
22499,
22529,
22560,
22562,
22563,
22575,
22589,
22604,
22639,
22642,
22717,
22721,
22758,
22770,
22781,
22801,
22816,
22834,
22866,
22896,
22930,
22931,
22944,
22960,
22978,
22995,
23024,
23041,
23042,
23109,
23127,
23128,
23142,
23171,
23191,
23192,
23196,
23199,
23200,
23219,
23233,
23234,
23263,
23264,
23283,
23297,
23346,
23362,
23426,
23466,
23474,
23527,
23571,
23595,
23641,
23679,
23681,
23705,
23745,
23932,
23944,
24007,
24018,
24032,
24279,
24280,
24366,
24430,
24637,
24701,
24777,
24857,
24867,
25518,
25835,
25899,
25932,
26250,
26332,
26396,
26574,
26638,
26699,
26702,
26707,
27081,
27488,
27490,
27548,
27552,
27591,
27726,
27787,
27790,
27854,
27858,
27879,
28576,
28597,
28642,
28693,
28704,
28781,
28922,
28933,
29067,
29678,
29687,
29696,
29730,
29749,
29784,
29813,
29954,
30074,
30135,
30199,
30230,
30834,
30854,
30913,
30977,
31040,
31101,
31229,
31467,
31878,
31942,
32006,
32198,
32293,
32296,
32393,
32534,
33158,
33289,
33445,
33545,
33614,
34244,
34338,
34402,
34597,
34766,
34771,
34791,
35506,
35516,
35655,
35799,
35900,
35954,
36310,
36467,
36582,
37145,
37168,
37170,
37318,
37656,
37734,
37761,
39105,
39142,
39432,
39474,
39950,
41313,
42036,
42039,
42054,
42082,
42086,
42100,
42103,
42150,
42160,
42161,
42163,
42185,
42213,
42214,
42224,
42277,
42278,
42302,
42342,
42352,
42354,
42359,
42363,
42366,
42393,
42406,
42416,
42429,
42440,
42457,
42470,
42480,
42481,
42483,
42493,
42497,
42521,
42544,
42545,
42556,
42557,
42561,
42583,
42585,
42591,
42598,
42609,
42610,
42621,
42625,
42631,
42642,
42649,
42662,
42673,
42689,
42695,
42696,
42713,
42726,
42736,
42737,
42739,
42740,
42748,
42753,
42759,
42784,
42790,
42804,
42841,
42854,
42866,
42868,
42900,
42905,
42918,
42928,
42930,
42931,
42932,
42964,
42969,
42981,
42982,
42986,
42992,
42993,
42994,
42999,
43005,
43009,
43026,
43045,
43046,
43050,
43056,
43066,
43090,
43091,
43094,
43097,
43111,
43120,
43121,
43145,
43225,
43232,
43311,
43313,
43323,
43405,
43474,
43494,
43504,
43528,
43538,
43565,
43585,
43601,
43602,
43649,
43679,
43709,
43731,
43742,
43743,
43807,
43814,
43849,
43864,
43871,
43872,
43913,
43942,
44029,
44093,
44114,
44151,
44178,
44195,
44279,
44551,
44675,
44819,
44951,
45277,
45303,
45709,
45833,
46107,
46259,
46306,
46409,
46473,
46730,
46858,
46987,
47137,
47369,
47433,
47735,
47991,
48346,
48689,
48752,
48807,
48823,
48949,
49013,
49072,
49079,
49081,
49084,
49088,
49126,
49133,
49145,
49231,
49319,
49798,
49827,
49890,
49975,
50078,
50111,
50119,
50169,
50176,
50230,
50257,
50300,
50943,
50947,
51015,
51088,
51465,
51529,
51831,
51972,
51974,
52016,
52018,
52035,
52038,
52080,
52112,
52144,
52188,
52233,
52531,
52553,
52619,
52694,
52755,
52893,
53021,
53107,
53123,
53188,
53255,
53264,
53276,
53296,
53340,
53488,
53707,
53710,
53744,
53782,
53808,
53847,
54185,
54213,
54217,
54282,
54310,
54317,
54319,
54363,
54374,
54383,
54384,
54438,
54731,
54738,
54758,
54826,
54832,
54890,
54896,
54897,
54931,
55021,
55125,
55334,
55341,
55398,
55462,
55471,
55474,
55538,
55856,
55858,
55920,
55922,
55924,
55985,
56008,
56344,
56352,
56500,
56503,
56850,
56905,
56998,
57049,
57432,
57585,
57684,
57844,
58248,
58446,
58456,
59079,
59150,
59336,
59346,
59598,
59838,
60084,
60337,
60444,
60548,
60595,
60596,
60657,
60659,
60721,
60722,
60724,
60784,
60798,
60819,
60821,
60824,
60825,
60838,
60874,
60882,
60883,
60889,
60914,
60939,
60953,
60989,
60990,
61001,
61017,
61030,
61040,
61042,
61044,
61088,
61123,
61131,
61152,
61172,
61186,
61209,
61232,
61236,
61246,
61299,
61300,
61344,
61362,
61363,
61395,
61397,
61402,
61427,
61438,
61461,
61466,
61482,
61874,
61990,
61997,
62048,
62130,
62347,
62378,
62421,
62475,
62527,
62641,
62740,
62852,
62957,
63008,
63021,
63073,
63345,
63371,
63386,
63432,
64318,
64331,
64375,
64385,
64495,
64818,
64891,
65335,
65355,
65396,
65450,
65454,
65578,
65780,
65783,
65841,
65847,
65896,
65960,
65988,
66061,
66174,
66251,
66474,
66807,
66872,
66932,
66942,
67165,
67275,
67328,
67482,
68015,
68292,
68337,
68486,
69011,
69077,
69131,
69175,
69222,
69270,
69353,
69444,
69579,
69638,
69840,
69937,
70035,
70065,
70091,
70135,
70219,
70301,
70343,
70374,
70386,
70391,
70506,
70631,
70706,
70800,
71069,
71089,
71136,
71149,
71153,
71295,
71307,
71341,
71398,
71402,
71436,
71461,
71601,
71671,
71735,
71760,
71763,
71791,
71827,
71917,
71920,
71921,
72049,
72109,
72157,
72173,
72242,
72267,
72306,
72319,
72370,
72413,
72434,
72751,
72843,
73202,
73265,
73328,
73355,
73610,
73674,
73803,
73841,
74209,
74315,
74344,
74408,
74499,
74570,
74600,
74801,
74931,
74948,
74951,
74956,
74965,
75015,
75029,
75056,
75057,
75061,
75079,
75114,
75121,
75141,
75203,
75230,
75248,
75289,
75294,
75333,
75376,
75562,
75579,
75632,
75690,
75699,
75726,
75737,
75761,
75780,
75784,
75800,
75802,
75813,
75825,
75849,
75850,
75920,
75925,
75953,
75973,
76017,
76254,
76318,
76336,
76592,
76593,
76620,
76639,
76696,
76698,
76703,
76933,
76997,
77086,
77150,
77175,
77214,
77491,
77589,
77596,
77602,
77648,
77926,
77990,
78021,
78067,
78212,
78221,
78387,
78421,
78485,
78495,
78641,
78719,
78981,
79092,
79156,
79409,
79440,
79476,
79800,
79807,
79871,
79935,
80204,
80289,
80759,
81087,
81230,
81637,
82060,
82133,
82151,
82225,
82832,
82892,
82994,
83057,
83121,
83313,
83561,
83568,
83714,
83810,
83831,
83861,
83895,
83916,
83918,
83923,
84018,
84144,
84457,
84565,
84581,
84591,
84618,
84722,
84786,
84791,
84819,
84849,
85043,
85059,
85148,
85363,
85423,
85427,
85490,
85514,
85559,
85623,
85705,
85900,
85936,
86057,
86293,
86327,
86348,
86387,
86624,
86827,
86832,
86839,
86860,
86889,
86924,
86953,
87017,
87090,
87190,
87292,
87338,
87344,
87473,
87482,
87483,
87489,
87491,
87494,
87495,
87497,
87528,
87534,
87536,
87537,
87550,
87558,
87604,
87706,
87731,
87745,
87792,
87837,
87876,
88003,
88006,
88052,
88066,
88131,
88148,
88157,
88177,
88181,
88221,
88241,
88245,
88248,
88253,
88279,
88280,
88289,
88305,
88332,
88366,
88375,
88385,
88396,
88398,
88624,
88819,
88823,
88857,
88936,
88952,
89011,
89016,
89112,
89137,
89476,
89944,
90035,
90244,
90277,
90522,
91057,
91891,
92502,
92529,
92657,
92828,
92892,
93317,
93330,
93367,
93553,
93607,
94063,
94098,
94103,
94129,
94135,
94155,
94294,
94422,
94503,
94744,
94903,
94919,
94920,
94967,
94994,
95122,
95155,
95219,
95389,
95405,
95410,
95475,
95560,
95640,
95699,
95777,
95799,
95813,
95824,
95826,
95904,
95927,
95954,
96024,
96051,
96092,
96112,
96295,
96307,
96423,
96481,
96503,
96559,
96567,
96609,
96626,
96648,
96673,
96674,
96737,
96738,
96834,
96856,
97073,
97263,
97298,
97363,
97391,
97480,
97577,
97622,
97632,
97641,
97648,
97666,
97854,
97895,
97897,
97905,
97979,
97986,
98050,
98131,
98223,
98287,

