19,
32,
73,
97,
128,
132,
133,
137,
144,
156,
157,
161,
162,
165,
187,
188,
194,
201,
220,
221,
224,
225,
246,
250,
251,
256,
279,
283,
305,
309,
314,
337,
338,
342,
343,
364,
368,
372,
373,
380,
396,
397,
401,
402,
423,
438,
445,
457,
461,
491,
497,
504,
505,
569,
574,
578,
589,
609,
615,
628,
663,
674,
688,
692,
693,
722,
723,
746,
750,
751,
756,
773,
777,
781,
800,
809,
810,
811,
814,
827,
836,
840,
863,
864,
869,
873,
874,
877,
883,
899,
909,
910,
918,
922,
927,
928,
932,
936,
941,
954,
958,
959,
977,
981,
988,
989,
991,
993,
1002,
1023,
1024,
1028,
1048,
1087,
1094,
1101,
1282,
1308,
1331,
1341,
1367,
1404,
1425,
1430,
1437,
1489,
1730,
1839,
1843,
1931,
1957,
1961,
2016,
2020,
2407,
2466,
3631,
4162,
4798,
5388,
5807,
7236,
8298,
8311,
8338,
8357,
11537,
11666,
11707,
12828,
12959,
13082,
13949,
14111,
14207,
14664,
15595,
16716,
16906,
17275,
17837,
18027,
18451,
18569,
18573,
19055,
19076,
19089,
19572,
19657,
19915,
20123,
20144,
20176,
20177,
20192,
20197,
20216,
20251,
20257,
20269,
21272,
21297,
21303,
21326,
21328,
21344,
21359,
21374,
21401,
21403,
21410,
21416,
21423,
21424,
21427,
21437,
21438,
21474,
21479,
21480,
21488,
21501,
21502,
21505,
21506,
21517,
21542,
21543,
21552,
21556,
21564,
21570,
21577,
21581,
21607,
21618,
21639,
21649,
21655,
21671,
21678,
21680,
21684,
21703,
21713,
21714,
21719,
21721,
21735,
21753,
21778,
21808,
21811,
21814,
21831,
21842,
21849,
21862,
21868,
21873,
21874,
21911,
21913,
21928,
21937,
21939,
21955,
21980,
21984,
21986,
21992,
21996,
22023,
22024,
22039,
22041,
22050,
22052,
22054,
22076,
22082,
22087,
22104,
22111,
22113,
22118,
22130,
22141,
22145,
22178,
22181,
22182,
22192,
22194,
22196,
22233,
22242,
22246,
22247,
22248,
22256,
22258,
22269,
22270,
22281,
22291,
22309,
22312,
22314,
22320,
22322,
22332,
22376,
22377,
22378,
22386,
22408,
22422,
22443,
22488,
22524,
22596,
22722,
22855,
22866,
22930,
22994,
23008,
23072,
23107,
23200,
23202,
23320,
23348,
23727,
24300,
24366,
24385,
24799,
25244,
25443,
25701,
25985,
26396,
26441,
26475,
26477,
26543,
26575,
26805,
26841,
27038,
27575,
27629,
27633,
27635,
27723,
27859,
28465,
28513,
28520,
28635,
28717,
28761,
28778,
28781,
28793,
28827,
28845,
28875,
28945,
29025,
29730,
29803,
29804,
29870,
29880,
29888,
29894,
29897,
29905,
29923,
29933,
29945,
29974,
29979,
29997,
30045,
30051,
30247,
30315,
30817,
30834,
30977,
31066,
31085,
31097,
31099,
31191,
31229,
31325,
31474,
31537,
31597,
31725,
32083,
32225,
32229,
32232,
32268,
32289,
32293,
32296,
32466,
32532,
32534,
32593,
32841,
33094,
33357,
33381,
33391,
33504,
33539,
33577,
33603,
33622,
33626,
33693,
33711,
33813,
33820,
33822,
33837,
33969,
34323,
34338,
34345,
34351,
34387,
34402,
34513,
34583,
34605,
34653,
34655,
34707,
34771,
35011,
35014,
35029,
35222,
35314,
35356,
35420,
35437,
35442,
35484,
35503,
35642,
35655,
35735,
35737,
35836,
35838,
35943,
35946,
35954,
35977,
35982,
35993,
36007,
36013,
36018,
36054,
36166,
36377,
36441,
36448,
36568,
36579,
36707,
36833,
36839,
37145,
37201,
37208,
37522,
37673,
37721,
37722,
37843,
37883,
37887,
38068,
38299,
38323,
38364,
38425,
38517,
38677,
38734,
38797,
38875,
38889,
38921,
38938,
38939,
38947,
38953,
38974,
39002,
39018,
39038,
39041,
39053,
39063,
39238,
39302,
39305,
39308,
39309,
39451,
39556,
39605,
39651,
39854,
39916,
40064,
40125,
40171,
40189,
40190,
40230,
40243,
40347,
40353,
40377,
40476,
40478,
40556,
40567,
40618,
40623,
40631,
40709,
40841,
40906,
40918,
40927,
40959,
40969,
40984,
40988,
41005,
41267,
41342,
41356,
41410,
41448,
41458,
41524,
41682,
41878,
41914,
42034,
42085,
42086,
42088,
42115,
42149,
42150,
42179,
42180,
42214,
42221,
42226,
42277,
42278,
42288,
42289,
42291,
42342,
42352,
42416,
42483,
42498,
42505,
42519,
42521,
42547,
42561,
42579,
42585,
42610,
42620,
42621,
42626,
42631,
42649,
42695,
42720,
42726,
42790,
42800,
42803,
42854,
42864,
42877,
42878,
42912,
42917,
42918,
42928,
42931,
42962,
42981,
42982,
42992,
42993,
42994,
43009,
43026,
43040,
43045,
43056,
43120,
43185,
43197,
43262,
43302,
43329,
43388,
43473,
43474,
43694,
43744,
43841,
43864,
44040,
44570,
44680,
44781,
44809,
44920,
44940,
45256,
45323,
45437,
45438,
45489,
45502,
45703,
45811,
45833,
46192,
46195,
46257,
46961,
47067,
47361,
47905,
47991,
48049,
48050,
48241,
48359,
48871,
48994,
49015,
49016,
49022,
49054,
49075,
49079,
49137,
49194,
49292,
49316,
49378,
49582,
49646,
50014,
50065,
50108,
50111,
50116,
50122,
50163,
50167,
50171,
50172,
50176,
50185,
50225,
50228,
50230,
50235,
50267,
50294,
50539,
50603,
50670,
50771,
50801,
50838,
50899,
51017,
51081,
51104,
51161,
51191,
51198,
51199,
51204,
51209,
51213,
51251,
51252,
51268,
51285,
51301,
51313,
51318,
51328,
51417,
51474,
51569,
51671,
51696,
51761,
51823,
51825,
51889,
52010,
52064,
52079,
52222,
52249,
52314,
52338,
52339,
52354,
52361,
52365,
52389,
52402,
52562,
52626,
52808,
52892,
52909,
52910,
52913,
52955,
52960,
53010,
53165,
53167,
53171,
53267,
53315,
53360,
53416,
53449,
53452,
53465,
53466,
53477,
53489,
53605,
53635,
53674,
53683,
53705,
53741,
53781,
53782,
53809,
53874,
53891,
53906,
53937,
53943,
53997,
54070,
54090,
54125,
54152,
54258,
54259,
54310,
54319,
54346,
54368,
54449,
54537,
54610,
54632,
54762,
54771,
54810,
54826,
54833,
54944,
54961,
54962,
55146,
55231,
55235,
55244,
55321,
55334,
55391,
55408,
55665,
55817,
55881,
55914,
55983,
56019,
56045,
56112,
56259,
56301,
56326,
56335,
56344,
56374,
56443,
56479,
56599,
56689,
56836,
56878,
56913,
56914,
56942,
56977,
57009,
57041,
57095,
57182,
57289,
57295,
57300,
57325,
57327,
57342,
57362,
57376,
57452,
57556,
57578,
57609,
57683,
57726,
57858,
57924,
57962,
57984,
58195,
58204,
58208,
58285,
58377,
58413,
58415,
58453,
58517,
58541,
58599,
58627,
58628,
58650,
58687,
58997,
59012,
59032,
59081,
59092,
59119,
59191,
59373,
59390,
59401,
59422,
59439,
59459,
59481,
59509,
59565,
59568,
59605,
59609,
59716,
59724,
59779,
59814,
59844,
59859,
59878,
59889,
59944,
59954,
60020,
60066,
60080,
60116,
60144,
60186,
60187,
60207,
60259,
60341,
60379,
60435,
60555,
60594,
60657,
60678,
60867,
60966,
61003,
61011,
61037,
61040,
61041,
61042,
61053,
61105,
61145,
61171,
61233,
61361,
61490,
61553,
61899,
61971,
61984,
62001,
62027,
62036,
62698,
62899,
62903,
62931,
62957,
62962,
62989,
63051,
63092,
63245,
63325,
63917,
63923,
63947,
64090,
64116,
64244,
64426,
64881,
64917,
64946,
64993,
65046,
65726,
65780,
65783,
65790,
65844,
65933,
65939,
66402,
66432,
66526,
66642,
66714,
66725,
66740,
66743,
66773,
66789,
66802,
66991,
66993,
67304,
67475,
67505,
67647,
67651,
67657,
67718,
67749,
67779,
67793,
67858,
67951,
67979,
68512,
68668,
68684,
68748,
68812,
69043,
69055,
69156,
69175,
69265,
69387,
69600,
69609,
69635,
69657,
69665,
69779,
69840,
69930,
69937,
70122,
70186,
70224,
70225,
70258,
70381,
70430,
70432,
70524,
70534,
70588,
70595,
70624,
70631,
70652,
70666,
70702,
70764,
70767,
70800,
70832,
70995,
71023,
71058,
71083,
71153,
71183,
71219,
71270,
71338,
71402,
71466,
71525,
71612,
71663,
71673,
71727,
71791,
71819,
71857,
71916,
71922,
72028,
72080,
72102,
72227,
72241,
72387,
72425,
72426,
72480,
72552,
72585,
72597,
72687,
72689,
72704,
72747,
72794,
72916,
72980,
73036,
73054,
73138,
73221,
73266,
73329,
73355,
73378,
73380,
73393,
73454,
73455,
73475,
73482,
73512,
73539,
73585,
73603,
73611,
73640,
73711,
73779,
73796,
73802,
73845,
73884,
73885,
73888,
73906,
73958,
73967,
73995,
74004,
74005,
74030,
74036,
74080,
74163,
74173,
74179,
74181,
74189,
74290,
74392,
74401,
74416,
74435,
74436,
74482,
74538,
74593,
74600,
74609,
74658,
74662,
74698,
74756,
74845,
74899,
74916,
75160,
75178,
75212,
75224,
75260,
75269,
75368,
75380,
75383,
75422,
75468,
75486,
75505,
75508,
75532,
75543,
75627,
75720,
75735,
75743,
75760,
75917,
76091,
76096,
76215,
76217,
76238,
76318,
76382,
76795,
77106,
77150,
77235,
77364,
77456,
77694,
77811,
77887,
78009,
78259,
78487,
78855,
78862,
78911,
78919,
78964,
79054,
79127,
79144,
79694,
79805,
79807,
79920,
80311,
80671,
80677,
80681,
81393,
81522,
81576,
81630,
81680,
81768,
81868,
82097,
82372,
82501,
82510,
82545,
82569,
82590,
82671,
82801,
83027,
83242,
83301,
83432,
83442,
83470,
83700,
83873,
83939,
84172,
84293,
84300,
84340,
84382,
84417,
84520,
84607,
84656,
84896,
84963,
85004,
85059,
85353,
85359,
85363,
85423,
85452,
85520,
85590,
85664,
85708,
85743,
85751,
85752,
85800,
85936,
85939,
85990,
86021,
86057,
86083,
86205,
86210,
86255,
86378,
86388,
86497,
86584,
86611,
86716,
86738,
86761,
86909,
86953,
87038,
87220,
87227,
87300,
87316,
87372,
87425,
87428,
87499,
87601,
87669,
87724,
87802,
87861,
88052,
88139,
88143,
88202,
88205,
88207,
88269,
88304,
88334,
88376,
88398,
88563,
88818,
88936,
89011,
89099,
89280,
89502,
89523,
89573,
89650,
89918,
89970,
90033,
90059,
90097,
90099,
90111,
90361,
90405,
90546,
90686,
90782,
90801,
91537,
91648,
91865,
91910,
91916,
91966,
92069,
92339,
92458,
92633,
92940,
93338,
93536,
93665,
93708,
93725,
93745,
93970,
94194,
94433,
94515,
94557,
94962,
95002,
95030,
95164,
95184,
95257,
95671,
95815,
95863,
96015,
96033,
96179,
96204,
96220,
96241,
96242,
96247,
96283,
96295,
96338,
96366,
96380,
96383,
96415,
96421,
96827,
96834,
96883,
96951,
97015,
97034,
97067,
97139,
97250,
97281,
97313,
97460,
97461,
97481,
97527,
97570,
97590,
97605,
97640,
97648,
97660,
97686,
97724,
97767,
98110,
98117,
98135,
98163,
98216,
98223,
98240,
98250,
98251,
98252,
98272,
