3.8966,
0.942809,
0.760348,
0.629593,
0.557388,
0.505082,
0.461443,
0.423552,
0.429174,
0.378542,
0.350383,
0.326792,
0.313623,
0.294841,
0.306401,
0.273866,
0.259472,
0.243066,
0.229073,
0.231853,
0.230822,
0.224814,
0.209817,
0.213931,
0.202298,
0.18906,
0.199075,
0.201775,
0.186078,
0.183127,
0.176842,
0.175326,
0.170471,
0.178175,
0.163411,
0.163999,
0.167334,
0.162544,
0.164633,
0.156239,
0.164574,
0.159918,
0.152341,
0.1595,
0.157009,
0.149122,
0.17115,
0.148603,
0.147183,
0.14465,
0.14039,
0.142632,
0.160497,
0.139513,
0.142255,
0.136383,
0.129692,
0.151975,
0.134306,
0.131761,
0.129676,
0.128171,
0.134408,
0.128279,
0.125022,
0.127102,
0.128629,
0.127122,
0.127071,
0.126382,
0.128976,
0.127508,
0.12078,
0.121519,
0.121476,
0.121471,
0.120309,
0.127318,
0.120626,
0.118466,
0.118445,
0.115899,
0.115735,
0.116731,
0.122498,
0.125765,
0.136756,
0.120922,
0.117154,
0.110973,
0.115733,
0.116439,
0.115598,
0.113238,
0.112094,
0.132773,
0.116889,
0.1116,
0.11334,
0.111645,
0.107623,
0.117105,
0.115022,
0.112627,
0.107207,
0.106481,
0.114225,
0.109087,
0.111658,
0.107661,
0.107114,
0.121137,
0.114456,
0.11383,
0.11115,
0.106157,
0.107037,
0.108031,
0.110532,
0.106159,
0.100985,
0.104385,
0.102012,
0.104405,
0.102044,
0.107116,
0.106672,
0.104017,
0.107026,
0.100635,
0.124183,
0.102427,
0.104885,
0.106712,
0.110886,
0.10068,
0.0993942,
0.107938,
0.113191,
0.10069,
0.103968,
0.100341,
0.0983235,
0.0980402,
0.104073,
0.105786,
0.101228,
0.0994704,
0.101096,
0.0988255,
0.0985295,
0.0957085,
0.0978085,
0.101967,
0.096566,
0.0971105,
0.0958737,
0.0963854,
0.100053,
0.0960351,
0.096321,
0.0961498,
0.101992,
0.0954076,
0.0969154,
0.0983381,
0.101565,
0.105633,
0.09825,
0.0991374,
0.0926389,
0.0957485,
0.0963841,
0.0981537,
0.0921616,
0.096059,
0.101459,
0.0940848,
0.0923412,
0.10482,
0.0959043,
0.103224,
0.093538,
0.0924639,
0.0965136,
0.095234,
0.0999403,
0.102259,
0.0928383,
0.0975199,
0.0915631,
0.0956464,
0.0959667,
0.0935372,
0.0909134,
0.0908014,
0.0917008,
0.0923969,
0.0892728,
0.0918091,
0.0915604,
0.0919279,
0.0936789,
4.18813,
0.874814,
0.749589,
0.61962,
0.517937,
0.454849,
0.408018,
0.3676,
0.340947,
0.317992,
0.32735,
0.316094,
0.280737,
0.297952,
0.273192,
0.27692,
0.250644,
0.243717,
0.231076,
0.218403,
0.21097,
0.20954,
0.202728,
0.19764,
0.201139,
0.181373,
0.194038,
0.190088,
0.182885,
0.17571,
0.168034,
0.163434,
0.165444,
0.155644,
0.149114,
0.152565,
0.150295,
0.151414,
0.141025,
0.149943,
0.141695,
0.138406,
0.134282,
0.131701,
0.129497,
0.17957,
0.137381,
0.142792,
0.130957,
0.126937,
0.12319,
0.123214,
0.124535,
0.129756,
0.127572,
0.120627,
0.125935,
0.124764,
0.120202,
0.120826,
0.124128,
0.117167,
0.117351,
0.133225,
0.122243,
0.113912,
0.122662,
0.11691,
0.111019,
0.112287,
0.115353,
0.112628,
0.111891,
0.109792,
0.121435,
0.115639,
0.109618,
0.117952,
0.113619,
0.109404,
0.110369,
0.108289,
0.117782,
0.117593,
0.109426,
0.11205,
0.10404,
0.101769,
0.106931,
0.284844,
0.100449,
0.102089,
0.106593,
0.1013,
0.122506,
0.108861,
0.100798,
0.0999381,
0.104451,
0.11708,
0.105548,
0.10049,
0.107657,
0.101794,
0.0950977,
0.114228,
0.0993635,
0.0981919,
0.108861,
0.107274,
0.100365,
0.131452,
0.10066,
0.0984832,
0.0956945,
0.095509,
0.0956599,
0.0943409,
0.10115,
0.109576,
0.111564,
0.0969461,
0.0988122,
0.0966544,
0.0976216,
0.0987079,
0.0971015,
0.0990557,
0.0957011,
0.101348,
0.105817,
0.106316,
0.105208,
0.106178,
0.100677,
0.0969692,
0.094976,
0.099268,
0.0951063,
0.0952244,
0.0920889,
0.099938,
0.0959672,
0.0999884,
0.10432,
0.0945761,
0.0989565,
0.095022,
0.0920346,
0.090401,
0.105137,
0.0929468,
0.0940346,
0.0991816,
0.0959269,
0.0930415,
0.0946901,
0.0972246,
0.0926069,
0.091656,
0.0952282,
0.0911978,
0.0922398,
0.0957061,
0.100541,
0.0934184,
0.0949029,
0.0940792,
0.0949259,
0.0903092,
0.0895668,
0.0908989,
0.089956,
0.0886443,
0.101102,
0.096233,
0.0898955,
0.0951697,
0.103488,
0.0933665,
0.0927745,
0.0911471,
0.0894692,
0.0877104,
0.0938204,
0.0890047,
0.0900829,
0.0875535,
0.0942985,
0.0919409,
0.0871315,
0.0900262,
0.0945248,
0.0898585,
0.0864748,
0.0878941,
0.0865773,
0.0938864,
0.0896168,
0.094373,
0.0875875,
0.0843629,
0.0853033,
0.0922533,
0.0969434,
0.0873615,
0.08941,
0.0854079,
0.0857445,
0.103421,
0.0950012,
0.0873965,
0.0951084,
0.0888243,
0.0905458,
0.0862256,
0.0889241,
0.0850733,
0.0861154,
0.0846207,
0.0829101,
0.0813894,
0.0950646,
0.090957,
0.0968604,
0.0893314,
0.089696,
0.0893584,
0.0841658,
0.0864827,
0.0860582,
0.0843321,
0.0827129,
0.0851476,
0.0877514,
0.082622,
0.0818408,
0.083469,
0.0972444,
0.095786,
0.107302,
0.0959547,
0.0839489,
0.0889209,
0.0903912,
0.0940224,
0.0959745,
0.088626,
0.0848606,
0.0892152,
0.0891874,
0.0953713,
0.0867964,
0.0829891,
0.0829998,
0.099914,
0.0979093,
0.0892805,
0.0886794,
0.0851088,
0.0885805,
0.0848081,
0.0836943,
0.0823032,
0.0844532,
0.0831181,
0.0829814,
0.0927316,
0.0878637,
0.0958966,
0.0846198,
0.083949,
0.0855428,
0.0948558,
0.0843897,
0.0861929,
0.0853061,
0.083125,
0.0841295,
0.0913575,
0.0837047,
0.088197,
0.0860181,
0.0839342,
0.0827441,
0.0806207,
0.0811803,
0.0889293,
0.0823378,
0.079781,
0.0835606,
0.0796566,
0.088239,
0.0844493,
0.0793557,
0.0793536,
0.0847974,
0.0833203,
0.0808892,
0.0848612,
0.0820822,
0.0913224,
0.0852964,
0.0841429,
0.0816222,
0.0888713,
0.0932493,
0.0912534,
0.0819169,
0.0823393,
0.0808979,
0.0814418,
0.0864974,
0.0806566,
0.0855484,
0.0844939,
0.112296,
0.080145,
0.0838281,
0.0883505,
0.083532,
0.0834465,
0.0828536,
0.0826473,
0.0807819,
0.0810224,
0.0827336,
0.0818464,
0.0846391,
0.0823689,
0.0821393,
0.0889704,
0.0819173,
0.0805604,
0.083689,
0.0798288,
0.0804725,
0.0866385,
0.085995,
0.0823549,
0.0789784,
0.0791181,
0.0812077,
0.0803411,
0.0804843,
0.0804579,
0.129845,
0.0814573,
0.0882166,
0.0859572,
0.0783754,
0.0816086,
0.0845592,
0.0834477,
0.0814044,
0.0870633,
0.0845506,
0.0797785,
0.0802622,
0.0893117,
0.0878787,
0.0834201,
0.0804561,
0.0834116,
0.0814561,
0.0804194,
0.0777078,
0.0809198,
0.0834617,
0.0773007,
0.0855641,
0.0786527,
0.0793863,
0.0850808,
0.08072,
0.0815522,
0.0809481,
0.0829036,
3.89504,
0.841217,
0.701823,
0.594718,
0.505935,
0.444071,
0.398573,
0.34744,
0.319743,
0.330323,
0.431217,
0.298571,
0.307619,
0.290384,
0.284676,
0.261257,
0.280166,
0.241064,
0.239339,
0.252816,
0.231023,
0.239432,
0.222649,
0.225226,
0.209259,
0.20888,
0.20829,
0.212212,
0.189894,
0.186005,
0.187911,
0.192805,
0.191883,
0.179762,
0.174621,
0.179696,
0.177765,
0.170286,
0.168933,
0.176932,
0.164907,
0.160484,
0.156446,
0.155257,
0.155876,
0.148782,
0.155445,
0.158987,
0.158032,
0.1511,
0.154401,
0.143779,
0.147919,
0.146447,
0.145931,
0.141192,
0.144536,
0.14616,
0.137901,
0.141798,
0.137515,
0.132635,
0.129805,
0.143532,
0.130436,
0.123401,
0.128807,
0.136927,
0.126438,
0.120749,
0.124834,
0.124214,
0.121673,
0.122326,
0.12308,
0.14006,
0.122343,
0.117555,
0.116909,
0.115599,
0.118087,
0.118837,
0.113223,
0.11365,
0.124188,
0.110321,
0.111595,
0.111326,
0.112131,
0.111766,
0.110304,
0.109393,
0.12199,
0.108005,
0.106476,
0.10734,
0.108377,
0.113029,
0.12775,
0.122171,
0.1054,
0.108181,
0.105526,
0.104204,
0.104641,
0.111363,
0.109227,
0.10786,
0.101239,
0.107743,
0.110639,
0.111415,
0.117752,
0.116873,
0.108457,
0.103057,
0.101012,
0.120522,
0.110218,
0.0995959,
0.101836,
0.110676,
0.098838,
0.104377,
0.103774,
0.0968354,
0.100377,
0.0996652,
0.105401,
0.102948,
0.106627,
0.0979566,
0.0986966,
0.105804,
0.0983541,
0.100506,
0.0991687,
0.108226,
0.153131,
0.0994198,
0.113369,
0.100504,
0.115151,
0.11065,
0.101625,
0.102609,
0.0977695,
0.110145,
0.101876,
0.0954782,
0.108986,
0.0975695,
0.0998604,
0.0960649,
0.0933165,
0.095045,
0.0924651,
0.0927011,
0.100736,
0.0971913,
0.0977301,
0.0983151,
0.0938928,
0.093943,
0.103403,
0.110728,
0.0957832,
0.0933563,
0.0949276,
0.0949139,
0.110547,
0.0935619,
0.103833,
0.0992377,
0.0955036,
0.0959113,
0.0925852,
0.0923219,
0.0913929,
0.0910567,
0.0934361,
0.0985502,
0.0958831,
0.0922706,
0.0938575,
0.0996509,
0.0936606,
0.0958654,
0.0943484,
0.0917184,
0.091338,
0.0903578,
0.0990893,
0.0943088,
0.103736,
0.0962393,
0.100009,
0.096862,
0.0915002,
0.0896988,
0.0900382,
0.096933,
0.0965733,
0.0945335,
0.0943488,
0.0920326,
0.0897077,
0.0918438,
0.089967,
0.0906522,
0.088001,
0.08795,
0.0895984,
0.109482,
0.0952153,
0.0895752,
0.0884017,
0.0878655,
0.0888496,
0.0867717,
0.0901427,
0.0894682,
0.0946787,
0.0908834,
0.0881859,
0.0858197,
0.0876119,
0.100331,
0.0949649,
0.0914549,
0.0868067,
0.0872625,
0.0959531,
0.0937358,
0.0984467,
0.0887374,
0.0887716,
0.0891376,
0.0920398,
0.0920058,
0.0881554,
0.0877811,
0.0873097,
0.0911628,
0.089155,
0.0896746,
0.0867709,
0.0867301,
0.0923723,
0.0950262,
0.0842679,
0.0994534,
0.0888883,
0.0863241,
0.0919932,
0.0899643,
0.0880447,
0.0837805,
0.0921882,
0.0948293,
0.0889949,
0.0966495,
0.0926106,
0.0853857,
0.0898154,
0.0839636,
0.0884064,
0.099791,
0.0910836,
0.0869569,
0.0872689,
0.0889641,
0.0870827,
0.0886403,
0.0952051,
0.08751,
0.0867126,
0.0867641,
3.89488,
0.829876,
0.694874,
0.590843,
0.479507,
0.417294,
0.36463,
0.335967,
0.369946,
0.311781,
0.28901,
0.265196,
0.261986,
0.259925,
0.348694,
0.243406,
0.242823,
0.227014,
0.23213,
0.216158,
0.228925,
0.215764,
0.224087,
0.196807,
0.219012,
0.188789,
0.195237,
0.183345,
0.177305,
0.177405,
0.205742,
0.172472,
0.171955,
0.179559,
0.163769,
0.161624,
0.167476,
0.170693,
0.157291,
0.151271,
0.14862,
0.165658,
0.155497,
0.148392,
0.152389,
0.144294,
0.143286,
0.142352,
0.140601,
0.144343,
0.137928,
0.134267,
0.137749,
0.129496,
0.135943,
0.140678,
0.134226,
0.129658,
0.126835,
0.12835,
0.127255,
0.126818,
0.1208,
0.119159,
0.122515,
0.120548,
0.119341,
0.121205,
0.127845,
0.116965,
0.121916,
0.115077,
0.111005,
0.117166,
0.118132,
0.111949,
0.110643,
0.109477,
0.112254,
0.114323,
0.111963,
0.117547,
0.104347,
0.104905,
0.109221,
0.111824,
0.119667,
0.106967,
0.103581,
0.10351,
0.11203,
0.103819,
0.100351,
0.0985196,
0.108674,
0.107518,
0.103686,
0.100525,
0.103459,
0.0999644,
0.0980645,
0.110953,
0.0991993,
0.103829,
0.11662,
0.107841,
0.108847,
0.103907,
0.100601,
0.101831,
0.0993413,
0.100107,
0.0984587,
0.0990389,
0.100272,
0.0953845,
0.102723,
0.0967776,
0.101178,
0.112615,
0.098383,
0.0976854,
0.0988745,
0.0965809,
0.0970018,
0.0944802,
0.097509,
0.10555,
0.0928698,
0.0960572,
0.0995959,
0.104859,
0.0950641,
0.0914923,
0.0953531,
0.0986695,
0.109201,
0.0935006,
0.0925534,
0.091627,
0.0983674,
0.0960992,
0.106897,
0.0990353,
0.0958012,
0.104227,
0.0925289,
0.0942494,
0.0942384,
0.090204,
0.0895639,
0.0895962,
0.0920469,
0.100225,
0.0928206,
0.0906063,
0.095975,
0.0880599,
0.102221,
0.0940066,
0.0967569,
0.0941642,
0.0955576,
0.0884365,
0.0886987,
0.0890786,
0.0891084,
0.0960703,
0.094081,
0.0899395,
0.11761,
0.0927496,
0.0885306,
0.0929236,
0.0943343,
0.092545,
0.0898791,
0.0990187,
0.0890981,
0.0999475,
0.0877453,
0.0870493,
0.0945283,
0.101618,
0.0994544,
0.0951898,
0.0890579,
0.0909593,
0.087434,
0.103179,
0.0880629,
0.0918235,
0.0872309,
0.0901337,
0.08858,
0.0881548,
0.0881186,
0.0874776,
0.0957503,
0.084603,
0.0866962,
0.0861656,
0.0959322,
0.0854088,
0.0851516,
0.0860462,
0.112352,
0.0900083,
0.0918452,
0.0931223,
0.0870836,
0.0870278,
0.0874282,
0.0970621,
0.0963361,
0.0894524,
0.0910898,
0.0853119,
0.0903716,
0.084665,
0.08204,
0.0831644,
0.0827162,
0.0921228,
0.0883692,
0.0890243,
0.0867027,
0.101456,
0.0878726,
0.0859976,
0.0835129,
0.0904503,
0.0890667,
0.089864,
0.0835813,
0.0977816,
0.0937126,
0.0897709,
0.0922265,
0.0933018,
0.0858857,
0.091891,
0.0860732,
0.0818698,
0.0964822,
0.0848167,
0.0845542,
0.0863611,
0.103621,
0.0982016,
0.0829495,
0.0957604,
0.0847579,
0.0884935,
0.0824979,
0.0886084,
0.0912913,
0.0893648,
0.0899505,
0.0839211,
0.0933465,
0.0854256,
0.0853493,
0.094005,
0.0839975,
0.083132,
0.0924867,
0.0925121,
0.0868914,
0.0901319,
0.0804934,
0.0983731,
0.0814826,
0.081075,
0.0941606,
0.0946293,
0.0841212,
0.0905321,
0.0866651,
0.0880655,
0.085521,
0.0838058,
0.0876287,
0.0823537,
0.082147,
0.0837687,
0.0837866,
0.0840513,
0.0813872,
0.0823892,
0.089183,
0.0904773,
0.0854839,
0.0826372,
0.0851579,
0.0831449,
0.0932514,
0.0904309,
0.082771,
0.0853382,
0.0865729,
0.087998,
0.080851,
0.0869452,
0.0852517,
0.0802118,
0.0812867,
0.0821226,
0.0823875,
0.0814395,
0.0805095,
0.0823368,
0.0897675,
0.0842349,
0.0831286,
0.0805204,
0.0827908,
0.0814234,
0.0814678,
0.084489,
0.0950301,
0.0807283,
0.0826222,
0.0856189,
0.0850307,
0.0868635,
0.0784287,
0.0921694,
0.0822219,
0.0878672,
0.085801,
0.0830341,
0.0935574,
0.0815688,
0.0821243,
0.0804696,
0.0826736,
0.092157,
0.0910689,
0.0812472,
0.0807404,
0.087765,
0.0802174,
0.0813921,
0.0788977,
0.0788969,
0.0824246,
0.0785108,
0.0784678,
0.0771661,
0.0908812,
0.0807354,
0.0783002,
0.0814766,
0.0790982,
0.0802087,
0.0836778,
0.083428,
0.0805134,
0.0809964,
0.0893572,
0.0866728,
0.0831869,
0.0789236,
0.0785875,
0.077743,
0.0805705,
0.0828624,
0.0876008,
0.0812758,
0.0792284,
0.0823651,
0.079731,
0.0830363,
0.0807117,
0.0800709,
0.0821041,
0.0804287,
0.0800963,
0.0792826,
0.07958,
0.0799453,
0.0860698,
0.0839033,
0.0802225,
0.0803878,
0.0783934,
0.0814983,
0.0805011,
0.083532,
0.079145,
0.0792418,
0.0879126,
0.0854708,
0.0848463,
0.0769796,
0.0844479,
0.0863074,
0.0921205,
0.109741,
0.0831567,
0.0791688,
0.0795536,
0.0832949,
0.0796662,
0.0906686,
0.080257,
0.0796865,
0.081457,
0.0826887,
0.07936,
0.0786043,
0.0807292,
0.0793614,
0.0775349,
3.89514,
0.790354,
0.648977,
0.541789,
0.453044,
0.399666,
0.356974,
0.321361,
0.296399,
0.267821,
0.269843,
0.25232,
0.255918,
0.237016,
0.217658,
0.208515,
0.193354,
0.188453,
0.18761,
0.188291,
0.177003,
0.172187,
0.174803,
0.165329,
0.159447,
0.167648,
0.165276,
0.154066,
0.148474,
0.146856,
0.156065,
0.153466,
0.146458,
0.140833,
0.143322,
0.150819,
0.130849,
0.12824,
0.124732,
0.126257,
0.125703,
0.124597,
0.13296,
0.121978,
0.128314,
0.115281,
0.120118,
0.120846,
0.122795,
0.117441,
0.112612,
0.116637,
0.109794,
0.110746,
0.124557,
0.112261,
0.11225,
0.109193,
0.115191,
0.111267,
0.115313,
0.114623,
0.112438,
0.104684,
0.103418,
0.104467,
0.101502,
0.105297,
0.103831,
0.108194,
0.104931,
0.113553,
0.100723,
0.102638,
0.103089,
0.104535,
0.0989004,
0.096785,
0.101227,
0.102087,
0.0978924,
0.0958835,
0.101769,
0.0982679,
0.0983346,
0.101546,
0.0972115,
0.106361,
0.0997396,
0.0959562,
0.106526,
0.101864,
0.0922447,
0.0986029,
0.0995843,
0.0963915,
0.0970883,
0.0945532,
0.0953589,
0.10057,
0.106469,
0.0949414,
0.0933132,
0.0923688,
0.0952969,
0.0956249,
0.104098,
0.0997436,
0.0923985,
0.0907676,
0.0883595,
0.09587,
0.0899358,
0.111131,
0.0995445,
0.0893294,
0.0895218,
0.110615,
0.0899378,
0.0953917,
0.096142,
0.10359,
0.0947466,
0.091858,
0.0887498,
0.0918619,
0.0895465,
0.090591,
0.088644,
0.0933886,
0.0869588,
0.0879011,
0.0902948,
0.0910101,
0.0978747,
0.0921464,
0.087868,
0.0867055,
0.085706,
0.0846337,
0.0850981,
0.0880484,
0.088912,
0.0899402,
0.0899203,
0.0860203,
0.0857683,
0.0903515,
0.093238,
0.095734,
0.0988814,
0.0966998,
0.0898417,
0.0884955,
0.0863049,
0.0906649,
0.0905015,
0.0857703,
0.0925258,
0.090962,
0.0837523,
0.0917248,
0.0893625,
0.0867871,
0.0831833,
0.0959229,
0.0880725,
0.0856384,
0.0929168,
0.0860378,
0.0865809,
0.0902083,
0.0823656,
0.0867941,
0.0852292,
0.0830265,
0.0851931,
0.0835451,
0.0836489,
0.08295,
0.0816658,
0.0848291,
0.0844431,
0.0810206,
0.084961,
0.0908294,
0.0806183,
0.0829108,
0.0832005,
0.0782235,
0.0889626,
0.081515,
0.08588,
0.0902799,
0.0842997,
0.0924442,
0.0853779,
0.0815571,
0.0794285,
0.0856943,
0.0837303,
0.0805876,
0.0824851,
0.0778091,
0.0783861,
0.0791524,
0.0809287,
0.0856152,
0.084351,
0.0825866,
0.0837187,
0.0949335,
0.0888763,
0.0805177,
0.0895602,
0.090336,
0.0897569,
0.0967365,
0.087661,
0.0805509,
0.0796844,
0.0776479,
0.0803817,
0.0956789,
0.0781601,
0.0879987,
0.0910794,
0.095543,
0.0871529,
0.0856191,
0.0804969,
0.082157,
0.0755969,
0.0769353,
0.0775334,
0.0873096,
0.0773849,
0.0792262,
0.076828,
0.0831509,
0.0869168,
0.0870526,
0.0823713,
0.0875068,
0.0834676,
0.0793518,
0.0805679,
0.077859,
0.0844017,
0.0809138,
0.0848265,
0.083675,
0.079368,
0.0765269,
0.0785341,
0.0832509,
0.0767084,
0.084497,
0.0776991,
0.085123,
0.085744,
0.080763,
0.0849389,
0.0842876,
0.0781529,
0.0778122,
0.0783994,
0.078262,
0.0823163,
0.0822213,
0.07922,
0.0836365,
0.0788829,
0.0801071,
0.0794186,
0.0778839,
0.075691,
0.0777831,
0.0833668,
0.0873633,
0.0753172,
0.0755145,
0.076981,
0.0833499,
0.0786708,
0.0794408,
0.0774962,
0.0800108,
0.0769485,
0.0782476,
0.0766089,
0.0844995,
0.0755326,
0.0782241,
0.0783137,
0.0758176,
0.0776193,
0.0922549,
0.0775062,
0.0778439,
0.0784775,
0.076493,
0.0749857,
0.0764231,
0.0844712,
0.0781232,
0.0824876,
0.0800946,
0.0881601,
0.0771387,
0.0786211,
0.0780922,
0.0770836,
0.0858158,
0.074767,
0.0760829,
0.0835474,
0.0856118,
0.0751941,
0.0794332,
0.0789806,
0.0760427,
0.0782623,
0.0741369,
0.0736408,
0.0760072,
0.0844958,
0.0838184,
0.075674,
0.0762177,
0.0786754,
0.0871784,
0.081491,
0.074767,
0.076281,
0.0774602,
0.0751156,
0.0800913,
0.0772312,
0.0801806,
0.0796289,
0.0788911,
0.0795902,
0.0775344,
0.078617,
0.075884,
0.0857988,
0.0792507,
0.077104,
0.0793871,
0.0810928,
0.077,
0.074678,
0.0745066,
0.0753467,
0.0727052,
0.072641,
0.0764329,
0.082048,
0.0835996,
0.0774592,
0.0734253,
0.0762769,
0.0880962,
0.0776895,
0.0822827,
0.073375,
0.0807303,
0.0779243,
0.0775964,
0.0751064,
0.0761801,
0.0805823,
0.0761564,
0.0726717,
0.0731956,
0.0765285,
0.0803004,
0.0766831,
0.0720253,
0.08661,
0.0819362,
0.0861758,
0.0869669,
0.0846403,
0.0764482,
0.0772168,
0.073909,
0.0764648,
0.0746179,
0.075967,
0.0745364,
0.0756701,
0.0805407,
0.079683,
0.0756627,
0.0729102,
0.0752332,
0.0831156,
0.0748773,
0.0740846,
0.0731078,
0.0754676,
0.07931,
0.0754304,
0.0733221,
0.074658,
0.0764924,
0.0730255,
0.0787127,
0.0794375,
0.0756399,
0.0741583,
0.0834494,
0.0805333,
0.0726161,
0.0743803,
0.0769629,
0.0803839,
0.0772133,
0.0761836,
0.0736515,
0.071472,
0.0792158,
0.0771378,
0.0797871,
0.0771511,
0.0801228,
0.0710444,
0.0723641,
0.0723774,
0.079714,
0.0738485,
0.0733462,
0.0741591,
0.0728677,
0.0750174,
0.076955,
0.0774487,
0.0796824,
0.076962,
0.0782952,
0.0779099,
0.0771542,
0.0728803,
0.0730207,
0.0787048,
0.0790147,
0.0749012,
0.0761936,
0.0732158,
0.0730221,
0.0754806,
0.0751672,
0.0762956,
0.0723729,
0.0730144,
0.0816584,
0.0743071,
0.0832978,
0.0744974,
0.0818029,
0.0760253,
0.0740316,
0.0737591,
0.0842447,
0.0740428,
0.0800159,
0.0734736,
0.0718365,
0.0725706,
0.076476,
0.0907174,
0.0765038,
0.0764924,
0.0725548,
0.0722525,
0.0721786,
0.0733125,
0.0857726,
0.0733117,
0.0777898,
0.0822943,
0.0809305,
0.0713911,
0.0764481,
0.0790206,
0.0741786,
0.0723351,
0.0720172,
0.0700309,
0.0723275,
0.0735498,
0.0711817,
0.078381,
0.0756688,
0.074882,
0.0723189,
0.0750081,
0.0800628,
0.0765459,
0.0732976,
0.0738833,
0.0735465,
0.0706045,
0.080404,
0.0828707,
0.0762607,
0.0723341,
0.0744747,
0.0751302,
0.0825677,
0.0708232,
0.0723221,
0.0801192,
0.0837744,
0.070637,
0.0722087,
0.0736635,
0.0721641,
0.074416,
0.0733176,
0.0736064,
0.0827035,
0.08539,
0.0769109,
0.072089,
0.0763067,
0.0732273,
0.0829857,
0.0793019,
0.0730967,
0.0708855,
0.0733063,
0.079128,
0.0733594,
0.0713207,
0.0763351,
0.0768493,
0.0737201,
0.070953,
0.0738037,
0.0717107,
0.0724501,
0.0707604,
0.0717667,
0.0712641,
0.0711196,
0.0855005,
0.0768661,
0.0733733,
0.0734323,
0.0730388,
0.0734037,
0.0719844,
0.0720551,
0.0731272,
0.0799275,
0.0689468,
0.0760551,
0.0790501,
0.0759171,
0.0718809,
0.0722245,
0.0717136,
0.0711968,
0.0750871,
0.0714534,
0.076307,
0.075329,
0.0751834,
0.0716319,
0.0728624,
0.0730165,
0.0709096,
0.0701487,
0.0700099,
0.0733647,
0.0716978,
0.0721865,
0.0714501,
0.0720466,
0.070062,
0.0706974,
0.0714788,
0.071359,
0.0689598,
0.0731879,
0.0825718,
0.0789022,
0.0694183,
0.0738625,
0.0751523,
0.0711743,
0.0746438,
0.0719055,
0.0695157,
0.0712498,
0.0736854,
0.0774036,
0.0739453,
0.0722502,
0.0832947,
0.0743652,
0.0734843,
0.0719179,
0.0730505,
0.0705111,
0.0702645,
0.0713679,
0.0730517,
0.0703395,
0.0706188,
0.0701998,
0.0702742,
0.0712759,
0.0689266,
0.0725136,
0.0683609,
0.0729583,
0.0801074,
0.0692216,
0.0693375,
0.0739937,
0.0677565,
0.0760303,
0.071626,
0.0692219,
0.0723726,
0.074412,
0.0696719,
0.0689105,
0.0697825,
0.0702561,
0.0724845,
0.0745034,
0.0696722,
0.0720729,
0.0714178,
0.0711111,
0.0718555,
0.0691764,
0.0811911,
0.0822183,
0.0694264,
0.0722403,
0.0683187,
0.0687267,
0.0700754,
0.0779211,
0.0766271,
0.0693314,
0.0677773,
0.0735169,
0.0725956,
0.0717922,
0.0721348,
0.0851292,
0.0724637,
0.0705208,
0.0716096,
0.0741379,
0.0763432,
0.068347,
0.0753575,
0.0739842,
0.0691314,
0.0697415,
0.0769352,
0.069163,
0.0741009,
0.0765628,
0.0741581,
0.0727098,
0.0690107,
0.071481,
0.0698606,
0.0708877,
0.0708263,
0.0687763,
0.0752869,
0.0704,
0.0712887,
0.0687008,
0.0733334,
0.0717719,
0.0746685,
0.0715302,
0.0706882,
0.0749383,
0.0691556,
0.0732342,
0.0756265,
0.0787617,
0.0701901,
0.0704649,
0.0709061,
0.076004,
0.0722408,
0.0803988,
0.0707393,
0.0720019,
0.0720696,
0.0741165,
0.0689807,
0.0707268,
0.0697205,
0.0689621,
0.0721036,
0.0720151,
0.0739094,
0.0706643,
0.0754347,
0.0731175,
0.0716395,
0.0695744,
0.0710176,
0.0682282,
0.0677154,
0.0709519,
0.0763835,
0.0723855,
0.0696253,
0.0712977,
0.076112,
0.0800739,
0.0679053,
0.0728414,
3.89468,
0.728005,
0.621034,
0.501019,
0.41701,
0.333905,
0.275645,
0.238553,
0.23984,
0.2067,
0.178257,
0.181929,
0.171657,
0.159403,
0.146376,
0.146476,
0.131049,
0.135338,
0.124052,
0.138013,
0.123392,
0.123125,
0.121016,
0.1139,
0.113446,
0.112753,
0.107802,
0.107488,
0.0935032,
0.102519,
0.0929248,
0.0898784,
0.0903032,
0.0919682,
0.087154,
0.092825,
0.0926116,
0.0874131,
0.0840702,
0.0808939,
0.0835725,
0.0858706,
0.0839604,
0.096016,
0.0847715,
0.0784105,
0.0835897,
0.0762819,
0.0804365,
0.0830167,
0.0729949,
0.0742621,
0.0753634,
0.0732014,
0.0728494,
0.0766597,
0.0759198,
0.078244,
0.0827803,
0.0736333,
0.0760888,
0.076684,
0.0845372,
0.0741997,
0.0707681,
0.0713224,
0.0787562,
0.0745806,
0.0752935,
0.0723142,
0.0735155,
0.0705109,
0.0728984,
0.0725961,
0.0701022,
0.0702338,
0.0651494,
0.0686212,
0.0784661,
0.0687935,
0.07296,
0.065272,
0.0658652,
0.0691928,
0.0679174,
0.0752205,
0.0722787,
0.0664369,
0.067706,
0.0661803,
0.0641904,
0.0707003,
0.0712851,
0.0684189,
0.0677485,
0.0651828,
0.0699337,
0.0659541,
0.0620445,
0.0613716,
0.0672444,
0.06759,
0.0635058,
0.0670791,
0.0613643,
0.0638391,
0.0640473,
0.062189,
0.0626091,
0.0684652,
0.0636651,
0.0717367,
0.0726714,
0.0676695,
0.0686889,
0.0640542,
0.0686698,
0.0627276,
0.064177,
0.0618528,
0.0611808,
0.0637659,
0.0638271,
0.0614918,
0.063001,
0.0635767,
0.0608929,
0.065756,
0.0589939,
0.0658775,
0.0619013,
0.0630621,
0.0608082,
0.0599965,
0.059424,
0.0724495,
0.0648745,
0.0610856,
0.0611363,
0.065012,
0.0637101,
0.0668149,
0.0686938,
0.0648405,
0.0672467,
0.0682055,
0.0632768,
0.0586549,
0.0595258,
0.0592812,
0.0593603,
0.0556632,
0.0616117,
0.0610425,
0.0606599,
0.0580661,
0.0708628,
0.0607717,
0.0638688,
0.059157,
0.058951,
0.0601156,
0.056893,
0.0559301,
0.0589363,
0.0569851,
0.0583654,
0.0610423,
0.0673156,
0.0586763,
0.0581355,
0.0606672,
0.0581645,
0.0593769,
0.0669107,
0.0585901,
0.0603442,
0.0608987,
0.0564482,
0.0633714,
0.0577562,
0.0605619,
0.0600966,
0.0628571,
0.0560354,
0.0566421,
0.0584488,
0.0594359,
0.065603,
0.0574134,
0.0574646,
0.0596211,
0.0574668,
0.0546324,
0.057138,
0.0539572,
0.0585043,
0.0629181,
0.0623111,
0.0570748,
0.0592031,
0.0574555,
0.0555416,
0.0583927,
0.0563399,
0.0546107,
0.0616506,
0.0616605,
0.062289,
0.0600748,
0.0587782,
0.0550107,
0.064262,
0.055998,
0.060112,
0.0593344,
0.0573734,
0.0600407,
0.0595137,
0.0541019,
0.0601696,
0.0541777,
0.0570483,
0.057682,
0.0609364,
0.0577341,
0.061414,
0.0583564,
0.0579929,
0.0564757,
0.0567499,
0.0579766,
0.0545494,
0.0535995,
0.0600562,
0.0616589,
0.0536556,
0.0671148,
0.0567408,
0.0535441,
0.0548856,
0.0592697,
0.0529685,
0.0532357,
0.0600794,
0.0564421,
0.0603033,
0.0608307,
0.0570302,
0.0582469,
0.0586312,
0.0539105,
0.0589464,
0.0564821,
0.0566133,
0.0556625,
0.0610924,
0.0581847,
0.0579936,
0.0618342,
0.0534345,
0.0556302,
0.0566455,
0.0553886,
0.0565971,
0.0548896,
0.0533694,
0.0558936,
0.0587637,
0.0578566,
0.0553918,
0.0550859,
0.0564426,
0.0569686,
0.0567758,
0.0554992,
0.059796,
0.0549085,
0.0533676,
0.0528717,
0.0568476,
0.0568335,
0.0534778,
0.0536339,
0.0538652,
0.0571208,
0.0558318,
0.0557703,
0.059969,
0.0573986,
0.0521938,
0.0599333,
0.0537565,
0.0544464,
0.0525764,
0.0564574,
0.0565984,
0.0555853,
0.0563175,
0.0555509,
0.05522,
0.0551471,
0.0520898,
0.0513344,
0.0576804,
0.0586291,
0.0625097,
0.0571473,
0.0530961,
0.0551819,
0.0504655,
0.056715,
0.0543569,
0.0551189,
0.0520792,
0.0562099,
0.0534014,
0.0600468,
0.0587179,
0.0528923,
0.0525072,
0.052548,
0.0516913,
0.0575992,
0.0571268,
0.0560159,
0.0553476,
0.0519956,
0.0518309,
0.0571351,
0.0521891,
0.0523539,
0.0510129,
0.0543107,
0.0526165,
0.0570173,
0.0604042,
0.0542456,
0.0561764,
0.0535273,
0.0580441,
0.0548108,
0.0514729,
0.053173,
0.0506909,
0.0569358,
0.0597589,
0.0525244,
0.0519362,
0.0501866,
0.0595211,
0.053046,
0.0538703,
0.0507775,
0.0532132,
0.051762,
0.0566456,
0.0522026,
0.0572891,
0.058677,
0.0524968,
0.0533343,
0.051803,
0.0573495,
0.0527277,
0.0527958,
0.0516642,
0.0523842,
0.0507016,
0.0514322,
0.0515026,
0.0523339,
0.0540204,
0.0511957,
0.0550966,
0.0632984,
0.0641522,
0.0534453,
0.0580134,
0.0523646,
0.0535405,
0.0563747,
0.0556165,
0.0522745,
0.0531635,
0.0523776,
0.0493711,
0.0514179,
0.0537086,
0.0515172,
0.0508267,
0.0524433,
0.0521874,
0.0524325,
0.0518314,
0.053944,
0.0502233,
0.050739,
0.0500332,
0.0505742,
0.0524249,
0.0568126,
0.0555944,
0.0539983,
0.0532817,
0.0497942,
0.0540135,
0.0522402,
0.0539518,
0.0545753,
0.0508889,
0.0517586,
0.05188,
0.0531405,
0.0507075,
0.051315,
0.0513384,
0.0545027,
0.0535,
0.04935,
0.051047,
0.0566439,
0.0511341,
0.0514927,
0.0511037,
0.0556722,
0.0509687,
0.0540107,
0.0544177,
0.0510845,
0.0529663,
0.049745,
0.0501259,
0.0517544,
0.052053,
0.0559835,
0.0535977,
0.056112,
0.0529045,
0.0502019,
0.0542064,
3.89411,
0.687033,
0.546692,
0.427655,
0.347374,
0.288758,
0.235061,
0.238345,
0.232668,
0.192816,
0.17095,
0.168707,
0.143187,
0.145547,
0.131753,
0.127401,
0.120317,
0.121714,
0.122753,
0.107874,
0.110792,
0.109757,
0.0960915,
0.0924642,
0.099031,
0.0940653,
0.0912111,
0.0880787,
0.0873504,
0.0881867,
0.0835012,
0.0833401,
0.0832414,
0.0876352,
0.0763882,
0.081788,
0.0855839,
0.0730522,
0.0846122,
0.0731928,
0.0733974,
0.0789717,
0.0687108,
0.0771543,
0.0744223,
0.0666742,
0.0702196,
0.0752595,
0.0709577,
0.0702191,
0.066782,
0.0689431,
0.0683498,
0.0684176,
0.0624815,
0.0828921,
0.0691815,
0.0622561,
0.0626769,
0.0675705,
0.0613998,
0.0648857,
0.062166,
0.0613516,
0.0598977,
0.0622981,
0.0692388,
0.065727,
0.0618534,
0.0610093,
0.0662087,
0.061117,
0.0619505,
0.0625312,
0.0648334,
0.0656202,
0.0589567,
0.0603266,
0.0646919,
0.062186,
0.0573518,
0.0555791,
0.0554227,
0.0600277,
0.0574401,
0.0574426,
0.0619529,
0.0657147,
0.0590904,
0.0582542,
0.0641056,
0.060942,
0.0595117,
0.0561274,
0.0593157,
0.0600084,
0.0580871,
0.0563804,
0.0567839,
0.0549601,
0.0562816,
0.0570463,
0.059511,
0.0564693,
0.0590657,
0.0568972,
0.0586515,
0.059894,
0.0634274,
0.0580658,
0.0575716,
0.0571829,
0.0542884,
0.0582911,
0.0616293,
0.0609908,
0.0596722,
0.0587594,
0.0570185,
0.0591669,
0.0551091,
0.0578781,
0.0531918,
0.0579909,
0.0562131,
0.0535771,
0.0530022,
0.0548689,
0.0580147,
0.0526802,
0.0543527,
0.0547518,
0.0542028,
0.0564279,
0.059351,
0.0530548,
0.0541781,
0.0548527,
0.0517824,
0.0577869,
0.0545068,
0.0543473,
0.0528285,
0.0658641,
0.0568753,
0.0550027,
0.0580648,
0.0600262,
0.0529975,
0.0557105,
0.0561402,
0.0554077,
0.0571544,
0.0620626,
0.0544125,
0.0552764,
0.0516425,
0.0557772,
0.0539289,
0.0600312,
0.0594239,
0.0532901,
0.0541658,
0.0536266,
0.0558702,
0.0522803,
0.0557456,
0.0537602,
0.0600703,
0.0578776,
0.0542,
0.0521142,
0.0510215,
0.053097,
0.053155,
0.057464,
0.058388,
0.0541007,
0.0569444,
0.0542451,
0.0530439,
0.0533236,
0.0519999,
0.0532729,
0.0537906,
0.0518777,
0.053434,
0.0549609,
0.0559755,
0.0519101,
0.052212,
0.0528454,
0.0532357,
0.0506018,
0.0533294,
0.0531385,
0.0516211,
0.0523164,
0.0530054,
0.0514872,
0.0542691,
0.0518078,
0.0519655,
0.0515584,
0.0525644,
0.0536782,
0.0529247,
0.0494593,
0.0529984,
0.0509544,
0.0574374,
0.0538842,
0.0504704,
0.0511328,
0.0543938,
0.0528413,
0.0538545,
0.0532128,
0.0559386,
0.0562325,
0.0541052,
0.0519685,
0.0524001,
0.053625,
0.0512153,
0.0538275,
0.0555212,
0.0601031,
0.0546344,
0.0521547,
0.0524294,
0.0529452,
0.0592176,
0.0589716,
0.0526982,
0.0509138,
0.0577587,
0.0547408,
0.0581438,
0.0506247,
0.0497892,
0.0543483,
0.0512616,
0.0498152,
0.0504593,
0.0549714,
0.0533959,
0.0541933,
0.0523963,
0.0501904,
0.0515641,
0.0522752,
0.054541,
0.0496954,
0.0482309,
0.0548687,
0.0556179,
0.0481613,
0.0568541,
0.0517318,
0.0506345,
0.0534774,
0.0534946,
0.0507715,
0.0546646,
0.0500177,
0.0510757,
0.0495214,
0.0483988,
0.0508082,
0.0514302,
0.0518443,
0.0573983,
0.0550611,
0.0561687,
0.0562937,
0.0517103,
0.0540046,
0.0498973,
0.0520656,
0.049713,
0.0518237,
0.0502475,
0.0495878,
0.0498873,
0.0533604,
0.0517823,
0.0512968,
0.0480617,
0.0500529,
0.0531733,
0.0504958,
0.0507466,
0.0496484,
0.0491343,
0.0529196,
0.0497231,
0.054024,
0.0534206,
0.0528081,
0.050158,
0.0565403,
0.0554415,
0.0502045,
0.0549265,
0.0501829,
0.0524773,
0.0486418,
0.049661,
0.0528599,
0.051288,
0.057016,
0.0562503,
0.0515026,
0.050487,
0.0518026,
0.0489234,
0.0487172,
0.0511579,
0.0544184,
0.0526259,
0.0513027,
0.0526012,
0.0534703,
0.0510645,
0.0507794,
0.0529596,
0.0505347,
0.0486023,
0.0571146,
0.0500695,
0.048192,
0.0538197,
0.0486409,
0.0549654,
0.0505743,
0.0506865,
0.0529939,
0.0515636,
0.0546588,
0.0516235,
0.0509267,
0.048006,
0.0482461,
0.0525148,
0.0505073,
0.0488782,
0.0549847,
0.0532616,
0.0618886,
0.0529653,
0.0474406,
0.0506376,
0.0492299,
0.051229,
0.0472373,
0.0496215,
0.062606,
0.0599114,
0.0526756,
0.0485947,
0.0490154,
0.0512277,
0.054012,
0.0510129,
0.0473111,
0.0529143,
0.0476868,
0.0502073,
0.0513852,
0.0530107,
0.0541082,
0.0505071,
0.0505973,
0.049819,
0.0479413,
0.05178,
0.0527556,
0.0543672,
0.0564258,
0.0486737,
0.049667,
0.0492856,
0.0483859,
0.0513303,
0.0484287,
0.0555113,
0.0477899,
0.0475696,
0.0531953,
0.0556008,
0.0523144,
0.0515792,
0.0486468,
0.0530473,
0.0475536,
0.0520705,
0.0508191,
0.0483234,
0.0504466,
0.049777,
0.0501952,
0.0492763,
0.0498233,
0.053281,
0.047535,
0.0483262,
0.0486293,
0.052107,
0.0578859,
0.0504152,
0.0539088,
0.050067,
0.0488241,
0.0464179,
0.0489278,
0.0502267,
0.0477076,
0.0507075,
0.0520488,
0.0489882,
0.0530731,
0.0495602,
0.0512081,
0.0484406,
0.0531275,
0.0509219,
0.0543463,
0.0501606,
0.050335,
0.0497409,
0.0470286,
0.0499759,
0.0496595,
0.0479044,
0.0498571,
0.0494867,
0.0486988,
0.0473546,
0.0477395,
0.0475973,
0.0522403,
0.0471425,
0.05051,
0.0557709,
0.0514651,
0.051559,
0.0481421,
0.0477771,
0.0491727,
0.0491432,
0.0504338,
0.0498621,
0.0477792,
0.0483328,
0.0516916,
0.0511726,
0.0498158,
0.0470954,
0.0491133,
0.0469642,
0.046965,
0.0486889,
0.0485507,
0.0504677,
0.0497008,
0.052682,
0.0532338,
0.0483682,
0.0494937,
0.0471643,
0.0497041,
0.049526,
0.0516462,
0.0482255,
0.0481122,
0.0485514,
0.0564656,
0.0506455,
0.04843,
0.0513354,
0.0494732,
0.0533892,
0.0559212,
0.0488027,
0.0470548,
0.0501028,
0.0496725,
0.0499864,
0.0473971,
0.0492277,
0.0475848,
0.0498665,
0.0485005,
0.0492317,
0.050069,
0.0495889,
0.0492165,
0.062529,
0.0493379,
0.0494382,
0.0496119,
0.0530689,
0.0504741,
0.049804,
0.0466276,
0.0484012,
0.0485306,
0.0504929,
0.0496083,
0.0473888,
0.0498385,
0.0499654,
0.045866,
0.0520521,
0.0484149,
0.0482663,
0.0479637,
0.0465419,
0.0527937,
0.0480088,
0.0492894,
0.0457033,
0.0485432,
0.0457028,
0.0466512,
0.0484421,
0.0511797,
0.0573223,
0.0475364,
0.0555621,
0.0462166,
0.0482015,
0.0507308,
0.0460774,
0.0463854,
0.0465797,
0.049347,
0.0477122,
0.0522367,
0.0528408,
0.0464298,
0.0476332,
0.0476934,
0.0473813,
0.0464579,
0.0481369,
0.0483417,
0.0468239,
0.0482302,
0.0492087,
0.0483929,
0.0480903,
0.0529832,
0.0486441,
0.0537489,
0.0518796,
0.0476798,
0.0485548,
0.0467057,
0.0455339,
0.0475755,
0.0527413,
0.0478884,
0.0505673,
0.0536959,
0.046765,
0.0522181,
0.0466916,
0.0472958,
0.0458764,
0.0479076,
0.0478569,
0.0474813,
0.0474023,
0.0487419,
0.0475219,
0.0465601,
0.0471507,
0.0444878,
0.0487731,
0.0506064,
0.0454313,
0.0553953,
0.0471509,
0.0482328,
0.0490222,
0.0493752,
0.049229,
0.0473413,
0.0502754,
0.046445,
0.0464455,
0.0458728,
0.0483761,
0.0457814,
0.0482959,
0.0482756,
0.0494795,
0.0528085,
0.0460989,
0.0480187,
0.0475397,
0.0476831,
0.0499544,
0.0491685,
0.0461716,
0.0522097,
0.049432,
0.0478173,
0.0475759,
0.0525968,
0.048234,
0.0488131,
0.0530684,
0.0517322,
0.0525385,
0.0500017,
0.0556416,
0.0496567,
0.0493212,
0.051284,
0.0482296,
0.0509126,
0.0481614,
0.0481319,
0.046113,
0.0472018,
0.049855,
0.050279,
0.055346,
0.0467316,
0.0489198,
0.0482683,
0.0499825,
0.0489859,
0.0466629,
0.0454488,
0.048848,
0.051004,
0.0476252,
0.0494017,
0.0524351,
0.0481606,
0.0463537,
0.0477764,
0.0465934,
0.0466681,
0.0490081,
0.0487095,
0.0465107,
0.0478788,
0.0462827,
0.0459919,
0.0472608,
0.0470998,
0.0475425,
0.0532561,
0.0466158,
0.0483783,
0.0478668,
0.0469523,
0.0507868,
0.0466812,
0.0486984,
0.0497357,
0.0514126,
0.0499018,
0.0477968,
0.0462765,
0.0452033,
0.0504176,
0.0499821,
0.0477227,
0.0501754,
0.0487078,
0.0465992,
0.0451449,
0.0479184,
0.0513133,
0.0489225,
0.0535327,
0.0502356,
0.0462981,
0.0477213,
0.0479003,
0.0503907,
0.0459961,
0.0458418,
0.0470279,
0.0477488,
0.0524615,
0.0510687,
0.04904,
0.0470362,
0.0493417,
0.0475049,
0.0475308,
0.0453765,
0.0449756,
0.0459706,
0.054055,
0.0483925,
0.0475333,
0.0455344,
0.0506939,
0.0508265,
0.0478886,
0.0456916,
0.0462728,
0.0452554,
0.047721,
0.0470759,
0.0467167,
0.0474391,
0.0475721,
0.0541122,
0.0535408,
0.0483,
0.0471702,
0.0449289,
0.044884,
0.0481679,
0.0468842,
0.0502063,
0.0494839,
0.0507664,
0.0543393,
0.0475151,
0.0478549,
0.0474603,
0.0495825,
0.0484369,
0.046181,
0.0470714,
0.0481936,
0.0477269,
0.0491598,
0.0480623,
0.047968,
0.0448415,
0.0481036,
0.0477063,
0.0458381,
0.0483451,
0.0443954,
0.0444402,
0.043545,
0.0560904,
0.0496804,
0.051478,
0.0498586,
0.0461567,
0.0487129,
0.0459285,
0.0474761,
0.0463273,
0.0446841,
0.0474133,
0.0483106,
0.0462409,
0.0447725,
0.0485628,
0.0510981,
0.0487136,
0.0467118,
0.0503169,
0.0521962,
0.0471595,
0.045941,
0.0493755,
0.0503488,
0.0482176,
0.0491116,
0.0443431,
0.0472099,
0.0499906,
0.0491461,
0.0455622,
0.0476765,
0.0461895,
0.0453221,
0.0489661,
0.0528391,
0.0509748,
0.047601,
0.0532021,
0.0529586,
0.0471829,
0.0451365,
0.0468135,
0.0484315,
0.0479742,
0.0458605,
0.0477887,
0.046564,
0.0448655,
0.0463685,
0.045842,
0.0448804,
0.0470955,
0.0481169,
0.0470359,
0.0443495,
0.0479338,
0.0462203,
0.0465983,
0.0487493,
0.0491357,
0.0458504,
0.048953,
0.0466267,
0.0577091,
0.0450551,
0.0489124,
0.0473998,
0.0474028,
