
 63917          19.5    1.09119737             0
 42790           8.5   0.926010072             0
 50225          12.5   0.847928405             0
   342           4.5   0.758170366             0
 65844           5.5   0.706588447             0
 86953          10.5   0.679668069             0
 22178           5.5   0.650481284             0
 84382          15.5   0.608924866             0
 93745          36.5   0.574878693             0
 95863          22.5   0.569075048             0
 42214           7.5   0.555196047             0
 70767           7.5   0.532620728             0
 71819           9.5   0.500468969             0
 51204           2.5   0.496033788             0
 42992           8.5   0.497394472             0
 17837          11.5   0.479431331             0
 74435           7.5   0.458031178             0
 68668           3.5   0.435085833             0
 85423           4.5    0.45841831             0
 29933           3.5   0.427266091             0
 74600           4.5   0.437173694             0
   722           6.5   0.429596305             0
  6832           7.5             0   0.426036626
 78862          14.5   0.444405496             0
 84172          14.5   0.406771213             0
 42352           7.5   0.412958682             0
 35014          13.5   0.403800905             0
   161           7.5    0.38596639             0
 24385           3.5   0.407360494             0
 68512           8.5   0.380662769             0
 67779           2.5   0.381848514             0
   899           3.5   0.380324274             0
 22041           2.5   0.369744569             0
 21719           2.5   0.373896092             0
 50172           2.5    0.36311537             0
   187           5.5   0.371544242             0
 87220          17.5   0.353325009             0
 73355           5.5   0.347638309             0
 94433          14.5   0.356819868             0
 89650          47.5   0.347311914             0
 70186           8.5   0.350487351             0
   746           1.5     0.3434048             0
 59568           0.5     0.3468256             0
 51301           4.5   0.334840357             0
 72425           3.5   0.340020955             0
 47991           9.5   0.349025041             0
   954           3.5   0.341651589             0
 39451           3.5   0.331055492             0
 96380           3.5   0.341688037             0
 21543           5.5   0.340457022             0
 94557          27.5   0.330096722             0
 88202          11.5   0.349262834             0
 39651           0.5   0.332325011             0
 95815          20.5   0.325726002             0
 56878           1.5   0.318388194             0
   873           2.5   0.329152286             0
 73995          11.5    0.32204777             0
 64244          15.5   0.318738222             0
 58517           3.5   0.308021575             0
 61041          14.5   0.316816062             0
 63853          18.5             0   0.326567292
 45703           0.5   0.325374603             0
 75508           9.5    0.31037578             0
 90033          19.5   0.314463258             0
 57342           2.5   0.300761461             0
 63051          11.5    0.30471912             0
 14111           4.5   0.301153839             0
   438           3.5   0.305456012             0
    32           0.5   0.324369103             0
 61971           6.5   0.310565412             0
 84293           4.5   0.305898458             0
 56479           2.5   0.302379489             0
  1282           5.5    0.30534023             0
 51161           3.5   0.306281596             0
 65783           8.5   0.960548818             0
 42416           7.5   0.795643985             0
 83442          35.5   0.722518742             0
 49022           4.5   0.653542578             0
 69657           8.5   0.629382908             0
   810           4.5   0.615108013             0
 95671          20.5   0.588764846             0
 42149           3.5   0.526941359             0
 71402           6.5   0.520121574             0
 22269           4.5    0.49486661             0
 53477           5.5   0.480041772             0
 75532           8.5   0.473826289             0
 85452          10.5   0.459269106             0
 15595          10.5   0.445240855             0
   364           5.5   0.444432795             0
 74401          10.5    0.43160966             0
 75760          22.5   0.423973531             0
 70764           3.5   0.423525691             0
 60144           7.5   0.411947846             0
 22312           3.5   0.399040222             0
 70534           4.5   0.399915218             0
 73380           2.5   0.391155779             0
 42803          10.5   0.394196987             0
 49137          10.5   0.378783196             0
 22194          10.5   0.374671251             0
 73603           5.5   0.373317748             0
 85751          18.5   0.371239275             0
    97           6.5   0.371480227             0
 50230           1.5   0.369070739             0
   246           5.5   0.352146119             0
 69600           6.5   0.348377287             0
 70588           4.5    0.34965679             0
 57327           0.5   0.343993962             0
 42864           7.5   0.357092291             0
 28717           3.5   0.340958118             0
 16906          11.5   0.334724784             0
 35420           2.5    0.33365193             0
   840           5.5   0.325844347             0
 77235          18.5   0.319910824             0
 82801          23.5   0.330589861             0
 70225           6.5   0.313831985             0
 51081           5.5   0.313699186             0
 51213           0.5   0.305650026             0
 66789           7.5   0.315802038             0
 97015           1.5   0.325420737             0
 43744           6.5   0.334793299             0
 21639           1.5   0.310424626             0
 71153          13.5   0.311579734             0
 21474           4.5   0.310718417             0
 86255           4.5   0.314695656             0
 77106          30.5    0.31213516             0
 67902           4.5             0   0.327849388
 42621           0.5   0.315889895             0
 21913           6.5   0.340086728             0
 77887           7.5   0.309044391             0
 32225           1.5   0.305059493             0
 57325           6.5   0.298073411             0
 76382           7.5   0.293787628             0
 22196           4.5   0.296523452             0
 96338          11.5   0.293839753             0
 68812           3.5   0.294917434             0
 55665          10.5   0.295241117             0
 72387           7.5   0.292345911             0
 57295           5.5   0.286123574             0
   283           3.5   0.281487584             0
   910           2.5   0.288431227             0
 59716           0.5   0.291537851             0
 83700          18.5   0.287556469             0
 33622           1.5   0.289958447             0
 21423           2.5   0.287874103             0
 34583           1.5   0.275605321             0
 53416           1.5   0.284838557             0
 87372          12.5   0.280753583             0
 21505           2.5   0.278376609             0
 53683          13.5    0.28497541             0
 47361           0.5   0.282162786             0
 45256           4.5   0.290664285             0
 75917           5.5   0.273169667             0
 82510           3.5   0.267271012             0
 72687           9.5   0.288066745             0
 95164           4.5   0.270850152             0
 49292           3.5   0.270819545             0
 43045           3.5   0.264778644             0
 51328           1.5   0.268573225             0
 98163          21.5   0.264400393             0
 59889          11.5   0.263847619             0
 72102           4.5   0.267576456             0
 21438           7.5   0.267377436             0
 22104           2.5   0.263911664             0
 57924           0.5   0.277374268             0
 30977           5.5   0.273966014             0
 75505          27.5   0.261659026             0
 48421           8.5             0   0.273610651
 22118           4.5   0.273230135             0
 73779          24.5   0.280624121             0
 81680           4.5   0.282463133             0
 22524           1.5   0.266973943             0
 73585          19.5   0.263984948             0
 27635           4.5   0.255510986             0
 97481           2.5   0.253981292             0
   932           4.5   0.254532874             0
 51313          10.5   0.257846415             0
 53997           6.5   0.253117949             0
   373           0.5   0.251853466             0
 40906           0.5    0.25444746             0
 54762           3.5    0.25700146             0
 22994           1.5   0.263566822             0
 92940          11.5   0.250218779             0
 62899          14.5   0.889118075             0
 96295          15.5   0.694741726             0
 61037          10.5   0.645537317             0
 22145           6.5   0.571961582             0
 67979           8.5   0.553683639             0
 50228           4.5   0.536892653             0
 51251           7.5   0.514104545             0
 86909           7.5   0.499930084             0
   751           4.5   0.498564154             0
 71270           8.5   0.466069549             0
 21607           4.5   0.463457674             0
 93970          12.5    0.44432801             0
 43120           5.5   0.421822459             0
 71023           8.5   0.413848102             0
 85004          13.5   0.410768986             0
   279           2.5   0.393429607             0
 94194          60.5   0.382579088             0
   156           2.5   0.373802274             0
 69779           6.5   0.366751432             0
 58285           5.5   0.366345525             0
 65726           5.5   0.359434783             0
 80311          16.5    0.35052976             0
 42150           7.5   0.351332664             0
 93725          21.5   0.337228239             0
 61553          10.5   0.328569502             0
 85363          30.5   0.327485114             0
  6795          13.5             0   0.338356912
   991           7.5   0.365969509             0
 61105          15.5   0.322124451             0
 82545          22.5   0.315310031             0
   305           4.5   0.314456791             0
 88052          14.5   0.311663866             0
 53943          14.5   0.309044749             0
 28781           3.5   0.310844183             0
 52389           4.5   0.308329672             0
 53782           1.5   0.304884553             0
 60080          11.5   0.304407537             0
 61899           8.5   0.306217313             0
 20197           3.5   0.296071529             0
 21297           2.5   0.295875967             0
 60973          10.5             0   0.295718431
 22722           1.5   0.312478632             0
 59954          19.5   0.291136682             0
 51825          10.5   0.291527867             0
 98110           9.5   0.296541244             0
 96231          15.5             0   0.297349274
 42631           2.5   0.298533022             0
 93665           5.5   0.286671579             0
   781           7.5   0.289589971             0
 85059          11.5   0.292610407             0
 39308           1.5    0.28716293             0
 57182           3.5   0.282587767             0
 21437           5.5    0.28057453             0
 79144           2.5   0.305822313             0
 70430           3.5   0.276740223             0
 21684           7.5    0.27928403             0
 58541           5.5   0.272756398             0
 60555           8.5   0.266949803             0
 96241          45.5   0.269920439             0
 27430           6.5             0   0.282308072
 42928           9.5   0.293144792             0
 42585           4.5   0.275068969             0
 63092          12.5   0.281455338             0
 87428           9.5   0.268346131             0
 71916           5.5   0.260029703             0
 78964           5.5   0.261166364             0
 71466           7.5   0.257331461             0
 22930           1.5   0.262901932             0
 77811          26.5   0.266943842             0
 39309           0.5   0.271277636             0
 72747           2.5   0.265982509             0
 76215          10.5   0.254822314             0
 73802           4.5   0.258568943             0
 39038           8.5   0.257395685             0
 71219          16.5    0.25544396             0
 87861           7.5   0.261689723             0
 48357           8.5             0   0.250773847
 21374           5.5   0.282621831             0
 22386          14.5   0.248712376             0
 58687           1.5   0.261698335             0
 73393          16.5   0.251341909             0
 83027          14.5   0.249182716             0
 50163           9.5   0.256234139             0
 55235           1.5   0.251047403             0
 83301          13.5   0.265427679             0
 80563          37.5             0   0.251207978
 61042          35.5   0.259524167             0
 53165           2.5   0.251115233             0
 53891           5.5   0.273410499             0
 97686           5.5   0.249441817             0
 88207           2.5   0.251160264             0
 74916           0.5   0.252005219             0
 32083           1.5     0.2582829             0
 81393          24.5   0.252684683             0
 66642           1.5   0.247043222             0
 52626           6.5   0.248997122             0
 21410           4.5   0.250980079             0
   504           1.5   0.248489499             0
 75468          12.5   0.243522033             0
 42626           1.5   0.245352983             0
 13949           1.5   0.253000706             0
 73906          45.5    0.24678421             0
 58599           0.5   0.245476425             0
 66725           7.5   0.248098865             0
 21992           0.5   0.252192229             0
 22192           4.5   0.239636526             0
 86388          14.5    0.23578921             0
 21984           2.5   0.235844567             0
 31097           3.5   0.233612433             0
 38939           0.5   0.259641737             0
   497           3.5   0.240757018             0
 66402           0.5   0.241750389             0
 14664          14.5   0.249119639             0
   836           3.5   0.231492013             0
 41342           5.5   0.232893437             0
 89011          33.5   0.230516255             0
 53267           1.5   0.239751771             0
 53171          12.5   0.235053122             0
 54632           2.5   0.234074056             0
 49079           7.5   0.229375735             0
 78855           0.5   0.235671118             0
 53489          12.5   0.244615093             0
 39854           0.5   0.237695843             0
 35982           2.5   0.240662307             0
 39002           1.5   0.234530151             0
 32232           2.5   0.238848716             0
 21581           0.5   0.240938067             0
 51569          11.5   0.233942568             0
  1094           5.5   0.228196353             0
 21937           4.5   0.228012666             0
  4798           1.5   0.229318246             0
 22408           2.5   0.229591817             0
 72585           4.5   0.227497265             0
 83873          15.5   0.228321478             0
 60207           3.5   0.227843598             0
 65351          12.5             0   0.223779291
 29997           2.5   0.223356932             0
 60259           4.5   0.230442211             0
 30051           0.5   0.221978858             0
 70652           8.5   0.242298841             0
 81576           0.5   0.239666998             0
 59605           5.5   0.239902332             0
   368           1.5   0.230855227             0
 43474           6.5   0.234427437             0
  5997          10.5             0   0.235469148
 21721           3.5    0.23905912             0
 66773           2.5   0.236280218             0
 52910           2.5   0.233922392             0
 58377           5.5   0.231919706             0
 42288           4.5   0.235723808             0
 44040           2.5   0.231403336             0
 88269           3.5   0.236057669             0
 22258           9.5   0.223794729             0
 48050          16.5   0.831816435             0
 81630          15.5    0.66004169             0
 62001          11.5   0.589957416             0
 70832          10.5   0.565386951             0
 96883          27.5   0.521529436             0
 42854           5.5   0.495087773             0
 51417           3.5   0.471769661             0
 86083           9.5   0.463218927             0
   401           4.5   0.443228722             0
 51104           3.5   0.421765417             0
 42547           7.5   0.407895565             0
 65780           6.5   0.396101952             0
 94962          63.5   0.390665054             0
 31191           2.5   0.372180641             0
 36166          13.5   0.363295823             0
 75114          18.5   0.359044075             0
 71727           6.5   0.352555782             0
 53705           5.5   0.348766536             0
   869           5.5   0.345387697             0
 49445          11.5             0   0.342280924
 90290          58.5   0.363179177             0
 42278           7.5   0.346862465             0
 89523          23.5   0.328450352             0
 97034           9.5   0.317403734             0
 74200           3.5   0.310448319             0
 21480           3.5   0.312320322             0
 70505           4.5   0.311732501             0
 62027           9.5   0.300203174             0
 74482          34.5   0.299123704             0
 51140           1.5   0.296599001             0
   609           3.5   0.291589737             0
 22050           3.5   0.292705268             0
 70595           5.5   0.287039429             0
 72916           5.5   0.287963301             0
 22039           1.5    0.28476277             0
 38614           7.5   0.279854745             0
 42227           8.5   0.283068866             0
 18569           4.5   0.275734931             0
    19           5.5   0.275400013             0
 57041           2.5   0.273738652             0
 60187           2.5   0.270943254             0
 59814          11.5   0.270840049             0
   338           1.5   0.277325183             0
   132           4.5   0.266673386             0
 54031           4.5   0.262751549             0
 45222           6.5             0    0.26360929
  2020           5.5   0.280845881             0
 42519           3.5   0.257628143             0
 29804           2.5   0.261586875             0
 80734          15.5             0   0.256771803
 74481          13.5   0.265649945             0
 21618          13.5   0.260912091             0
 42962           1.5   0.264650404             0
 84787          26.5   0.263757378             0
 20269           6.5   0.257313043             0
 37145           3.5    0.25280726             0
 60002           4.5   0.258093208             0
 73965           7.5    0.25479576             0
 35591           2.5   0.248264462             0
 50167           3.5   0.245782956             0
 57009          10.5   0.251492798             0
 67505          12.5   0.245478123             0
 73611           7.5    0.24309352             0
 29880           2.5   0.244551077             0
 42085           1.5   0.252827615             0
 75422          12.5   0.251524657             0
 47986          44.5             0    0.29127875
 50801          12.5   0.255646199             0
 65790           6.5   0.244288146             0
 22076           2.5   0.236849949             0
 35484           1.5   0.236912444             0
 22376           3.5    0.23629339             0
 72552           2.5   0.242548406             0
  5283           1.5   0.231631547             0
 86185          14.5   0.235220149             0
 54112           1.5   0.240043953             0
 98240          13.5    0.23508212             0
 45373           1.5   0.232241571             0
 35954           8.5   0.227444977             0
 23200           3.5   0.231408164             0
 55267           0.5   0.232494816             0
  1341           9.5   0.248294115             0
 75543           2.5   0.239817932             0
 88334           8.5   0.227018103             0
 74756          10.5   0.226169497             0
 73151           0.5   0.223011494             0
 98044           9.5   0.234077081             0
 54125           7.5   0.230417803             0
 87802          12.5   0.223273411             0
   989           0.5    0.23397629             0
 50111           1.5   0.224275649             0
  1308           6.5   0.224426419             0
 38677           1.5   0.230718106             0
 49316           2.5   0.216882959             0
 66432           0.5   0.220296323             0
 69167          12.5   0.237624153             0
 22320           4.5   0.221083671             0
 44336           3.5             0   0.227133304
 72098           0.5   0.220524251             0
 67858           3.5   0.223883703             0
 77691           3.5   0.221063286             0
   457           0.5     0.2195158             0
 70524           7.5   0.228856266             0
 76110           5.5   0.223609328             0
 34513           1.5   0.215016365             0
 96763           4.5   0.218157724             0
 75824          21.5   0.215610191             0
 72480           5.5    0.21251899             0
 58195           0.5   0.216171831             0
 42649           8.5   0.230880961             0
 42561           1.5   0.226802438             0
 52536           2.5             0   0.216988504
   309           4.5   0.245391235             0
 81969          20.5   0.217450842             0
 54962          22.5   0.212412655             0
 89918          19.5   0.208920702             0
 58697           1.5   0.220331922             0
 72704           2.5   0.225642607             0
 38299           2.5   0.220888183             0
 49582           5.5   0.210024446             0
 65970          49.5             0   0.216449842
 77300          11.5   0.226174816             0
 59503           2.5   0.218368486             0
 38889           1.5   0.216637641             0
 36007           2.5   0.213985234             0
 54810           1.5   0.215276375             0
 52338          15.5   0.209578857             0
 70800           3.5   0.207665265             0
 45808           6.5             0   0.228833795
 77224           7.5   0.233873576             0
 98046          18.5   0.212146342             0
 34387           1.5   0.205649406             0
 22051           2.5   0.208589539             0
 53869           6.5   0.207159176             0
 92633           1.5    0.20685108             0
 57289           5.5   0.208936855             0
 26477           3.5   0.212128744             0
 59944           5.5   0.213962808             0
 68684           2.5   0.210780427             0
 21552           4.5   0.207317144             0
 95861          12.5   0.206356004             0
 61011           5.5     0.2004233             0
 76206          42.5             0   0.213159069
   556           2.5   0.220138505             0
 75021           4.5   0.206732288             0
 44680           1.5   0.211654857             0
 16036           4.5   0.209614292             0
 84334           2.5   0.208814055             0
 66937           2.5   0.214982241             0
  8311           1.5    0.20508717             0
 90097          22.5   0.204149619             0
 95002           3.5   0.206333473             0
 38580           2.5   0.205728069             0
 97363           4.5   0.203976274             0
 72320           2.5    0.19940649             0
   814           1.5   0.206245288             0
 86147          10.5             0   0.205146551
 74609           7.5   0.200741783             0
 22111           2.5   0.209834859             0
 52562           5.5    0.19827348             0
   663           4.5   0.201200217             0
 26598           3.5             0    0.20532088
   877           1.5   0.208784163             0
 74899           5.5   0.204948992             0
 89032           4.5             0   0.204387754
 97975          13.5   0.215500921             0
 25443           2.5   0.201183364             0
   128           3.5   0.197457179             0
 53385           1.5   0.203000054             0
 33381           3.5   0.199370235             0
 43699          25.5             0   0.209865227
 21874          21.5   0.222040892             0
 82728           0.5   0.213516802             0
 18422           5.5   0.209193438             0
 24366           1.5   0.199571788             0
 42982           4.5   0.196405888             0
 22024           0.5     0.1967801             0
 57578           7.5   0.203092679             0
 39605           1.5   0.198755026             0
 14170           4.5   0.196394563             0
 22866           1.5   0.192381501             0
 50235           4.5    0.20049639             0
 21265           2.5   0.195946708             0
 86560           2.5   0.203380287             0
 85850           5.5   0.215236217             0
 65975          15.5             0    0.19537732
  4208           1.5    0.19400686             0
 53937          11.5   0.193274155             0
 77113           1.5   0.199772865             0
 60594          42.5   0.198558196             0
 66667           0.5   0.198472112             0
 21955           2.5   0.202995837             0
 42931           9.5   0.205659166             0
 37887           2.5   0.197398081             0
 74436           4.5   0.194390491             0
 38702           0.5   0.197432622             0
 44582           5.5             0   0.196944997