12 43 60 40 0 
1 -1.528559621311 
2 -1.620653443347 
3 -1.889391686829 
3 -2.071476173669 
4 -1.837631620585 
3 -2.253744966856 
5 -1.948334639328 
4 -2.056087834211 
4 -1.960239443063 
4 -2.056772650679 
5 -1.969992989535 
5 -1.899043717888 
  4412 36  4 24 24 -1 44  4  8 24  3 -803.4745977206 0.02225353760529 2.651652490228 2.508639954546 2.853555168633 3.622470809522 2.121579450812 4.283086943192 2.756946950649 2.498804826248 2.039910812085 1.816019251824 1.27349518266 0.8272092741494 0.1327502114632 -0.6037795900295 -1.134273075316 -0.7164576348593 -1.528549621312 -2.601680033535 -4.523969577684 -4.34355240044 -4.104790278108 -3.896999581117 -3.775067707605 -3.239254857428 -3.05573370605 -2.508639954546 -2.585242033692 -2.165366706044 -1.629048303991             0             0 -1.629048303991 
  4406 36  4 24 20 -1 44  4  8 20  3 -737.4665788494 0.02391952012326 2.509136862625 2.30805556337 2.930891942736 3.373705732258  3.9511887473 2.108606527191 4.409223141979 1.997865928525 1.82294776196 1.372889494982 0.824425830271 0.2078749675543 -0.4004613179738 -1.290345694589 -1.45583285399 -1.567366144136 -1.62566187044 -1.622142660251 -2.810200469107             0             0             0             0             0             0             0 -1.629048303991 -1.629048303991 -1.965912852029 -1.629048303991             0 -1.629048303991 
 11423 24 24  8 12 -1 24 28  8  4  3 -114.9375944596 0.1268247491132 -1.622002216579 -2.219762909796 -2.217971466171 -2.713119788624 -2.740511854191 -2.830224515479 -3.385030565663 -3.367634739191 -3.439928378257 -3.916927075897 -4.015340711474 -4.193571418598 -4.049843980317 -2.574427498164 -1.822780331852 -0.05327729921142 0.3868971341052 0.3628367791258 0.8264879950181 0.7419159124321 1.004387056722 0.3869831391806 0.5038301147877 0.5909971815289 0.6621159538472 0.8159672630533 1.302522377244 0.7464759721406 0.7077840564118 0.7245244137733 1.806741764627 0.7151502478964 
  4396 36  4 24 16 -1 44  4  8 16  3 -587.1643539125 0.02787952829853 2.763224733031 2.763224733031 3.239754308568 3.566349111071 4.036109369304 1.743822650744 1.596514813862 1.682770809148 1.110220314927 0.6751990537196 0.03621676196374 -0.5485683001573 -1.059724474414 -2.03782262823 -1.704637647146 -1.64999818432 -1.1973138475 -1.079627518436 -2.165366706044             0             0             0             0 -1.965912852029             0 -1.965912852029 -1.629048303991             0             0             0             0 -1.629048303991 
  7967 36 12 12  4 -1 40 12  4  4  3 -66.36963804671 0.2468134682096 2.466709601953 1.523744700159 0.4030595274854 1.298167199336 2.124297539826 1.381797079949 1.848711091218 1.787012790176 1.63099614777 0.7244097655486 0.505144034335 0.6332970796329 0.0155116570557 -0.2203353811812 -0.4055760873128 -1.471165843243 -1.90321987744 -2.518111149681 -0.1534975027441 -2.097548171022 -0.2369504371755 0.05571361012242 -0.8750026259619 -0.06845825465631 -1.681784148723 -0.11392520539 -0.491818280427 -2.865486458747 -1.946230531159 -2.213664142105 -2.797376681147 -2.31347637737 
 12253 32 28  8  4 -1 36 28  4  4  2 -48.33840835716 0.3491033324687 -0.3006158532598 -0.7266486797612 -0.7898430421304 -1.987843073822 -0.5223868085724 -0.2490242434117 -0.4675043717925 0.3889924730038 0.3528937943653 0.07113930446937 0.2886666473685 0.6317180418863 0.3058628052916 0.2432934067483 0.7486137636704 0.6592505178291 -0.9637932680577 -1.981838420657 -2.162031531195 -2.363650605592 -1.530521586742 -1.159299690319 -3.28005899019 -2.954802215922 -2.771080896505 -2.677372217194 -2.407728944098 -1.033201526273 -1.908001970876 -2.422439383333 -1.25314643248 -0.5888578675199 
  9183 24 16 12 12 -1 24 20 12  4  3 -169.375515379 0.1047377401926 0.8800885586334 2.854053726746 1.208339026214 1.916906446246 2.028395034232 1.65279965979 1.710403203025 1.558828560607 1.622320743007 1.02288831103 0.9028482065168 0.8312832088686 0.6755495023874 0.4572615389984 0.1238863674999 -0.123372356297 -0.6613393963881 -2.345693201531 -2.405840825539 -0.9429349177314 -3.896999581117 -3.712082676879 -3.441731329549 -3.327076296425 -3.199297503587 -2.996980749942 -2.585242033692 -2.762726505801 -2.710267535855 -2.418140989567 -2.165366706044 -1.965912852029 
 10630 36 20 12  8 -1 36 24 12  4  2 -88.87602592956 0.1426824726277 -1.099103244666 -1.967095491197 -2.153415437229 1.711627698611 0.16392436779 0.3072923923497 0.8842430021677 1.137398805843 1.072589383693 0.7039424123338 0.4718731098658 0.0748949658009 -0.6134152383928 -0.898760571394 -1.30196828981 -1.459930901781 -1.439044077062 -1.314253255862 -0.3994920723555 -3.778202518403 -3.423367741315 -3.694951465313 -2.652557023325 -2.739589492715 -2.174592839324 -2.955016736537 -2.359584253241             0             0 -1.49385264877             0 -2.174592839324 
  5764 20  8 24  4 -1 28  8  8  4  3 -139.8198358491 0.09774388938384 -1.127894572405 -2.241290235978 -2.075036402787 -1.843529645407 -2.684035450824 -3.147667565757 -3.411657307955 -3.475718563048 -3.512695374092 -1.647287775435 -4.032671015127 -3.900256644701 -1.910596987628 -1.146299443749 -0.4923419470442 0.05028508785837 0.2594796860691 0.3368152211471 0.8100743559565 0.4175790560286 0.8045630323732 0.7704241094332 0.8610533210637 -0.05425264986143 -1.128219858804 -3.044255111277 -3.084104051087 -2.297173169724 -2.710822502456 -1.498600502469 -2.404747513759 -2.380742885131 
 12129 20 28 16 12 -1 20 32 16  4  3 -245.687288801 0.0841079233402 -1.629048303991 -1.965912852029 2.509136862625 2.652150221956 1.310840633736 0.6380918270459 1.600436259042 1.707914662705 1.926407493355 1.075917237691 1.370634537326 1.079260526051 1.019941883822 0.8958247188673 0.7820488905169 0.6745030509391 0.3704814734597 0.05714728132248 -0.1531894078342 -0.551271682934 -1.325076077614 -1.68122263803 -1.534049117671 -1.260072779848 -3.673327617945 -1.449033885902 -3.178053866665 -3.132650642679 -0.6188387659307 0.0004969080783631 0.09099587305789 0.2015765681845 
  6288 32  8 12 20 -1 36  8  4 20  3 -250.7384509213 0.06223764151213 -1.214521847658             0 -1.538565095266 -1.577104693391 -2.183358199829 -2.18656664822 -1.538565095266 -3.059744678541 -3.436308644354 -3.500691510866 -3.605524249822 -3.646729713619 -3.666067809818 -2.025022494904 -1.167589611143 -0.7323039450483 -1.065285073797 -1.052154789776 -0.348004097853 0.1282177633874 0.5737567753316 0.7554936234632 0.8261767669631 0.7131322694799 1.286109391516 1.129894491072 0.6607560973722 0.628191568162 0.5942387024267 0.11530758373 -0.3793097430169 -0.2328201633873 
  4582 44  4 16 28 -1 52  4  8 28  2 -376.5439385665 0.03107496728617 -1.246931043214 -0.1378373060764 -0.7687009451373 -1.161719911143 -0.7653011237613 -1.731556664961 0.1945057696524 0.767364429504 0.5079118319936 -3.433633986597 -4.170226651496 -4.424241299021 -2.192796877082 -2.044250000164 -0.1709551671741 -0.1241033602154 0.1935689691476 0.4790202039559 0.2972161325485 0.4722594443292 0.5299986944839 0.726646409463 0.8676202697108 1.216135948601 1.015580125507 0.8642750154167 0.865674828538 0.4187754087839 -0.4953738954161             0 -1.696611079124 -2.102780468129 
  1308 16  0 40 40 -1 16 20 40 20  2 -1485.762494535 0.01171999278869 4.079676040198 3.119268645981 0.9556600552749 1.902298379185 0.7697899407721 1.159999253958 1.005121471447 0.8645414170114 0.9430069775461 0.6797984620517 0.8625989371775 0.09346728438297 0.0071235013137 -0.1826180475299 -0.6793804342861 -0.751063558338 -1.043061838747 -1.008106715539 -1.136643331086 -1.504607599434 -0.5238349386034 -1.513675488246 -1.528041650148 -0.3384175313961 -1.220964152992 0.9299266261152 0.007505844889632 1.447264842573 -2.234177454769 -0.4669542048653 -1.876208138642 -2.072705014778 
  9970  8 20  8  4 -1 12 20  4  4  2 -47.74963332886 0.3217459247614 -1.629048303991 -1.629048303991 -1.965912852029 -2.30756029444 -0.6188387659307 -0.2771864703222 0.3459652807577 0.2876963987788 0.8043312477989 1.023264576272  1.1884921848 1.005255871454 0.6747225452344 0.2699357400875 -0.369109322901 -1.078503144944 -1.028113389403 -1.291538133215 -3.712082676879 -1.619041007847 -3.490502906707 -3.342930509869 -3.082708963419 -2.964794607978 -2.762726505801 -2.30756029444 -2.165366706044 -2.165366706044 -1.629048303991 -1.629048303991             0 -1.629048303991 
  2380 48  0  8 16 -1 48  8  8  8  2 -194.8298543739 0.08306718494625 -1.975835890269 -1.975835890269 0.3662165947671 0.1649670506531 1.486545024218 1.245493715579 1.113768660194 1.156067857178 0.9229173399028 0.6905896256571 0.7931072269921 0.4357112874476 0.2885500573946 -0.06161678275343 -0.1202747185876 -0.6898928498599 -0.8828924302147 -1.320667470299 -2.259040306457 -2.106307649856 -3.561667921814 -3.247589735494 -3.303173228036 -3.222228048069 -2.059288423848 -2.844711896056 -2.75894994995 -1.954780082371 -2.1570116485             0             0 -1.636548368801 
 11561 32 24 16  4 -1 40 24  8  4  2 -105.6794834576 0.1873461993058 -2.021753194864 -2.18431806257 -1.880743990146 -2.883637516309 -2.725062391246 -1.816031567027 0.2979131041556 0.1540504505987 0.6789307721308 0.6918740001731 0.4079933602827 0.6544636452606 0.627481389953 0.245930339243 0.2199134060832 0.2076164346677 -0.07930440342688 -0.8278989722476 -1.334237839637 -2.27100899601 -4.169597054023 -2.063146406068 -3.604236056584 -2.899434815854 -2.848159248183 -2.90761376272 -2.491304815828 -2.901896124268 -2.743288876077 -1.726739381138 -2.331667594531 -1.517719013995 
  8933 16 16 20  8 -1 16 20 20  4  2 -182.2242608847 0.1052597662865 -2.165366706044             0 0.6790072593787 0.3421427113414 1.225005422755 1.031566870249 0.5711247189546 1.190325630052 0.9619271973746 1.520386581858 0.9776226794795 1.100411629821 0.7874001587945 0.6011598276283 0.4398129961892 -0.03496572618933 -0.3897011803157 -0.9922621378294 -1.37182242976 -1.570520131913 -1.323401073804 -1.467012144235 -0.715523988753 -3.199297503587 -0.8245950793095 -2.508639954546 -2.418140989567 -2.165366706044 -1.965912852029 -1.629048303991 -1.629048303991 -1.965912852029 
  3693 20  4  8  8 -1 20  8  8  4  2 -95.27846772419 0.1773154371789 -1.631523485152 -1.171441999975             0             0 -1.475928819962 -1.556115614199 -0.5700960776083 -0.4326385817509 -0.241349268766 0.1952233144838 0.7314580477252 0.8654140419391 1.163106439951 0.80735293699 0.4852598507631 0.06398782140081 -0.6296187254364 -0.9833844542494 -0.9796263433207 -1.270169073175 -3.711564640793 -3.543532474355 -3.32125120992 -1.343674184618 -3.007165043443 -2.578094434065 -2.30767235709 -3.148440338529 -1.919548929211             0             0 -0.4608388827184 
  6085 28  8 24  4 -1 40  8 12  4  2 -161.172653196 0.1358624518184 -1.025942852313 -1.486225802199 2.09275115531  1.6232994116 1.402701484642 1.18122132489 0.7587340237882 0.4395328829588 0.5214536763206 0.4848725512326 0.2090666699079 0.4946719306378 -0.148020066396 -0.08756106431722 0.1561278584791 -0.1589260017778 -0.8533070204844 -1.404109750283 -1.628224135648 -1.431086445008 -1.416186469578 -1.537593844704 -1.388520856342 -3.502967744825 -1.290428211266 -2.581003269528 -2.765253657423 -2.490401311698 -2.516581857947 -2.02217032182 -1.368860449452 -1.725256573073 
 11629 36 24 20 12 -1 36 28 20  4  3 -246.1679249703 0.06140040598049 1.862180096185 2.112481528425 2.601873658041 1.928198045351 2.747870206485 3.12702779285 1.662314475846 1.18214015959 1.258243308112 1.422884589129 0.925657719249 0.4948767425336 -0.1981508762105 -0.6133000639711 -0.7636838145767 -0.7932026610122 -0.4063365705951 0.1033163682502 0.2900610413508 0.6447396085867 0.6143066019413 0.4480762356121 1.167286917746 -0.06714217923796 0.8286783510563 0.9463968959232 0.6119450848608 1.490851301409 0.1788077122605 2.262360894856 0.3055089997082 1.57592315587 
  9210 24 16 12 24 -1 28 24  4  8  9 -389.8226418425 0.03122420572352 -0.9863555922278             0 -2.079804323925 -2.834198092451 -0.7672546795721 -1.734539860804 -1.410849667505 -0.9617172368141 -2.97695884377 -2.394313922868 -1.922297337558 -0.889363281033 -0.2459472778359 0.5746776046485 0.1208300993988 0.002812702952585 0.1832110472985 0.5977903301052 0.4527635274576 0.7317470386978 0.2256868277343 0.1584695478457 -0.5838530082324 -1.765157616181 -2.484643585677 -3.253344422894 -1.580471199371 -2.133104253558             0 -1.677534508155 -0.4663267307764 -1.694504957571 
  9062 20 16 16 12 -1 20 20 16  4  3 -235.5246319725 0.07564842433316 -1.629048303991 0.0004904157328523 0.3373549637702 0.932194014128 0.8440147273342 1.10444976602 1.202455485184 1.236574600931 1.116552878769 1.000663988579 0.739816031871 0.5024302251177 0.2047535603787 0.1389591947806 -0.007171099140784 -0.5031822681047 -0.7118964442662 -1.524657310444 -1.626152911303 -1.205641190966 -3.310702862213 -2.585242033692             0 -1.629048303991 -2.508639954546             0             0 -1.629048303991             0             0             0 -1.965912852029 
  7981 36 12 12 16 -1 36 16 12  8  2 -167.6671356214 0.1109639545755 -1.776250307269             0             0 -2.402319440647 -2.879147114964 -2.514394054613 -2.403288047255 -2.316301871487 -2.844787436771 -2.850349496914 -2.650047516871 -3.052638199363 -3.728607762452 -3.808874449162 -1.881438576791 -0.7882058247523 -1.206343808518 -0.7251050648608 -0.3640967599102 -0.05184963764864 0.4406675168231 0.5154028223425 0.7771150607887 0.909910322236 0.5225026950876 0.3926343051262 -0.2517945520443 -0.582370119203 -0.2615598930265 -2.833375198724 -1.730834509781 -2.568150681091 
  8472  4 16 12  8 -1  8 16  4  8  3 -142.5239473959 0.1011958490089 -1.422187671949             0             0             0 -2.355851600544             0 -1.677791620345 -1.903868835922 -3.160355941785 -2.911206437841 -3.560875822537 -0.9278287762786 -0.5237663545603 -0.8957143038948 -0.8966508630046 0.3734487369548 0.7984764242454 0.5536769729369 0.3937462866035 -0.8524448196692 -0.9855762656796 -1.164347370358 -2.736083145697 -1.547865140735             0 -1.387492318091             0             0             0             0             0 -2.334253641341 
  4555 44  4 12 36 -1 48 16  4 12  9 -952.8929612827 0.02103861568377 -0.7121434441603 -0.2178221953628             0 -1.688338702091 -1.599931395267 -2.004538681416 -3.48277620072 -2.568851942553 -2.709097660821 -1.566725424177 0.1418780072585 0.4897299016364 0.4877257095894 0.3500788353401 0.5778078663327 0.518045916029 0.2489198066029 0.003723259937372 -0.2917288866354 -0.6870471891554 -1.139899236891 -2.29082527665 -3.73009243858 -2.20033890912 -3.660153385178 -3.311583607828 -2.95827050467 -2.625564031152 -2.467673740742 -2.312674375031 -2.312365181753 -1.428627457989 
  4522 44  4 12 12 -1 48  8  4  4  9 -342.2410993234 0.06133683378823 -1.629048303991             0             0 -1.629048303991             0 -1.629048303991 2.763224733031 0.5793387327107 1.084345880179 1.250973253057 1.281439063468 1.306951442787 0.8631900025345 0.8756384866266 0.6730391770673 0.2031805992879 -0.1225971331211 -0.4673948023982 -0.7649585219744 -0.9558516925689 -1.242923601395 -1.208547750741 -1.274846358021 -0.3288017471794 -0.9878539408404 -3.199297503587 -0.6889251865723 -0.1425156276036 -2.165366706044 -0.6188387659307 -1.965912852029 -1.965912852029 
   384  4  0 24  8 -1 12  0  8  8  3 -269.2675513463 0.06041149812572 -1.74122290466 -1.417702025963 -2.120967818916 -2.587469596794 -2.368088073838 -2.90776513885 0.5963795347329 0.5271185715824 0.6429762048471 0.5672532198714 0.6167333290473 0.7545276151512 0.5667716587072 0.5513863052618 0.2963667087124 -0.1511801072943 -0.9267398469622 -1.200994873337 -1.528285897913 -1.330941187377 -2.051370100264 -3.419957041864 -3.145237926537 -3.152195927761 -2.789814198389 -2.31342217941 -1.866183678788 -2.095649002046 -1.724776350798             0             0 -1.647568337226 
  2288 44  0  8 12 -1 44  4  8  4  3 -131.0355253484 0.1381775135532 2.236602465019 2.742763946475 2.787675728614 1.717606928597 2.159554330584 3.569590552748 1.530010921046 1.77096836374 1.825930306727  1.3307779681 1.550891597613 0.9544969811906 0.9130733449985 0.3858427389172 0.2039069724426 -0.09945481857339 -0.09145537649569 -0.9697827403332 -0.7819981079317 -0.5103370822098 0.0355256722873 -0.2499705372032 -0.03631080301312 0.2207286322874 0.4638804232773 0.6601731259234 0.5522989142294 0.2948039498664 0.3858785964577 -0.2162067448957 -0.6339573437368 -2.415071660938 
  6406 36  8 12 32 -1 40  8  4 32  3 -483.8611363425 0.0414808435126 -1.385625214003 -1.8639061844             0             0 -1.844634717869 -1.812816161129 -1.751855438081 -3.062357887709 -2.725172250876 -2.606394737062 -0.6397538945222 -0.7966541665989 0.04747720717496 0.4323308104207 0.5967699908607 0.8552711919401 0.7026656607259 0.1225158898934 -0.1065336802196 -1.243142131146 -1.354082917933 -1.76950835788 -0.1058842066202 0.2863125983858 0.2665135311352 0.1546989159007 -3.362826055347 -3.158417910706 -2.403225410018 -2.634226646541             0 -2.194065879116 
 12178 24 28 12 12 -1 24 32 12  4  3 -189.745622394 0.09048651262137 -1.629048303991 2.652150221956 0.4867835159122 1.27384145654 1.094692034941 1.065300127889 1.102522551932 0.9581094141587 0.9819393296306 0.8174654117012 0.5759434103127 0.425748490243 0.3733009057796 0.1039390035043 -0.1161470936111 -0.4594490789405 -0.9409576829994 -1.883446434702 -1.138682433075 -0.802889725426 -1.065150537254 -2.964794607978 -2.996980749942 -0.7438642680935 0.1435102674101 -0.2771864703222 0.09099587305789 -1.965912852029 -2.30756029444 -1.629048303991             0 -2.165366706044 
  6106 28  8  4 16 -1 28 16  4  8  2 -103.9586325284 0.204770641894 -1.219813897545 -1.956296529147 -0.8934620485906             0 -0.8934620485906 -2.045400056256 -2.569856131375 -2.905130270065 -1.161688579761 0.3987115023378 0.5987126348046 0.9328003150963 0.8648464052422 0.6677913530718 0.6026556351671 0.2250389127327 -0.008289700032731 -0.2047091346423 -0.633519226936 -0.8068121338295 -0.4668597582216 -0.8361943341378 -4.118513755523 -1.348021798636 -1.98186417001 -3.567504015069 -2.984036346375 -3.03762359391 -2.776673377498 -2.500011647913 -1.940610646603 -2.096430673378 
  3714 20  4 24 12 -1 20  8 24  4  3 -248.6399696298 0.05755938978704 -2.026920571473 -2.715326851386 -2.27137091771 -2.085800232797 -0.2133915224051 0.07233185195478 -0.4761645568178 -0.6226223725909 -0.6063134156979 -0.4946905981687 0.4527794346472 0.7811702775325 0.570071226697 0.246041184187 -0.1756773181614 -1.05677018612 -0.842590779348 -2.617810347013 -3.537731614994 -3.564857990702 -3.050204693796 -3.166528603248  -2.912522858 -2.330858507944 -2.714308918489 -2.368583256345             0             0             0             0             0 -0.7614774086107 
  2062 36  0 12  4 -1 40  0  4  4  3 -77.29797554923 0.2134419361693 -0.6956835022363 -1.996762177535 -2.006643601664 -0.9487060353692 -2.305748249884 -2.613510959266 -2.72581437174 -3.075840634715 -3.350264852294 -3.55118006405 -3.677879325732 -0.4990559180756 -0.9011871765098 -1.068054511545 -0.3625588046558 0.2753220163152 0.5073139571821 0.1520055007271 0.0937914346951 -1.119353852282 -1.933832565093 -2.228801323996 -3.067117795717 -3.083729889879 -2.864984379384 -2.523767152955 -2.069013257303 -2.647246860862 -1.62312629514 -1.454824338883             0 -1.483868330065 
  8644  8 16 12  8 -1 12 16  4  8  3 -124.6326680437 0.1607272507116 -1.629048303991             0             0             0 -1.965912852029 -1.629048303991 -2.418140989567 -1.629048303991 -2.585242033692 -2.810200469107 -1.030577482181 -2.964794607978 0.2029944853725 0.8350243922121 0.7826041159308 0.8140458032619 0.5760478407014 0.3006257466345 -0.1677024101155 -0.664214932835 -0.982994526043 -1.346388344133 -1.17812140648 -0.4661040568755 -1.182447343337 -3.454377426001 -1.141899819088 -2.930393148009 -1.629048303991 -2.165366706044 -2.30756029444 -1.629048303991 
 11168 12 24 20 12 -1 12 28 20  4  3 -306.9404616819 0.0534569771236 -1.435381931766 -1.286516223354             0 -1.121264138397             0             0             0             0             0 -2.160097515612 -2.213406909574 -2.296703423527 -2.77954358514 -3.148082830189 -0.9728333394909 -1.96267730242 -1.110011194044 -0.401735023419 -0.03731730993286 0.1309056701071 0.3591216975041 0.4863200017364 0.713770448526 0.7316066313564 0.5529448588194 0.8342023912445 0.7890284249691 1.112810875544 1.025037295337 -0.01036664459158 0.009769809403383 2.041376534979 
 12321 40 28 12  4 -1 44 28  4  4  3 -74.65074188841 0.2064879285845 -2.411077265971 -1.437826228878             0 -1.430031211577 -2.41853799674 -2.172357682366 -2.996804306169 -3.037665760645 -3.347625865767 -3.580374268928 -2.144683441702 -4.04290446666 -1.59894154845 -0.3612259739961 -0.5134655930355 0.2891193967371 0.495611232303 0.4706280885648 0.2829783354323 0.06009361635367 -0.7174822362603 -1.00046997184 0.4406456830758 -0.842208628126 -2.292550410968             0 -2.129462428216             0             0             0             0 -2.610390234551 
  8222  0 16 12  4 -1  4 16  4  4  3 -55.04125729176 0.2122647194353 -1.666436000207 -2.593696460462 -1.872273094107 0.2535869528344 0.2244116923911 -0.009028638249896 0.6799889707863 0.2763658407486 0.4722563594008 0.5806614978443 0.4664547753719 -0.2348327545085 -0.433930788901 -0.5691924825258 -1.143981115999 -2.640387193294 -3.59700642706 -3.690666659631 -3.069752370652 -3.117712436996 -2.483966936715 -2.398489101599 -1.649909649479 -1.824559008353             0 -1.415087446718             0             0             0             0             0 -1.949799754671 
  7617 20 12 12 20 -1 24 12  4 20  3 -293.1877821864 0.07208224273176 -1.673484031125             0             0             0 -1.084879500289             0             0             0 -1.446156481075 -2.012026039367 -2.816736100585 0.04472054177083 -2.699634764397 -3.049230666703 -3.565233625449 -0.9383291462805 -3.558842670789 -0.260557637131 -0.06842767686964 0.4030097442357 0.5619722691944 0.04471590771146 -0.6142642982363 -1.16991427411 -1.844245223813 -1.347349551897 -3.272073457905 -2.956805981428 -2.584133478412 -3.246252781624 -1.751635894111 -2.528999307195 
  6276 32  8 12 16 -1 36  8  4 16  3 -174.1734968637 0.07593197753881 -1.629048303991             0             0             0 -1.629048303991             0             0 -1.629048303991 -1.965912852029 -2.585242033692 -0.9681984164752 -0.6867899857726 -0.4080583455059 -1.537721048205 -1.082484115123 -1.103798091872 -0.5637481412767 -0.2442061763847 0.04597564997061 0.3149904204901 0.5999637336551 0.6717485279206 0.8912668660925 1.056183838773 1.163749584614  1.5634892888 0.7220532420296 1.647705181773 0.8800885586334             0             0 -1.965912852029 
 12675 32 32 12  8 -1 36 32  4  8  3 -125.5988700227 0.1218052233311 -1.561843455966 -1.911914991676 -1.245375554842 -2.082372780918             0 -2.101373019646 -2.752708124306 -2.869915060273 -3.045440413668 -3.056513882047 -3.537168833288 -1.666513286605 -0.708512347304 -0.6280648370648 0.3575560708813 0.4100003603502 -0.3331973264671 -1.037816176533 -0.5431179444464 -1.2829352774 -0.7792782702682 -1.359281279072 -3.354078940215 -3.178176177956 -2.660175843868 -2.61013162865 -2.61953661649 -2.626862805911 -1.041087032602             0             0 -2.171825729911 
  2315 44  0 12 12 -1 48  0  4 12  3 -244.8230023053 0.08695723175373 -1.635712056941             0             0 -1.549876898258 -2.182229407052 -1.695721415069 -2.390823819308 -2.70948166996 -2.321525298832 -2.619748860302 -2.990346464945 -0.2527727255562 -1.881362788736 -0.8851857232292 -0.3144522826847 0.06883815092338 0.4974170114002 0.5663141743165 0.5256866730992 0.1581322999116 -0.2975351163024 -0.9727185539914 -1.12897896049 -1.106013755792 -3.596373838322 -3.317034175839 -3.041299734503 -2.721619527044 -2.652830228433 -2.426137967719 -2.069671972669 -2.07515289507 
 10673 40 20  4  8 -1 40 24  4  4  2 -49.63650120881 0.3627718401178 -1.324876948931 -1.147507966397 2.389237237349 1.540971784871 3.010525773511 1.713250342496 1.870739541323 0.4266100171229 1.418504261036 0.480167573641 0.6194776011849 0.4195131106192 0.3630911624597 0.4157713212899 0.4585649309053 0.2314210664682 -0.1567860862066 -0.5590558820216 -0.75833666433 -0.9557175627417 -0.9543025334454 -0.5852239054735 -1.455300733158 -3.180410082562 -3.119181693454 -1.563608413028 -2.840531988311 -1.2987654974 -2.282619679577 -1.470362576846             0 -0.02719942893961 
   428  4  0 48 32 -1  4  8 48 16  2 -1103.248884715 0.01723299006448 -0.8568431521501 -0.8121064508127 -0.9684478134279 -1.372679030402 -1.914382318258 -2.444442431927 -2.597228497364 0.3960078719357 -0.1864743088677 0.02457065177451 0.4754019106218 0.3587062632589 0.7501378031955 0.6245812446868 0.7094836226566 0.2979604519646 0.05974127515286 -0.3107108347007 -0.7187619886806 -1.045168274176 -0.7701205988328 -0.5082513974545 -0.5053205591735 -0.4900975637422 -0.2666541995712 -3.347864551985 -3.013793068319 -2.974526826357 -2.174544612647 -1.609289757334 -0.8185460080501 -1.643612267268 
