11 49 60 40 0 
3 -1.830942277816 
3 -1.726074371886 
3 -2.420180391656 
4 -1.813389945819 
4 -1.555215264896 
5 -1.514994882395 
4 -1.792662704631 
5 -1.575096458202 
6 -1.93669302114 
6 -1.882259511613 
6 -1.792337337959 
  6672  0 12 40  8 -1  0 16 40  4  2 -201.3665194916 0.07293571985428 -2.30756029444 -2.508639954546 -1.629048303991 -2.810200469107 -3.132650642679 -3.178053866665 -3.428757067614 -3.6134680456 -3.830998815814 -3.999167734344 -1.665865680913 -1.702911215834 -1.293197169618 -1.046206935863 -0.7182158502171 -0.5333880184558 0.01265463193046 0.3208085672114 0.3535211003391 0.546025053467 0.6451627360912 0.7839123646366 1.002726802328 1.094745837132 1.586296938264 1.006369709145 1.173431896557 1.186159215766 1.015553286163 1.367932445951 0.7968136537721 1.022604186237 
 11006  4 24 16 12 -1 12 24  8 12  2 -165.7229997555 0.09596691179985 1.638502034497 1.92688532582 1.169118173226 1.384422287872 1.108470481917 1.471358729082 1.95375414718 1.556353781584 1.004572150017 0.7928807349263 0.5306963451623 0.09167918865156 -0.1688782445455 -0.2546741345246 -0.4516333447778 -0.5789205891552 -0.9285033769875 -1.194842867223 -2.302938483694 -1.441795962586 -1.320689853747 -1.875251938436 -3.322038027025 -3.280583738531 -2.54757562501 -2.801021743286 -2.517474993895 -2.592449438093 -2.249422174103 -2.04493622024 -1.847517155974 -2.382564883422 
  3583 16  4 16 12 -1 20  4  8 12  2 -218.7275402978 0.07917809827025 -2.207227694244 -2.534969005774 -0.4796703827953 -2.243554558266 -2.561372911712 -2.738632021391 -2.834182159311 -3.001962278093 -3.595249404186 -3.293602641628 -3.60149580199 -0.6871021428959 -0.2903759131591 0.2014954669438 0.5611920984927 0.5239433831241 0.4976417147549 0.3123410702642 -0.283060973674 -1.435341652375 -1.765849137203 -3.784585332671 -3.963639957111 -3.605866227726 -3.71597936661 -3.458921598211 -3.156472852566 -3.467905348439 -2.19563511167 -2.929353046937 -3.003346178602 -2.792888556252 
  5610 16  8 24 12 -1 16 12 24  4  3 -311.0338898781 0.06060451774466 -1.629048303991 0.3368645480373 0.879591650555 0.9644802959805 1.073888151384 3.545454947389 0.9648672384983 1.18205413772 1.187736404444 1.000600047735 0.9607491204423 0.8454497531055 0.6493991706386 0.5044706988559 0.1378671081832 -0.2491820488287 -0.5582316778536 -0.7304390070736 -0.9778546380134 -1.445739742286 -1.200457147532 -0.7924340901237 -0.9064509529877 -0.9526477151046 -0.8342905553222 -3.132650642679 -0.6894204555021 -0.1105806951266 -2.30756029444 -1.965912852029 -1.629048303991 -1.965912852029 
  9278 24 16 36 24 -1 36 16 12 24  3 -812.5255589986 0.01913679341901 2.089272830934 1.818058028378 1.098528401449 0.1177423881382 0.7083000095384 1.136514890009 1.262975246518 0.7667504985568 1.173790854817 0.6647311011616 0.5151921664638 0.2582395079953 -0.329645639903 -0.4274555688997 -1.108775356809 -1.537433565836 -1.105175610956 -1.279822186846 -0.7669870167628 -0.8632530977415 -0.113046272205 0.3696407444371 0.8421675715149 1.285223898422 1.162618215683 1.622409907423 1.255087364828 1.921223374773 0.9771182451583 1.88874127615             0 -1.446134005781 
  8653  8 16 24 24 -1 16 24  8  8  9 -885.5266149023 0.02188396927996 -1.276657048358 -2.013632150875 -1.308968475054 -1.537900798403 -1.80581297447 -2.56125286978 -0.9453289867263 -0.5634560507488 -0.05236194997038 0.7247129682522 0.8985765397831 0.9596945034265 0.7855681409746 0.444910491099 0.2984649767943 -0.1441567534266 -0.2408593795561 -0.5081315462895 -0.6659797249099 -0.7247886458954 -1.821713938166 -1.364661084717 -4.059867444479 -1.432971653239 -2.486536856051 -3.86798883196 -1.836023060718 -3.21934667928 -2.614844567854 -2.324088969259 -2.357460566099 -1.65697553904 
 11439 24 24 20 16 -1 24 28 20  8  2 -253.9552935397 0.06893403476035 1.965912852029 0.5427271025177 1.224506864642 0.5230610531574 0.8691353923089 0.8033882835389 1.038265165842 0.7580373589516 0.6325070364157 0.6110663512929 0.5621474389293 0.5449561085426 0.3551060734801 0.3955828356779 0.1377880216586 -0.3295155709148 -0.751700713754 -4.421518898856 -2.012233641748 -1.625854186577 -1.970695711769 -1.638387353304 -3.342930509869 -3.027219709429 -2.930393148009 -2.585242033692 -2.508639954546 -2.165366706044 -2.30756029444 -2.165366706044             0 -1.629048303991 
  5594 16  8 24 12 -1 24 12  8  4  9 -526.4042300753 0.03555078773289 -2.063713308404 -2.487238370693 -2.966166812616 -3.10932680164 -3.206095739397 -3.003466663758 -3.006445353183 -0.4833888754072 -0.3923242042885 0.4215089038266 0.6100669171894 0.772869777957 0.7358966276864 0.7280409800764 0.4743034370373 0.05563531762665 0.07112868171426 -0.2474563692049 -0.2418659258163 -0.7214473667512 -0.6909574340921 -1.464608023799 -2.231047105067 -2.113219213728 -0.6929338174139 -3.707959212077 -3.435821936766 -3.013165430444 -2.700827317458 -2.449693908785 -1.262554233691 -1.827250123323 
 10107 12 20 36  4 -1 24 20 12  4  3 -148.7263683963 0.08813474799927 -2.532885144019 -1.979915020726 -1.697481368259 -2.221135222981 -3.073734568613 -3.132978869368 -3.526834962149 -3.665672812595 -3.965768815138 -1.472485580406 -0.9127182797993 -0.9873055585557 -0.9289590787914 -0.5329233644981 -0.265118205789 -0.3352396658735 -0.1013823876647 0.5425951144523 0.3793473950838 0.7324303539574 0.6488422094342 1.165907578588 0.8491301490045 1.074746617578 0.964308749069 0.4911282577731 1.986312385279 0.5705188633507 -0.2270473162571             0             0 -1.042546788088 
  2524  0  4 16  8 -1  4  4  8  8  2 -135.426383027 0.1216306741781 0.3416474424116 1.301344844018 1.638387353304 2.24150127739 1.63378584507 1.232223218038 1.278090245004 1.200545592455 1.055001370301 0.6621133097926 0.54082483074 0.3193743764212 0.01357058150217 -0.0935723062443 -0.2175948837218 -0.496468533016 -1.088156444367 -0.8932439878991 -0.8173412410644 -0.7835172476257 -0.4514844656467 -0.6008222573677 -1.019516001984 0.03218614196437 -1.2733420054 -0.1307222211508 -2.762726505801 -0.5427271025177 -2.30756029444 -1.629048303991 -2.165366706044 -2.165366706044 
  1212 16  0 20 16 -1 16  8 20  8  2 -346.8648949128 0.04939469108072 -2.285157559045 -1.812704882733 -2.772848775005 -3.085563968395 -3.024516927221 -3.114497495129 -3.250001809368 -3.37462343865 -3.370551867703 -3.592030931414 -3.712776123204 -1.068189885111 -0.3341477248429 0.4289815854793 0.5922289609405 0.327468406228 0.2973399697638 0.1370521473956 -0.02365006140204 -0.4756978749814 -0.8936885251226 -2.012963425833 -3.708604526943 -3.563896431136 -3.160791097549 -3.028529923552 -2.981607174478 -2.482291732724 -2.905568135729 -2.030882053604 -2.067495828496 -2.629749921341 
  4577 44  4 16 24 -1 48  4  8 24  2 -314.4199364037 0.05971751110776 -0.7597975418789             0 -1.24854988171             0 -2.087957927253 -2.459412649629 -1.914846029552 -1.69982931802 -2.415640790517 -0.328870972003 -2.004061935936 -0.3822245361508 0.7090090603326 0.7386550268275 0.5188023953263 0.5270229064538 0.4045264268258 0.2115369558597 -0.3980592287708 -0.7942733353708 -0.9960033108686 -1.235708491185 -3.89179198396 -1.323638344345 -3.651085316016 -3.472596760656 -3.129880452024 -2.637515129903 -2.620245409866 -2.836547467998 -1.71810723829 -2.858390236491 
  5386 12  8 24 12 -1 20 12  8  4  9 -460.7048702815 0.03739795023267 -2.668172519495 -2.419961128258 -2.982300478133 -3.192281322773 -2.184995096721 -0.1502287222831 0.3584512891444 0.6846208606552 0.8214286678557 0.7890056195606 0.7506091421055 0.3191383020175 0.03880872576865 -0.1481040798256 -0.3237122018296 -0.6982320218879 -0.7877000952387 -0.7754741649753 -1.170266455909 -0.4740164619557 -1.738778397597 -1.233124601625 -1.28335323301 -0.1506415805307 -0.6823415650031 -1.465497926631 -2.766492286649 -2.808528813884 -0.06034825858365 -0.6581810780463             0 -0.6421779300515 
   511  4  0 12 20 -1  8  0  4 20  3 -227.4668800216 0.06497029814741 -1.629048303991 -1.965912852029 -2.165366706044 -2.165366706044 0.2010796601061 0.5230610531574 1.240167844247 1.182355232821 1.273985720929 0.9320083807576 0.855606335593 0.4758648977627 -0.05229787113016 -0.7729764959604 -1.192779513252 -1.031410330254 -1.039137874655 -0.6174897265337 -0.4834659341898 -0.2837373515486 -0.09104980293017 0.2422741074858 0.5230610531574 0.2540865512544 0.3023122722569 0.5973597997565 -0.1105806951266 -0.3416474424116 -0.1105806951266 -2.418140989567 -1.629048303991 -1.629048303991 
  7512 20 12 12  4 -1 24 12  4  4  3 -73.07137726315 0.2022307944621 2.963673310458 1.751891264839   1.281836856 2.02529863044 1.145367711584 1.744331823592 0.9624301567768 0.5944857381066 0.4078292119188 0.1432093650972 0.1689084170406 -0.3094346757126 -0.6002036477845 -0.8819177517323 -1.008097275805 -0.6333978939752 -0.5349363206586 -0.08748895170606 -0.004921575988886 0.3032005215692 0.4477395729301 0.7943389982695 1.219808815128 1.082951717351 0.6835833073157 3.494177815831 0.9983127249867 1.856969608497 2.498377262546 -2.415213646422 1.894297992637 -2.20809326664 
 11282 16 24 36 16 -1 16 28 36  8  2 -436.6661375689 0.03712294476833 -1.991844926474 -2.331836703917             0 -2.472828675308 0.09862029823421 0.2791496677753 0.221026873082 0.6117568773104 0.6457013641545 0.3722539930076 0.4805124195751 0.5960835679209 0.2992775726141 0.2052046576594 -0.4338842855862 -1.462816905259 -1.452233025012 -1.582134354635 -1.917805684578 -3.644072395058 -3.194727612939 -2.439831319973 -2.181709505148 -2.316137329874 -1.629778907432 -1.973913444383 -2.18621995977 -1.692361336718 -1.019797530122 -1.23873233486 -0.8972354493097 -1.628580455673 
 10665 36 20 24 16 -1 48 20 12 16  2 -406.7807374447 0.03834498199239 -1.800131219772 -2.256825631314 0.210482427008 1.394306750766 1.266463667749 0.4198926970402 1.025320783524 0.685025409819 0.1399419417059 -0.6378177915671 -3.744827452571 -1.372666966489 -0.776770728697 -1.826376551422 -1.01375577635 -0.4612223323992 -0.2585625230267 -0.06350132046982 0.06631160556238 0.2743014771778 0.3660677183833 0.5759901616646 0.3912499774096 0.7027831801085 0.633021667723 0.6814701551003 0.2093937469725 -0.297281545288 0.5853968494505 -2.08398332497 -1.939482648147 -1.430083064701 
  5603 16  8 16 12 -1 16 12 16  4  3 -205.6156617464 0.07714250265658 2.762726505801 1.479254782858 1.462844215586 1.554119126512 1.423185714544 1.132273389638 1.203461320937 0.9548112476763 0.6226227745887 0.5228180150456 0.3845810270847 0.03311591392615 -0.3569917300033 -0.6426991784217 -0.9271026143528 -1.204365459739 -1.043286587472 -0.7170347450335 -0.8322346159245 0.08108337742053 -0.04747396330581 0.1432876327784 0.3416474424116 -0.1994538540157             0 1.965912852029             0             0             0             0             0 -1.629048303991 
   327  4  0  8 16 -1  4  4  8  8  2 -119.6815511733 0.1334039877416 -2.149840230351 -2.149840230351 -0.07327481699051 -0.07330625772039 0.6857750294824 1.098235932074 1.435201699851 1.407739159564 1.138304214711 0.7078379848036 0.5119764257032 0.3424788377538 0.3440841993162 0.1934297114433 -0.1044997977109 -0.6117687884572 -1.013243851038 -0.5851914538905 -0.4514165709884 -0.3464933259578 -0.1026485374866 -0.479579483203 -1.012647642381 -3.182583323497 -3.050777286975 -2.60555570931 -2.828888473732 -2.378816931052 -2.231006473112 -1.785327776628             0 -2.073775421245 
  1621 24  0 24 24 -1 32  8  8  8  9 -936.6568799396 0.02021103677886 -1.973472181306             0             0             0 -2.091354366689 -2.694690046865 -2.883052264284 -3.09877940674 -3.196626484516 -3.489425869121 -3.464978252323 -3.558757207304 -2.244481717962 -0.8887686007598 -1.112744622222 -0.4178965096464 -0.4029120618443 0.01015057493121 0.2153608776665 0.2835767491497 0.581935427882 0.5496800094479 0.4652217597471 -0.1716059558455 -0.7290515576457 -1.737074613036 -3.432273078266 -3.115740963474 -2.963390566162 -2.408047992403 -2.101086188653 -2.738249131399 
  2282 44  0  4 12 -1 44  4  4  4  3 -76.85450921631 0.2079568896729 3.018657192214 2.831159795025 3.248056977631 1.118229798982 0.8248876889557 0.5268933955808 2.056347861827 0.3197530237292 0.6990079431025 0.06600547285877 0.007755669692394 0.1198090430559 -0.1871011322623 -0.3123952701988 -0.1181768780507 -0.7953239651859 -0.7522617688823 -0.6843524809846 -0.1445184799932 0.1436996077909 0.03378079093082 0.3694960666008 0.4852497440092 0.8159268363954 1.110151792965 1.197803308737 0.6647809468924 1.453104547673 3.270874911956 1.606952675951 3.184562994609 2.493887456434 
  2166 36  0 24 28 -1 44  0  8 28  3 -869.8645690416 0.01797912142252 -1.480865205062 -1.614609982623 -1.559210739247 -1.367287162385 -2.038339963719 -2.404102729807 -2.552822986985 -2.757597655122 -1.61587359187 -0.449717470354 0.5443584772701 0.7850638846754 0.6123483345621 0.3486674508163 -0.3269413001746 -0.9709593114251 -0.8884861646751 -0.8519848657218 -1.272483387089 -0.725977534134 0.5774399234515 -2.420703077449 -2.670423429854 -1.086945508267             0 -1.269728654092 -1.690592406334             0             0 -0.07653132183028 -0.3086355097299 -0.2591859083002 
  7648 24 12 12  4 -1 28 12  4  4  3 -77.29650839677 0.1999953612664 2.508639954546 2.853555168633 3.454377426001 1.596373986603 3.604300205333 1.480488412232 1.50297242418 1.450367272661 1.058667833171 0.5737865579701 0.3141100094275 0.09521634936286 -0.1714064187918 -0.433612235297 -0.621207700655 -0.9034752698467 -0.5510447506777 -0.3740852238575 -0.2393376154872 -0.04477930964652 0.2025937615581 0.3248957371223 0.8682919656953 1.148303497626 1.057209337038 1.332443868357 0.931694562988 3.545454947389 2.762726505801 3.10830308685 0.879591650555 2.30756029444 
  5215  8  8 12  8 -1 12  8  4  8  3 -99.92026242358 0.1311913866182 -1.328241804873 -0.1714168788597 0.7842111383932 0.5707400894804 0.4387206399111 0.3977433215479 0.3318705625934 0.03808601038188 -0.06839760001976 -0.5061811095689 -0.4597889363451 -0.6244839344413 -1.176055804027 -1.107462978483 -0.5737499693099 -0.2048639409757 -0.1406349372785 -0.07998588592938 0.5229362706502 0.3886954155346 1.022420948479 0.8086043831098 0.7627349518478 1.000788393708 1.318764295165 1.205723207835 1.113543669434 1.55899390513 1.692178016354 0.5236566502766 2.851594631171 0.3215009987023 
  1784 28  0 24 12 -1 28  4 24  4  3 -370.7570492215 0.04602913264267 3.151731847747 0.0625662214086 2.636725642284 1.647702229515 2.135655309857 0.4462831717171 1.101638024674 1.367016465256 0.7925817399069 1.20497982294 0.172148743899 0.4139979228724 0.5693747290161 0.07425117663994 -0.492155719613 -0.4352555381158 -0.8477962948464 -0.7260726399317 -0.7865123561319 -0.2297858071402 0.004292489976618 0.0776867403691 0.5324735414749 0.4302639067519 0.5178426834054 0.5587023958781 0.5191242917229 1.668166465755 0.313081723885 0.4498732999319 1.855812000954 1.776630480336 
 10233 16 20 20  8 -1 16 24 20  4  2 -195.5236734467 0.08693204755044 -1.407209121524             0 -1.337904485212             0 -1.153484757722 -2.392404978547 -2.465509619593 -2.708768338944 0.1779866439047 0.04700630796108 0.2949454109724 0.4897735955951 0.2952185535327 0.3700499468521 0.4497308127543 -0.4194650018169 -0.8219633650711 -1.151499048948 -3.94443470767 -3.846337056783 -0.8398334926408 -2.787355127327 -3.175818451194 -2.806163014017 -2.006112738681 -1.199110884719 -0.8236283648094 -1.272607373667 -1.481892511131             0             0 -2.192310948346 
  9906  4 20 24  8 -1 12 20  8  8  3 -285.4770705649 0.07030904451812 -1.965912852029             0             0 -2.418140989567 -1.965912852029 -1.965912852029 -2.508639954546 -2.853555168633 -2.930393148009 -3.358297423096 -3.387683081806 -1.373762377125 -0.5842704567463 -0.07948166975952 0.4235369167597 0.5886290004268 0.4703322751403 0.520845382742 0.1907157574593 -0.3698432650783 -0.7220860738695 -0.8286084620873 -1.236441228543 -1.000425633648 -1.397007963878 -3.490502906707 -3.293775043742 -2.930393148009 -2.930393148009 -2.762726505801 -2.651652490228 -2.585242033692 
    71  0  0 12 24 -1  4  8  4  8  9 -581.8498474784 0.02603154247929 -1.822222444463 2.647344569417 1.852654884432 1.851587344328 1.791801220159 1.565732678735 1.230529335415 1.076274147688 0.5761619024344 0.5138279514149 0.1925872336087 -0.1219796978443 -0.4539423309461 -0.2704294374718 -0.5700187205559 -0.6901863803167 -0.5071252648836 -0.520918202439 -0.3639719104071 -0.6108119730978 -0.2987083782308 -0.3067695715622 -2.928348298909 -2.794580239621 -2.054812431475             0             0 -2.138244274213             0             0             0 -1.826070528729 
  4444 40  4 12 12 -1 40  8 12  4  3 -229.8196688868 0.07696023825401 -1.171019501885             0 -1.418339986118             0 -1.890098049499 2.113206519316 -1.044605537869 -1.388792257273 -2.218383702071 0.5222942201356 0.6160329908802 0.5815327782644 0.4346536556444 0.273881463284 -0.2360234466026 -0.2167522515914 -0.5363806428008 -0.9116063808868 -0.7403379945675 -0.1262270143506 -0.3792292670885 -0.03774706344761 0.1686863561456 0.8425059730901 0.897350109567 0.914930167639 1.392193110181 1.379937129959 1.350988831725 1.539298542135 1.160151039926 0.281841100609 
  2428 52  0  8 32 -1 52  8  8 16  2 -281.0843467843 0.05672718939867 -0.8746685425979             0             0 -1.563875050049 -2.084652546174 -2.550271519913 -2.753343635788 -0.0101817943923 -0.5889553371635 0.1272572585568 0.5656051116681 0.3000527538542 0.4648106740951 0.2964198399843 0.489992411051 0.02607794410895 -0.2026818688805 -0.7709219034176 -1.51163621214 -1.489597731348 -3.880163342032 -2.041952203974 -3.299546853785 -3.676883714573 -3.314433012186 -2.265207245238 -1.669492302046 -1.848026922616 -0.946659543343             0             0 -1.543580968926 
   544  4  0 36 24 -1 16  0 12 24  3 -880.3373004936 0.01955837514175 -0.729415817846 -2.026416842024 -1.631721881789 -0.7019056093566 -2.363935641725 0.8356445797829 0.8234011020058 1.117378443393 0.572533079506 0.1493382242669 0.2941684119633 -0.3188867560025 -0.3049972189241 -0.9909694671205 -1.331325212706 -1.476484465963 -1.18846576155 -0.5551317747837 0.06540980554968 0.3887278573465 0.1304072781148 0.4499789466527 0.2537474659076 0.7710401537513 -0.05893060612654 -0.3442422131991 0.8380857419532 0.2894231276709 0.17261260978 -0.05043846041153 -2.502793063817 -1.233373886767 
  2078 36  0 16 12 -1 36  4 16  4  3 -272.1220675327 0.05355880759916 2.930393148009 3.342930509869 1.474637456753 1.539201552274 3.748048708948 1.149496496003 1.061526330295 0.7137664678107 0.6926787964848 0.3645657186639 0.08920382873914 0.1115263397024 -0.5040116574621 -0.4414266723114 -0.8755253564095 -0.7377390473071 -0.4093773855858 -0.316741571435 -0.1238495225428 0.3568832338971 0.6050440807892 0.8515568299792 0.7864489941634 1.083846115141 1.426685402059 0.5122521584423 1.224506864642             0             0             0             0 -1.629048303991 
  7370 16 12 12  4 -1 20 12  4  4  3 -77.21241625052 0.1958247991144 0.4515883915907 3.021590968091 1.695680317677 2.014541569644 1.879221442027 1.098136824824 1.508761734265 0.639293580728 0.6547494757613 0.2009216552817 -0.005138422488307 -0.2383767204091 -0.1264377780071 -0.4228859812813 -0.7439037217357 -0.57632487042 -0.3402574233918 -0.1457184517943 -0.02133394942506 0.3062351088831 0.5444667979814 0.6734454311764 1.008010692036 1.193683073237 2.231984309761 1.018421245827 1.742302825697 1.587832689018 2.741972298102 -0.2200381939813             0 -2.299016358111 
  4987  4  8 12  8 -1  8  8  4  8  3 -98.79412753314 0.1289430079657 -2.134875408477 0.3512162737516 0.8872770482225 0.777339354534 0.9028440080007 0.533775573433 0.4354315502977 0.5172249981355 0.2273173835729 0.06554957736436 -0.4730826039801 -0.5248576130142 -1.753027239294 -0.8473317887062 -1.097024663034 -1.07773741464 -0.6572563789071 -0.2720608966536 -0.2034174089116 0.08730173688266 0.2689141208552 0.1601325200519 0.352183607481 0.6507646599927 0.8254535828512 0.6982568654376 1.647182585365 1.534955439287 0.4420009948766 0.6312299685502 -1.399574860902 -1.97555665528 
  4490 40  4 16 16 -1 44  4  8 16  2 -188.2687680517 0.09113887362924 -1.061434365682             0 -1.385442989457 -1.382323467617             0 -2.280012070655 -1.691278763822 -2.904396105758 -3.502805341738 -1.972654620992 -1.33183687839 -1.408890617398 -0.3848636887325 0.05296160790572 0.3337769152866 0.4902400646084 0.4003143543224 0.09079849990187 -0.1881029207977 -0.6819440872321 -1.272577919541 -1.038260519358 -2.114353633792 -0.9126720547274 -0.1296104133129 0.1652602597095 -3.285869180789 -3.220276344609 -2.507309320018 -2.464448163643 -1.911782218534 -1.535640899012 
  7967 36 12 12  4 -1 40 12  4  4  3 -76.58749571075 0.1999363867659 0.8655880714229 0.9591673329387 0.4799126497445 3.008171795083 1.322480489347 1.44941764157 1.749726732605 0.1872614617292 0.3369051988462 0.207399908645 -0.2715723281034 -0.3176752813652 -0.09839309826885 -0.3643175125923 -0.5728590516686 -0.6048652995641 -0.4597448574803 -0.1830279953287 0.2802677258386 0.4161804993348 0.7997168648209 0.5406046936284 0.4540303204064 1.01050654024 1.252116997709 0.5624506997427 2.988619558143 1.234615053453 1.421423413234 0.5210573721796 1.889828734697 3.283227177308 
 11020  4 24 16 16 -1 12 24  8 16  2 -319.6700461012 0.05356017971714 -1.374881485395             0 -1.059486627783 -1.095982421013 -2.043917767223 -2.914468766276 -0.5142163287449 -0.4879353004665 -0.2404360313477 0.3002723662294 0.8034800982245 0.6645293699472 -0.01728972945772 0.3516583236855 0.16262988939 -0.2237117303906 -0.8771999618152 -0.8171588960409 -1.565937420687 -0.5870183123061 -1.797139233655 -3.130751520774 -2.764073152472 -2.271364001933 -2.560740571446 -2.593822109547 -2.075350171047 -1.013093749926 -2.282263861866 -2.199754812961 -2.055449201438 -1.064208363362 
  3358 12  4 12 12 -1 16  4  4 12  3 -154.3127323873 0.09003604293657 -2.165366706044             0 0.6857396381997 0.9247895203018 1.435839813115 1.149048713425 1.171030524779 0.5488620946036 0.4757254761153 0.2621215653322 0.005845285183117 -0.2200801665633 -0.4799995557596 -0.5726671071975 -0.6312869669584 -0.5717452272407 -0.4920653378238 -0.2363655969215 -0.07191519433182 0.03310713973538 0.2810880063985 0.6232014862869 0.8945999797211 1.06480017175 1.915385208606 2.104922898511 1.82532912201 3.478748721784 3.199297503587 2.996980749942 0.6785119904489 1.965912852029 
   271  0  0 12 32 -1  4  0  4 32  3 -360.021936427 0.04879507156205 -2.196736918018 -1.448806138013             0 -2.492837120835 -1.801597454288 -2.113766169113 -2.878083507891 -2.61530426444 -2.879899112446 -3.202273651894 -0.4697419368636 -0.01109280920577 0.3510997193967 0.6213322623066 0.7177206440786 0.3774213053594 -0.03485541668907 -0.9809078449924 -1.060633946724 -0.8549125759392 -1.042707615081 -0.3811563779618 -0.4548127299371 0.2545639302485 -0.08050988852498 0.7601649273646 0.6939995869301 0.6495493790224 0.5881651466762 3.002646665002 0.1039869094432 -1.850341888525 
  3121  8  4 12 36 -1 12 16  4 12  9 -665.1955418077 0.02473789816243 -1.710996120793             0 -1.839803749355 -1.546699863561 -1.332140501139 -2.30267899698 -2.745988478699 -2.307925286871 -3.349425353646 -1.450346142858 -1.864094710693 -1.046945580556 -1.071153278818 -0.4154369983693 0.02803983200938 0.3024776249207 0.550785071878 0.529798735187 0.3804118357543 0.1067053100145 -0.3213226319941 -0.2279185550975 -0.5511831883861 -1.199447298443 -3.567808531611 -1.145778642391 -3.1502708686 -2.994742578086 -2.424831234356 -2.215222344982 -2.445723404636 -1.976010716512 
  4099 28  4 16 24 -1 28 12 16  8  3 -432.549086095 0.03683366301966 -1.40092949617 -2.54276779568 -2.353669958996 -2.47346706552 -2.106747399281 -3.339190288515 -3.030423421474 -2.977075803705 -3.374926411048 -3.582026955978 -1.236934064459 -0.1691238287097 0.2140117534323 0.3624111618551 0.4128781672903 0.3820286844974 -0.07260011754236 -0.1428799612349 -0.2836932923947 -1.248885068265 -0.9782170589887 -1.66752344502 -3.497566450229 -3.334976109048 -3.091174561297 -2.540687829009 -2.676263677587 -2.659260171714 -2.141208542831 -1.418624100119             0 -1.418624100119 
  9942  4 20  8 16 -1  8 20  4 16  2 -140.1051978745 0.1301641753769 -2.523272108153 -2.196592767228 -1.985842944227 -3.067451759903 -2.039135046746 0.3717345276242 -2.583017792153 -3.090890016317 -1.281480098988 -0.7545617196246 -1.937489514454 -0.02547856409188 0.2080288369699 0.1525298839065 0.4026868258964 0.5041189450851 0.4815840824538 0.01997295714987 -0.6894983619244 -0.7905048383173 -1.008866185206 -1.406872068173 -1.41590051293 -1.630556410176 -0.6797371340148 -0.9796238915141 -2.683488634899 -2.53337121815 -3.017098501663 -1.368944088521 -2.739845069541 -1.893545786385 
  3711 20  4 20 12 -1 20  8 20  4  3 -214.286571859 0.06588831848125 2.555366834678 2.573072597108 3.290657382189 1.789782027398 1.777684180746 0.1802373300658 0.8598757405366 -0.0117651568869 -0.1559617072429 0.1490494929134 -0.4981933771506 -0.5681248560511 -0.7922520115029 -1.010730630214 -0.6606998813186 -0.353272253313 -0.1829602858238 0.000231077456727 0.1695718802376 0.3005956927936 0.465387212422 0.437824349001 0.4750602762997 0.4270764993728 0.585412310715 1.262625433935 0.315257341522 1.04946679487 1.592291003058 -0.4517230580252 0.9331344288756 -1.821299100592 
  7932 32 12 16 12 -1 40 12  8 12  2 -230.2885401436 0.08996307262018 -1.844839649258 -2.185128908692 -2.185128908692 -2.385749010021 -2.639465410165 -0.2209701691473 -0.8410598772094 -0.7247415288165 -0.7106453867267 -0.5153615292955 -0.1390392986716 0.4134724604221 0.6026276858157 0.6766056799404 0.692171604087 0.4703011774122 0.4738905774352 0.187278703998 -0.2899735407424 -0.6312646390263 -0.9553538872434 -0.9371334582234 -1.032592946012 -1.054852086164 -1.381729075833 -1.495818862176 -3.355061842536 -3.249550629674 -0.5659501633225 -2.185128908692 -2.185128908692 -2.185128908692 
 11423 24 24  8 12 -1 24 28  8  4  3 -141.9122984619 0.128151921667 -1.638823869922             0 1.83501117925             0 -0.2962776792595 0.7159774860649 0.8096122609042 0.8045630730073 0.9967705255961 1.347773516792 0.9494886867136 0.4081531026766 0.4249426762163 0.261142092528 0.005346800645751 -0.07802880210339 -0.4769240336791 -0.8587421246237 -0.6132062897705 -0.4588150475018 -0.2695153854872 -0.4684650901592 -0.4097201462401 -0.6160019715735 -2.691711604648 -0.6597327589096 -2.379817356027 -2.513768938584 -1.883114157978 -2.37388049025             0 -1.611276497749 
  7377 16 12 24  4 -1 24 12  8  4  3 -123.745774685 0.1208352100308 -2.087804628994             0 -2.702599250058 -2.95471398207 -2.71485381854 -2.193858991389 -3.250246559314 -2.259118742551 -3.785495776847 -0.2329520984801 0.1340044871304 0.01489607348965 0.3642045447744 0.5062344971517 0.3939316502442 -0.0974774259123 -0.1226437838673 -0.4897720298076 -0.4959686255296 -0.6768835752167 -3.664229584772 -3.646759164519 -3.009791482434 -2.801301196515 -3.071192964396 -2.734838866309 -2.299878344609 -2.436668039954 -2.616132487129 -1.84173274082             0 -1.340749374591 
  7769 28 12  8  4 -1 32 12  4  4  2 -43.82994592083 0.3702589662703 2.426210745119 0.9182831818691 3.183386146647 0.4920613469999 1.341341445502 1.879565830189 1.274540386224 0.9036763299404 1.147741631185 0.822469088133 0.5501232465861 0.2366272544148 -0.00626905988312 0.007444421293644 -0.3243701511773 -0.5062386860015 -0.8627433930105 -0.5908335864113 -0.2896454485826 -0.1490569000666 -0.112638702794 -0.02942435591427 0.4725154230593 0.8002457248956 0.5936340418799 0.9610395810349 0.7805120022125 0.9624069832524 2.202086572797 2.811814968409 0.8217015954506 2.802623666996 
   513  4  0 16 20 -1 12  0  8 20  2 -339.2856656608 0.04408726673097 -2.255200117508             0 -2.150570559701 -3.08831231747 -2.355931287706 -3.312433836921 -3.000532072414 -3.524666766727 0.1034020005527 0.9969671746032 0.1080416228432 -0.4407268032618 -0.3075557022704 -0.1485919676204 -0.7688122143222 -0.7552651986252 -0.4610781216275 -0.2754679870511 -0.3821950646587 0.2060398755188 0.1967164462942 0.4768794747478 0.8753595496039 0.449715142519 0.4730754230729 0.6330905579244 -0.05804909355001 -0.3718664916554 -1.195754327148 -1.790848398029 -1.25125636656 -1.600673087023 
  7454 16 12  8 24 -1 16 24  8 12  2 -274.0896524344 0.07040705807077 -0.4399353590943             0             0             0 -1.674778378662 -2.930671317235 -3.295867065377 -3.265423865589 -1.20829338749 -3.803925999456 -1.447125418017 -0.8795619989407 -0.007514069723931 0.402206760161 0.5892401289039 0.2744365100278 0.1702620887588 0.09985309800164 -0.8088892335532 -0.5181208666527 -0.849728342869 -0.6952496739334 0.11417673147 -0.359533514765 -2.645192701982 0.2693456633972 -2.349234951817 -2.279757885228             0             0             0 -1.425956830893 
