15 77 60 40 0 
1 -1.975293975041 
2 -1.663158335384 
3 -2.440016323179 
4 -1.596425255986 
4 -1.428257429203 
4 -1.597789424741 
4 -1.673871347628 
3 -1.376415018934 
5 -1.649504493833 
4 -1.379368774686 
9 -1.682303248705 
8 -1.48330683996 
9 -1.430047896287 
9 -1.375297652675 
8 -1.568242273056 
  5980 24  8 32  8 -1 40  8 16  8  2 -358.1250537054 0.05065312652046 3.214898147267 3.750685747232 4.122760978017 4.116473247867 4.176052576381 4.17040413909 4.263435021753 2.351134863242 2.342589180478 1.523749608407 1.203672509906 0.5670379545531 0.3653700556632 -0.2269149051681 -0.4994932113172 -0.9593018029318 -1.503897781051 -4.273473111156 -1.975283975042 -4.324198474889 -2.309133628366 -4.225099197668 -4.108179202563 -3.93182566909 -3.712082676879 -3.665202642278 -3.46671154921 -3.10830308685 -3.082708963419 -2.710267535855 -2.418140989567 -2.30756029444 
  6119 28  8 24  8 -1 40  8 12  8  2 -298.0383547548 0.06023938581152 2.906544265125 3.430483222321 3.598569618116 4.070571593198 4.209141715132 4.224683629166 2.311950178828 2.294915867925 1.694681151852 1.161656622217 0.6576670173496 0.1387179807258 -0.347073188269 -0.6985062042062 -1.395121546995 -1.342633460339 -1.670393688748 -1.994515208097 -2.383911944013 -1.229329309315 -2.810200469107 -1.965912852029 -1.965912852029             0             0             0             0             0             0 -1.965912852029 -1.629048303991 -1.629048303991 
 11480 24 24 12 16 -1 28 24  4 16  3 -231.2261278889 0.06096480086303 -2.302294506667 -1.62116596284 -2.499700783512 -2.214057744837 -3.037747714154 -2.565240433463 -3.140114989471 -3.547858166266 -3.925511140502 -3.869154842688 -4.146256891558 -2.449091195027 -0.9646421311776 0.2891247722982 0.7830423918731 0.1984940171926 -1.050617898875 -1.538505445599 -0.9272876984777 -3.453806180589 -3.439933563838 -3.31510144901 -3.111140953865 -2.997861518816 -2.555771810201 -2.575322162572 -2.175401071924 -2.527323540859 -2.455766904905 -1.74077756545             0 -1.268828011759 
  4412 36  4 24 24 -1 44  4  8 24  3 -669.8087347559 0.02662330677481 2.907019704395 2.830193081499 3.319518656476 2.207085499581 3.898687988363 2.005990501946 1.721595541925 1.592019274328 1.452754538315 1.277135075226 0.8285277445695 0.2508892094288 -0.09901887592817 -0.6156551085018 -1.102407512855 -1.399886960739 -1.165049819186 -1.296217271655 -1.262080582189 -1.534382941158 -1.516345156754 -1.228857393798 -1.367761457912 -3.10830308685 -2.762726505801 -2.508639954546 -2.30756029444 -1.965912852029 -1.965912852029             0 -1.629048303991 -1.629048303991 
  5966 24  8 12 24 -1 28 16  4  8  9 -471.5868365107 0.0390125618224 -2.115936669432 -1.646539210452 -1.57396752495 -2.224962372939 -3.258689459297 -0.4044342063214 -0.7236292096072 -0.9338600983531 0.215780752869 0.110122458387 0.3113124049388 0.4845052714146 0.6855188851791 0.8928888770774 0.6636079832267 0.630673174539 0.4054602183069 0.1119501333881 -0.08679840245201 -0.3115228057435 -1.252293317353 -1.961661988719 -2.92292642893 -2.174622115082 -2.219716010241 -3.543278506643 -3.580593698201 -2.738816563813 -2.935092002657 -2.987188902906 -2.876357642227 -1.736233077242 
   227  0  0 60 20 -1 20  0 20 20  3 -826.0896379586 0.01402311739893 -2.180900872607 -2.330017027839 -0.7703836823924 -2.700407888682 -2.40400455326 -1.717817396317 -1.911065959159 -0.7443162365062 -1.293080014844 -1.048077459143 -1.195703771822 -1.299051348063 -1.006130995153 -1.366290842844 -0.7304755573833 -0.02266318664072 -0.1709185601588 0.1195375519175 0.1660327454704 0.6128659147874 0.3750646437301 0.7037863917933 1.361784771106 0.9752111216144 1.439483669817 1.174439503535 0.721991747953 0.6205950057462 1.585109953447 3.412820791512 3.423868536428 2.840920844505 
  4418 36  4 24 28 -1 44  4  8 28  3 -744.0889165575 0.02797810226861 1.943408932916 2.284828422108 3.085385499157  1.4037730141 1.633610239233 3.777748455926  1.5716105298 2.449371868034 1.558443201315 1.227648696967 1.449747965937 1.143152724963 0.5102674690552 0.3847547012798 -0.1323522625959 -0.4315089472249 -0.8272379508349 -1.184631433783 -1.309012084859 -1.125112127158 -1.436056797005 -1.413503927067 -1.273320827749 -1.46322028684 -1.580784307793 -3.178053866665 -2.585242033692 -2.508639954546 -1.629048303991             0             0 -1.965912852029 
  1571 24  0 12  4 -1 28  0  4  4  3 -76.12926335074 0.2048441736843 -2.343411733443 -2.792785883459 -2.253730358199 -2.410052902569 -2.801474148058 -2.837994361278 -3.131701577611 -3.067827217803 -3.395721953689 -3.439457692625 -3.652619611953 -2.042786432841 -0.7788414947678 -1.032170271615 -0.5461405835679 0.6069158589122 0.4255025909654 -0.2777659529541 -1.32370380088 -2.483184488843 -1.690511101401 -3.249419913886 -3.359581936072 -3.229555201582 -2.996940404023 -2.718760148511 -2.621991773811 -2.50573822674 -2.032868628161 -2.482283384696 -2.026628174615 -1.987225695611 
  9183 24 16 12 12 -1 24 20 12  4  3 -174.0152126845 0.1042217062969 0.8438173357226 2.854624115738 2.738574188103 0.6872905563308 1.030224672765 0.5494913869486 1.774197114437 1.044993113951 1.172038140877 0.900552951752 1.168404165205 0.6857737300095 0.5689292792623 0.5546120019964 0.1934528910603 0.0852870735159 -0.2461309624578 -0.2589286502424 -1.210393077232 -1.029633391443 -1.175500652201 -0.07713421399908 -0.8404015965077 -1.209939301612 -0.5885155025662 -0.1740753121824 -0.5651383586809 0.4233014391424 -0.5037501731841 -1.718311722009             0 -1.70105027096 
  4292 32  4 24 20 -1 40  4  8 20  3 -583.1110638804 0.03145114658463 0.3779409416036 2.267697565843 2.952537360199 2.872808081069 1.639151134054 0.01839051475214 0.3117105943106 1.376291736026 1.655532744331 0.6106260924319 0.5405700830308 0.2776562757509 -0.02745044395342 -0.2990089479474 -0.3805801034772 -0.7647874466076 -0.7362955662498 -0.679172507124 -0.609820644491 -0.3952851145023 -0.5356808863595 -0.2995034517364 0.2560925932606 0.8362602605071 1.294107332486 2.056506330151 0.8838095611554 1.126834919439 1.44864224747 1.279015072046 2.900055758867 2.881575586212 
  4177 28  4 24 28 -1 40  4 12 28  2 -778.5388904822 0.02382588696222 1.067385138911 2.005423760729 3.848072866594 1.68970040804 1.444705964811 0.9442910151919 0.8074574431786 0.6755331940254 0.6704014620626 0.219877540523 0.2676823452219 0.02632594885711 -0.2758068226993 -0.4449381061996 -0.866268094851 -1.113328858195 -1.53314169053 -1.912324541391 -3.968865923997 -1.875222239167 -1.745314973517 -3.132650642679 -2.893448726952 -2.710267535855 -1.965912852029 -1.965912852029 -1.629048303991 -2.165366706044             0             0             0 -1.629048303991 
  5640 16  8 24 24 -1 24 16  8  8  9 -974.2300692619 0.01647683575638 -1.595795206018 -1.595795206018 -2.293725931238 -1.965652579091 -2.363650780927 -2.945912753776 -0.9057048640961 -0.1500922169312 0.2084814690859 0.3982011388948 0.6389287982306 0.8275393253247 0.6314365404181 0.3295997171848 0.1902348645143 0.08588739531752 -0.2704234035104 -0.6193345993074 -0.9138330427624 -1.478593908428 -1.838747488455 -3.845361604094 -3.65155594214 -3.536920170444 -2.85949583459 -2.339430481033 -2.274736694595 -2.141985127694             0             0             0 -1.677152454445 
  2380 48  0  8 16 -1 48  8  8  8  2 -188.877402925 0.09901663263048 -1.501880734195 2.18772493423 1.628935027696 1.670417820583 1.080303739139 1.09494593999 0.8289540341973 0.9056060741508 0.726350518131 0.6443119655229 0.6345373819033 0.3729398180939 0.3400389120815 0.09813641599723 0.1545820891333 0.07380180535618 -0.3717947041951 -0.4291282683431 -1.229765129211 -0.8919612601071 -0.7011787597019 -0.5153300509154 -0.5400130038979 -1.07493215089 -3.236005718131 -3.061986460833 -0.3653341704934 -2.481581352208 -2.539555382074 -2.338535830278 -1.689948697377 -1.936840798142 
  4759  0  8 12 32 -1  0 16 12 16  2 -481.8788788394 0.03799351635871 -1.953361688036             0             0 -1.75797299289 -1.400107564672 -2.285527312791 -1.097033158727 -2.175241528778 -2.597609865204 -2.751934357547 -3.240918966346 -3.405831992936 -3.84719584698 -2.211845351186 -3.995897241195 -1.933094366204 -0.7052240888778 -0.0218076908263 -0.0112122281764 0.459807080235 0.5236794708916 0.4077964792054 0.1484708163502 -0.02721632705809 -0.1744953783368 -0.3036430050038 0.1224999827701 -2.737291538378 -0.4136792453487 -1.68744032424 -0.6972386930437 -0.3527133193233 
 11629 36 24 20 12 -1 36 28 20  4  3 -251.0216511086 0.05440016084241 0.3152970578826 2.83162144129 1.120426670358 1.504851497446 2.005901665297 2.068442283235 1.461985445731 0.8945045502876 0.8540921408099 0.663938763514 0.3518269389627 -0.08359841729077 -0.5200625907921 -0.8692425128046 -0.5204115755453 -0.2529603469717 0.0296692962824 0.4845253382165 0.5703911476707 0.9866777083465 0.8872901181202 2.068442283235 1.145312107469 1.35503727429 2.908448773864 2.908448773864 2.285774544713 1.944345361874 1.944345361874             0             0 -1.629048303991 
  1587 24  0 12 16 -1 24  4 12  8  2 -168.5537952177 0.08793935985704 -1.749011632918             0 -2.026855511695 -2.026798580991 -2.202934802155 -2.7981997098 -3.185465442264 -3.296950118109 -3.140102426959 -3.307381934601 -1.352532355675 -1.615133528751 -1.012489690065 -0.6129230562027 -0.1105802792923 0.6091608394801 0.5080545351072 0.1233542144328 -0.6306721692314 -1.324684644288 -1.703991518406 -1.169860899072 -3.213803737172 -3.051195060657 -3.119574454763 -3.160376389998 -2.901895187372 -2.63456599092 -1.657384435732 -2.200251204435 -1.492639903562 -1.328659663895 
  2366 48  0  4 16 -1 48  4  4  8  2 -60.14617221249 0.2587267292946 0.7479096568948 0.6424880657552 1.408586884803 0.6483635945503 0.8765063267929 1.299685025398 1.653950119168 1.169959744195 0.6171953322544 0.715414059172 0.5086619070635 0.1630557915146 0.2278632521264 0.1096904292952 -0.7750075939815 -1.052017764049 -0.6474496408906 -0.5288968877492 -0.342417377853 -0.7115800102214 -0.0508117935041 0.01069278880048 -0.8237358447276 -0.04858865360538 -0.4267106391658 -2.554821114009 -2.004070048329 -1.753397353323 -2.301611052445 -2.354629056674             0 -0.9239803200673 
 12829 32 36 16  4 -1 36 36  8  4  2 -83.09137843641 0.1849550283375 -2.094244762501             0 -1.629570558276             0 -1.668118534031 -2.221813261264 -1.99497662288 -2.620500232896 -3.154360204052 -3.303698992711 -3.4139210034 -2.116113287114 -1.27146930886 -0.1747717096419 0.4132830320151 0.4348805770883 -0.2835583512904 -0.8131688701966 -1.392503449318 -3.713830603309 -2.170297466532 -3.376198546776 -3.070101844419 -2.885240243888 -2.415934404497 -2.267374581351 -0.1393004485543 -1.021957440181 -0.5404753841962             0 -1.71615529235 -2.431012297112 
  1239 16  0 16 12 -1 24  0  8 12  2 -241.6090352279 0.065652796216 -1.629048303991 -1.629048303991             0 -1.629048303991 -1.965912852029 -2.165366706044 -1.965912852029 -2.418140989567 -2.508639954546 -2.964794607978 -1.331439721012  0.1222000754 -0.3135004708116 -0.8209177561988 -1.171965036515 -1.127486309254 -0.5410605760451 -0.01226793514615 0.206607798133 0.6476286337345 0.8565141257661 0.8563388800729 0.4907319388002 0.204223325861 -0.6686115924359 -2.853555168633 -2.710267535855 -2.418140989567 -2.165366706044 -1.965912852029             0 -1.965912852029 
 12678 32 32 24  8 -1 40 32  8  8  3 -442.9315612676 0.04455642396922 -1.210436209203             0             0             0             0             0 -1.534290337019             0 -1.210436209203 -1.190213210175 -2.581798090593 -3.018781784809 -3.116383833014 -1.769914980467 -2.19703939382 -1.488970716185 -0.915389714311 -0.1853158147529 0.2216822279867 0.6407560643622 -0.163751592689 -0.7612116461171 -1.323091413169 -1.552201206824 -1.53446190875 -3.346244680108 -3.039248005103 -2.767225005263 -2.323481023268 -2.85507172453 -1.842479670935 -1.681399601276 
  2288 44  0  8 12 -1 44  4  8  4  3 -116.9391870605 0.1495529005664 2.987524752527 2.794363603211 1.442589483214 1.793643027254 1.592106015427 3.468086852911 1.310478277942 1.514501713024 0.792098720812 1.157304360731 0.511624824257 0.3599702637034 0.3435921825341 0.2360689742529 -0.3270145428444 -0.2875992727935 -0.6898963837016 -0.967629355403 -0.6925102148295 -0.206104590322 -0.1046121878014 0.2587466564719 0.4460447547101 0.4453578330122 0.6972314540441 0.6042778479215 0.4243386261005 0.830269702706 0.9385288729545 0.8901950289676 0.5901258158631 -0.1727579895151 
 12302 36 28 16 12 -1 36 32 16  4  3 -180.4949492798 0.0755991473904 1.865917409278 1.14292693943 1.22659424718 0.9734191421628 1.168122856937 0.5019568380687 0.7653974065812 0.5950129350825 0.7387500848244 -0.04609163393252 0.04539764376009 -0.3194151338108 -0.1885737156391 -0.9225731133208 -0.3180572522374 -0.3479648299875 0.02578237243069 0.2123574357797 0.543521305153 0.5893647122398  1.1664567282 1.342533898401 1.519055394517 1.184580817593 2.534318885395 1.772108489743 0.8010772252063 3.021596834444 1.857498399468 0.9247482039788             0 1.376632660763 
 12463  4 32 32  8 -1 12 32 16  8  2 -244.4476851652 0.06015133768099 -1.629048303991 -1.965912852029 -1.965912852029 -2.508639954546 -2.651652490228 -2.893448726952 -3.10830308685 -3.358297423096 -3.565849291584 -1.125736332203 -0.8358188108205 -0.585293107744 -0.3674813586357 0.0752503792845 0.4759834647702 0.4761107668289 0.2669309454341 -0.1004312840578 -0.8728100589726 -2.074456357657 -3.656943452172 -3.428757067614 -3.454377426001 -3.239254857428 -3.05573370605 -2.853555168633 -2.30756029444 -2.710267535855 -2.165366706044             0             0 -1.629048303991 
  4378 36  4 24 12 -1 44  4  8 12  3 -448.2660561407 0.04398141922124 -2.138483410628             0 -2.770055263682 -0.6774683187583 -3.028245094829 0.5898378576429 0.5607442849028 0.4206768149927 0.7198454365725 0.6846491800517 0.6508141898864 0.5001026227201 0.2930075704907 -0.07890270254814 -0.1238922813028 -0.5131993956805 -0.9735266034983 -0.9243525173266 -0.9802108781835 -1.268569232644 -0.7492817580427 -1.341404170895 -0.9550964537723 -0.8893005275154 -0.09545212815632 -2.649136265484 -2.759296222771 -2.328546166687 -1.6819772627 -1.962610442824 -2.341668887768 -1.931448796091 
  4914  0  8 24 32 -1  8  8  8 32  3 -851.7802214147 0.02007504869186 -2.001631370082 -0.210044293516 -1.732383161745 -2.372915889295 -2.526966405348 -2.472559655917 -2.979924208607 -2.815040752207 -3.021173264353 -3.454040866195 -3.5865736863 -0.5644067461437 -0.596764451269 -0.4186693548623 0.2635735090953 0.5367928276287 0.5213071165413 -0.07549765981493 -0.4117969964358 -0.7627743391956 -0.9764831587861 -1.059104032431 -1.170024826101 -3.189270297602 -3.271354365136 -2.574862898587 -2.694083833367 -2.698103333372 -1.416858485962 -0.8847465015798 -2.311653250402 -2.404211807039 
 11352 20 24 16 12 -1 20 28 16  4  3 -157.6999969441 0.08698493373633 -1.965912852029 -2.30756029444 -2.418140989567 -2.418140989567 -2.165366706044 -2.585242033692 -2.964794607978 -0.2547415946879 -1.100485918458 -0.9785035499405 -0.8561379705579 -1.16998384655 -1.267572835989 -1.459785343517 -0.3187794769384 0.05418539212676 0.1095492694767 0.3184699696703 0.442173982555 0.672307385656 0.8054460948283 0.6957181505818 0.9511701389583 0.7905612417561 0.5403786686328 0.9495577388093 1.090346221126 1.169421690965 2.631185948077 0.6581488593574             0 -1.629048303991 
  1873 28  0  8 40 -1 28 20  8 20  2 -413.9350344971 0.04183307134965 -1.722630061476 -1.979249523403 -2.333832695162 -0.5821773991211 0.6079870468553 0.3627603000664 0.3774800647959 0.5915332475355 0.3541059185006 0.649933695348 0.6008059626696 0.451968661523 0.08580044357379 -0.3664495395561 -0.6241363284668 -1.168678768446 -0.8578914548062 -0.6281979647794 -0.8454020238908 -1.154653361226 -1.356636970413 -1.044122800569 -0.5409721066371 0.1886212849178 0.2457913093989 0.5563489026823 -0.2880136843247 -2.195680032146 -2.258219058268 -2.387462729715 -2.85823959814 -2.443755516696 
  2201 40  0 16 12 -1 40  4 16  4  3 -198.9985889119 0.0717774068216 -0.6537342989227 -1.476195790594 -2.451769118425 0.3329977404568 0.2107362052194 0.9549522955623 1.097945771531 0.509125419125 1.013270789399 0.7024616464706 0.2843476486038 0.03428507580218 -0.2375534753083 -0.6935213864494 -0.9302541754724 -0.5440910454653 -0.0897267834916 0.2517215114988 0.3549344932124 0.6954511347713 0.7535544868168 1.347150222983 0.7525458036372 0.006635841285064 -0.01839118256147 -1.964925423727 -1.863521962541 -1.178555372981             0 -0.9740425739115             0 -1.647534303002 
  6391 36  8 24 20 -1 44  8  8 20  3 -611.0395106779 0.03305907887435 -0.4766190913967 -0.2282115024727 0.3544029236835 -0.01975299615335 0.3786768423255 0.9121368551253 0.695458711439 0.7908056705985 0.454977155417 0.506793328564 0.7157271103374 0.352982502465 0.02739475401788 -0.1201724901773 -0.368812139599 -0.3086851887052 -0.8103388102932 -0.6833997231876 -0.9824820743348 -1.001593786314 -1.070959927776 -0.5734584003929 -1.505232449022 -2.093561081181 -0.2911014081429 -1.000771943058 -1.463586079603 -0.8012922651255             0 -2.107496685059 -0.9290387196641 -1.754787578133 
   116  0  0 44 24 -1  0  8 44  8  3 -944.649880859 0.01564476273946 -2.456388082375             0 -1.433937790904 -1.652133884583 -1.348374855597 -2.508952019064 -2.641915597912 -3.186652191791 -3.154909266791 -0.6386996036303 -0.2572703467271 -0.2109717735047 0.1472383143345 0.3475652970031 0.2221605905329 0.3519870837193 0.1588929685979 -0.180210278107 -1.009963589581 -2.83171547381 -3.985964888518 -2.395869116029 -3.317165607735 -3.013319707309 -3.133616458256 -2.217068743224             0             0 -1.386466942892 -1.888865884762 -0.95549209817 -2.057500887238 
  8934 16 16 20 12 -1 16 20 20  4  3 -238.8287677319 0.06948936813374 3.088253070066 1.013873972911 1.724090952054 0.8730445292698 1.141307986863 1.354534401581 1.341252449275 1.056698201063 0.9580711859944 0.4334355971857 0.4378599910786 0.3028444752506 0.1366958819956 -0.1723368919296 -0.2401348106768 -0.5181177422987 -0.9796164411078 -0.5918247781335 -0.5575843752276 -0.2308956704873 -0.2814350364123 0.02751062445834 0.2340772846954 0.1232648012311 -0.01998895350855 0.7768043872131 0.6586239865926 0.5227719125851 0.3171754147431             0             0 -1.629048303991 
   939 12  0 16  8 -1 20  0  8  8  2 -144.9593454615 0.09869583632871 -2.305833905309 -1.934411124325 -2.171859921619 -1.981980606058 -2.062775400766 0.2866759768877 -2.470942357635 -2.71880180345 -0.9398666680855 -0.6593355050425 -0.1688982991413 -0.6068975353125 -0.9574666741376 -1.006136765706 -0.7742722262824 -0.3650374243213 0.003326338065056 0.07596026534003 0.6010375331453 0.5869536663516 0.8310484130447 0.5594619238241 0.2774807214869 -0.2886191140074 -0.3766946530559 -0.6785740247595 -1.318296929168 -2.30598564346 -2.046970013641 -2.179947917085 -2.056383517688 -1.607563144401 
  6352 36  8 12 24 -1 36 16 12  8  3 -363.6259636341 0.04865469351914 -0.6601283732878 -1.368030997231 -2.382526593553 -2.807478210665 -2.27862129267 -2.445016266451 -2.829880165242 -3.365970644168 -3.348931784964 -3.559388095336 -1.125224538452 -1.914953744893 -0.9114179106016 -0.9090955672136 -1.085310296519 -0.5216309083081 -0.5989393957485 -0.2057025678409 0.1733534269933 0.4132859387841 0.6023780717752 0.4823713804479 0.6853946572661 0.6100669772336 0.4198066363376 0.3443898782753 -0.1106796492458 -1.175302490598 -2.811437529647 -1.737279695481 -1.531795270945 -0.9927394339018 
  3609 16  4 36 36 -1 16 16 36 12  3 -1292.869365004 0.01498029649222 -0.5674964813919 -2.208602374626             0 -0.7778901920218 -2.00333136135 -1.23164288285 -2.470676573808 -2.680073960598 -2.980826738954 -3.208286564351 -0.2345256882456 -0.3742349030355 -0.06974843002436 0.01803525067796 0.1518074362781 0.3898655139658 0.3580671249693 0.3993526603166 0.2532177640143 0.168852785382 -0.2383165732439 -0.3769682690142 -1.123311008517 -1.161478750952 -2.407219161274 -1.709108672056 -3.677785280361 -3.263178961794 -2.969633762357 -2.517813074884 -2.20289753849 -2.787317377337 
 11172 12 24 24 12 -1 12 28 24  4  3 -233.4159721563 0.06301628767972 -1.629048303991 -1.629048303991             0             0 -1.629048303991 -2.30756029444 -2.651652490228 -2.508639954546 -1.136014487648 -0.7305132142432 -0.5814259240462 -0.7775213239736 -1.107334909893 -1.179015490578 -0.7746655607834 -0.5303280910981 -0.1761260029056 0.115106475025 0.2381739123456 0.4782185294059 0.7423256006357 0.5708875289906 0.7249570453038 0.9308895065758 0.9418251364091 0.9593264691913 0.5286093137413 0.6130775623479 0.3259001343178 -0.1624904825998 0.3176461717802 0.3176461717802 
  6085 28  8 24  4 -1 40  8 12  4  2 -158.3298176263 0.1087356262911 0.3207048885367 0.785835031774 1.161536693086 0.9758888023187 0.8660765797407 0.6747188474444 0.3921214743624 0.2590819843163 0.2370867303545 -0.1872832339554 -0.3207502657004 -0.3707971243016 -0.6090021336993 -0.621172462383 -0.8728735063381 -0.8839765274246 -0.7190493988522 -0.2145572208717 -1.281197304182 -0.8452712186349 -0.6144752534103 -1.158134164044             0             0             0             0             0             0 -1.158134164044 -1.343630543112             0 -1.342299982735 
  2073 36  0 24  4 -1 48  0 12  4  2 -177.3722685005 0.09231301027484 -1.819587604791             0 -1.959061392587 -2.365369433503 -2.84458371007 -2.46188972174 -3.186474135148 -3.355256148413 -3.693631965185 -1.807897812407 -1.494483949338 -0.3714639713033 -0.4159515810617 0.08505984300113 0.4181752790111 0.3587076225475 0.006351670859067 0.2758252786047 0.4018414163113 -0.03520690863238 -0.09749613690419 -0.3449158803764 -0.6303720007051 -0.7852525982671 -0.5941035231543 -0.3918496749162 -2.640928217253 -2.38205246424 -2.429279356549             0 -1.530455979331 -1.714140849678 
  8754 12 16 16  4 -1 16 16  8  4  2 -52.74904078536 0.2869322525568 -1.86581213509 -1.464624424187 -1.899933653644 -2.192969214525 -2.004979920252 -2.847077464993 -2.966965748543 -3.417851011737 -3.28073297418 -1.118249841605 -1.272055787696 -0.9137533445091 -0.6349498158062 -0.3012645270031 -0.1832128747246 -0.08233003970563 0.5178070024495 0.4942531133042 0.4813236747891 0.2369428291585 -0.3823580508619 -0.6346702469292 -0.9622385606387 -0.7055528805394 -1.602791171042 -2.644918764492 -1.660191106388 -2.622027487309 -1.876420390632 -0.2522603115723             0 -1.22813163355 
 11673 40 24 16 12 -1 40 28 16  4  3 -242.929063979 0.06706227753814 -1.941698996889             0 2.096142291402 0.2740325642276 1.24982375621 0.6952760203945 1.316983143136 0.7008055085765 0.8166772037124 0.9561317085504 0.7823589275396 0.4230954233675 0.4687983139127 0.1129332023132 -0.151899876027 -0.6472926875253 -0.6530959509379 -0.1306496907466 -0.2542124820649 -0.2781257873259 0.2487322202551 0.04205557359473 0.7576744745841 0.4330690527792 0.1477801805313 0.3898937990185 0.9181091752748 0.6794366027525 0.7252421804113 2.479435301428             0 1.929098029759 
  9506 36 16 24 16 -1 36 24 24  8  2 -391.9119807416 0.03904732677458 -1.958855434489 -1.975789623911 -2.057528737759 -1.195319409565 -2.613748395252 -2.689529398902 -0.1279574902392 -0.1399109235736 0.2655832984997 0.6868342692964 0.7932718601948 0.4461575664248 0.1292449603575 -0.01161453807035 -0.1120637761543 -0.2055689819688 -0.1368095880064 -0.2165297686505 -0.6325100557612 -0.8453436932658 -2.078375232494 -0.8479939523385 -3.680586879069 -3.435757856236 -3.006627878883 -2.618347146705 -2.698971911103 -1.435706477832 -1.878001390352             0             0 -1.312763143258 
  1079 12  0 16 24 -1 20  0  8 24  2 -294.3470918106 0.0516536820243 -1.371805294497 -1.041267923571             0 0.3255001538468 2.458575299764 1.251664975813 0.5951815524162 1.138729769423 0.9580214513033 -0.7893028915385 -3.278755674277 -1.301016740288 -0.2321597941384 -0.6719967081434 -0.5041013121852 -0.2859525176599 -0.1969226610311 0.0293349651046 0.0879062445417 0.191146444307 0.1187437954336 0.6821985503451 0.6356914987604 0.2582663945434 -0.3337692426826 -0.880068478472 -0.9022742610872 -1.503593411703 -3.320738824106 -2.449178065499 0.5882300427612 -1.517131883221 
  9906  4 20 24  8 -1 12 20  8  8  3 -243.0117359334 0.06924587487924 -2.890676284437 -2.187992878561 -1.762516655992 -1.437561883363 -1.751531160189 -1.869509558215 -0.03392308549988 0.8007726039671 0.3762779086823 0.3257959917753 0.4252783144843 0.9616437735972 0.5299596754692 0.4947775845892 0.3268957362573 0.1055666021675 -0.2017092262074 -0.2549755785356 -0.1622890025663 -0.7961948979199 -1.645342068611 -0.2302714425201 -0.3160373370876 -0.896196397889 -0.4562175477257 -2.079156681785 -2.555597778404 -2.711847098477 -2.813921830478 -0.6159420090816  -1.939464893 -1.388942323224 
  1616 24  0  8 16 -1 24  8  8  8  2 -153.2522845897 0.1049435676969 -2.025850163629 -1.414283994932 -1.961778183197 -2.43248754294 -2.281426033813 -0.5291889353899 -1.185287654829 -0.5031351177183 0.2152607383812 0.08543273984928 0.5906691264072 0.08380321353697 0.3469338740731 0.6751647825283 -0.04249101583117 -0.6466600532721 -0.7328195000004 -0.1931603686305 0.1091773872322 0.02973203743955 -0.1668870244351 0.001481444509014 -0.4054740349455 0.7404947286116 -0.2092239317761 -3.033542664281 -2.2048869152 -2.604870226834 -2.640242840862 -2.214490340532 -2.393984054601 -2.251888117316 
 10028  8 20 12  8 -1 12 20  4  8  3 -104.5147276893 0.1477967006035 -1.659857225952             0 -2.196961298013 -1.99730729238 -2.617068519371 -2.540437267461 0.09166264808412 -0.352451094212 0.1360116438498 0.2572645977671 0.6487180681676 0.5302798763437 0.6708964551649 0.3990093048375 0.03670207696375 -0.6316998023167 -0.6683127960937 -0.4261095967394 -0.3973260055252 -0.275313946019 0.2948846389243 0.2278184292794 -2.794605637619 -1.659857225952 -2.339255922633             0 -1.659857225952 -1.659857225952             0 -1.659857225952             0 -1.659857225952 
  2230 40  0 16 12 -1 44  0  8 12  2 -299.3823722834 0.06035729510527 -1.418568811531             0             0             0             0 -1.738280540005 -2.03716276517 -2.475145857376 -0.85313083436 -0.5048176670743 -1.100971911962 -0.6480628332032 -0.325247914567 0.2612276704768 0.5298638422832 0.2864852179149 -0.008616084709821 -0.4134896882697 -1.071315280276 -1.099037243791 -1.20109894745 -0.2866289252147 -2.518400910328 -2.080316884942             0             0             0             0             0             0             0 -1.914714146218 
 12170 24 28  8  8 -1 24 32  8  4  2 -92.69675436205 0.1704327297369 -1.127476724418             0 -0.9712465862272 0.8637392186655 -0.9980143890743 -0.2728369740309 0.5955648484288 0.6518552084208 0.5998485666747 0.5991356175146 0.4759359375725 0.4987110997638 0.2644488546239 -0.07409691401813 -0.4740734256312 -0.5389073571155 -0.3486847747642 -0.842157653084 -0.4676811732772 -0.7356947697178 -0.9896775629461 -2.468938615808 -0.5256641823659 -0.04878369936869 -0.1392602025962 -1.034809387198             0             0             0             0 -1.824317241315 -1.607153565909 
  3714 20  4 24 12 -1 20  8 24  4  3 -224.4735887935 0.07691870240849 -1.789450800221 -1.087391153096             0 -2.196054909908 -2.062579649986 -2.330397025134 -1.242452791471 -2.452034941165 -2.637679395959 -3.130134869849 -2.92696816188 -0.580255639378 -0.2859759076864 -0.06721403430786 0.4764874271174 0.359905015049 0.3042759484247 0.03756343163672 -0.2157308986785 -0.3645239341274 -0.8655583513913 -1.003083620576 -0.9398584156656 -3.190049326906 -3.473487139077 -2.745872682546 -0.4382710667128 -1.625238145998             0 -1.981987423942             0 -1.897204803888 
  1446 20  0  8 12 -1 24  0  4 12  2 -61.63475036444 0.1843501738482 -1.846060694222 -1.51385417966 -0.8890113982863  -2.268947452 -2.508006197381 -1.029019742143 -0.1028324066653 0.6626387805856 -0.03559007851259 -0.6469827077987 -0.6927442295364 -0.6212608445196 0.1455200889952 0.2112757252247 0.3998283444356 0.3978945427732 0.2032036199134 0.1332144191263 -0.7321960359508 -0.9082374152896 -1.084265041028 -2.921129930257 -2.604475429621 -2.2067334308 -2.257264338025 -1.519095848432 -1.698822946046 -1.867373734708 -2.116997287524             0             0 -1.483521339801 
  1371 20  0 32  4 -1 28  0 16  4  2 -93.23235636771 0.1461244586438 -2.247599850805             0 -0.577029616203 -2.804627055837 1.308566396946 -2.168145688467 -0.05801562068086 -1.034762000072 0.01749935313996 0.3836672108561 0.6886220348682 0.2285262339315 0.3310137434084 -0.2871514289412 0.00555886453837 0.2686185762891 0.1963755497356 0.2616453710292 -0.0260765609285 -0.2657413615866 -0.4550803157952 -0.3631085051287 -1.088242712644 -1.48535607328 -0.7241941728044 -0.7723577823927 -3.428734418002 -3.236762764294 -3.355685920694 -2.494769195633 -2.022026531503 -2.813680058187 
  2445 56  0  4  8 -1 56  4  4  4  2 -54.38800378945 0.3517495149535 -1.673909537203 -1.883015343361 1.874651454428 -0.8742676880709 -3.156606246059 -0.7580947923748 -0.3068175706627 -0.4888126594365 -0.6075194889844 -0.7120479089746 -0.8755236429521 -0.7878133028276 -0.6992373112576 -0.9399135639905 -0.9552931711189 -0.4307593594154 -0.08278979682888 -0.02311552877447 -0.1793268773208 0.1354231048513 0.4098646516296 0.7459152892622 0.339281941822 -0.06415733245741 0.3225946667693 -0.5597385120411 -0.763392780442 -0.7456363953016 -2.085781030825 -1.868764923399             0 -2.006273068982 
  4744  0  8 16  8 -1  4  8  8  8  2 -107.7238583231 0.140404730332 -0.628724642256 -0.6567435326812             0 -1.754118736342 -2.8533197947 -2.607169793858 -2.912811582405 -3.460333945474 -3.130224323722 -0.4307981114756 0.05171683348445 0.106478950615 0.37593209262 0.4343384137004 0.1030431360585 -0.256441432118 -0.05613443554031 -0.282354531018 -0.5162959059984 -1.137380430425 -1.535261130537 -3.47275842486 -2.379659497403 -2.580090607297 -2.111446681487 -1.800126535419 -2.223650096967 -0.5653704374899             0 -1.625883652569 -0.09318290560917 -1.621291572902 
  9383 32 16  4 12 -1 32 20  4  4  3 -69.0116320747 0.2705653157196 2.63309910157 0.4636944514589 2.834970380463 0.5197882953445 0.3766801466104 1.479138432669 1.051464542806 0.4340000528624 0.3346234910736 0.8073056609515 0.5037444758441 0.5458398294649 0.519696464068 0.2010306374028 0.2535297811072 0.1822870397359 -0.06837608082988 -0.1069426240347 -0.6703399684719 -0.4000071912127 -0.7570640754869 -0.6660697508914 -0.5666077762469 -0.5943854124543 -0.5998166664879 -0.5166958043541 -0.5683673372391 -0.8765071273501 -2.991876984627             0             0 -2.368634813127 
  4406 36  4 24 20 -1 44  4  8 20  3 -611.1855991806 0.03586834838629 0.03718124650614 -0.190766611945 2.940505728898 0.6662416758971 1.001113127867 0.6386674789743 0.5249197889952 0.6795012055689 0.4598822395223 0.5065023657795 0.3861123976423 0.2224453293161 0.2474589507199 -0.1149905190362 -0.2483511197627 -0.5090426498934 -0.526668117797 -0.8781793573531 -0.8788344587605 -0.9280784906408 -0.569681553131 -0.4097848280327 -0.8048933138799 -1.018087258567 -0.4428786695057 -0.6676719941256 -2.455115978543 2.161425874623 1.904291979676             0             0 -2.330512813737 
 10860  0 24  8 16 -1  0 32  8  8  2 -163.0304933578 0.12861563918 -2.367147414404             0 -2.091642358193 -1.694329091401 -1.830498961954 -0.4850103588887 -0.7091382106348 -3.116910768968 -1.377143071023 -0.4427622510489 -0.04099989994945 -0.2015290393402 -0.3461268434816 0.1277665608484 0.09795698526423 0.4287008273875 0.3889809458136 0.4630011918293 0.1731367792486 0.09630642265592 -0.2585701364158 -0.4950796669736 -0.4883178090057 -0.808911272817 -1.436924945718 -1.327240713542 -0.3963580883553 -3.052364075657 -2.816606952882 -1.1909012627 -2.585452694994 -2.48074928908 
  9976  8 20 12 12 -1 12 24  4  4  9 -188.3752558524 0.09576126134455 0.1270760189926 2.250098099181 -0.01423119690788 0.1669342665769 0.8826698669254 0.3928845338436 0.5825616526881 1.444479567064 0.7474776559972 0.6441748078373 0.6117577487735 0.3373229149493 0.5983771884727 0.1402806135657 0.06517095370982 -0.05231792956935 -0.5189945535673 -0.369094294023 -0.613659608383 -0.4398826126744 -0.3117349849784 -0.3689752520705 -0.03829294569035 -0.4504554487579 -0.1417601627519 0.2622394859476 0.02126175296043 -0.07050377301942 -0.1160344518318 0.2580963318851 -0.6282946178285 0.1923155988739 
 12663 32 32 12  4 -1 36 32  4  4  3 -44.62422350329 0.3115061865507 -2.904356297519 -2.934765127191             0 -0.8268010072007 -0.7776113921596 -0.822280354689 -2.666552448709 -0.4729299886592 -0.8783055746806 -0.4501750377988 -0.5344121363936 -0.3985372189289 0.207141173844 0.2933172625831 0.3296971153764 -0.0961616512115 -0.276362461279 -0.5074230701687 -1.045009741558 -0.8483719220632 -3.321383866795 -2.2869994772 -1.537672223015 -2.323260462779 -2.571449621805 -2.326831429807             0 -1.980731524498 -2.251136651427 -1.481961556644             0 -1.916067343187 
  1603 24  0 32 12 -1 24  4 32  4  3 -180.2221806424 0.08170634529192 -0.3488044422675 1.000411560338 -0.1990828480803 0.2167324602917 0.6508833072715 0.1964052346965 0.103266955233 -0.06962425856466 0.2348916142359 0.2735715895393 0.2460529516105 -0.3531347799947 -0.4245292381127 -0.478554116368 -0.6455735301072 -0.4272162615014 -0.5721282874116 0.06218006894951 -0.1005159203413 0.2853403972316 0.8521211435326 0.3853340186593 0.7450320745549 1.044611847393 0.2543223881569 0.6816759254427 1.523143358603 -0.2702182999377 1.378868612015 0.3608779443496 -0.7497677905672 -2.289856348863 
  6699  0 12  8 24 -1  0 20  8  8  3 -159.2190384646 0.09066474969613 -2.752369284376 -2.293179777745 -2.563107126774 -2.975589014789 -2.708850665327 -3.409725069062 -3.573455747831 -3.542844538782 -1.338735627667 -0.4086498353082 -0.4470711418975 -0.2977640837158 -0.1735793614909 -0.1205647537055 -0.1222609259461 0.2771580958453 0.481567898849 0.3923600224386 0.3202727020107 0.09851397405573 -0.05927865288056 -0.0002799375165044 -0.4592930730224 -0.7672058091865 -3.0614030971 0.1724036164636 0.7343339496002 -2.696575392751 -1.283765185148 -2.623516912027 -1.842685878739 -2.305001865321 
  1034 12  0 24 16 -1 24  0 12 16  2 -200.0545710277 0.06173647634833 2.974837584927 3.303663735899 1.500204743151 1.467997144578 0.1499679687718 -0.1638426033673 -1.382361369201 0.1943011698212 -0.9163468930589 -2.072304163239 -0.1063312583627 -0.539992094602 -0.4791095659705 -0.3963894378868 -0.6546038120393 -0.1399801258926 -0.267552662436 0.08057782367604 0.08240963849312 -0.01025040861486 0.5438676675353 0.1189308339146 0.2835967264483 0.08215366391799 0.8976765389542 0.4718605652719 0.4119230652848 0.1189344964613 0.4281196341447 -2.034386668688 -0.8771838280853 -1.091456307027 
  4168 28  4 32 24 -1 36  4 16 24  2 -776.7457981068 0.02595661188937 -2.482338541331 0.8332580207742 0.409414401616 0.7877317735307 -0.09122351360409 0.6558691279198 0.04028286408946 0.1215571657957 0.3571807127557 0.154623345457 0.6047695711898 0.07602792793619 0.6732898406795 0.3646664498479 0.1657811298413 -0.3448192216072 -0.206906543986 -0.4990361107897 -0.5847269567118 -0.09025528002281 -0.7872610823403 -0.395101160596 0.206816925507 -0.810218031265 -0.1660957939644 -0.2492628786631 0.08408249600712 -0.7150484355374 2.648721624037 0.5896017689875 -1.437290181835 -2.400474488569 
   555  4  0 24 28 -1 12  0  8 28  3 -381.9148320343 0.04488692577503 -2.420627389942 -2.420627389942 2.289577438019 3.037608732925 0.1228798193462 -0.04101517684409 1.039972942383 0.5905263782807 1.004669409989 0.6053601192441 0.4390765966394 0.3205111795135 0.5034033610193 0.3303388131013 0.2685010035128 -0.2503930086941 -0.1499649785739 -0.4286811135261 -0.7258481558397 -0.5261353341391 -0.6810682538086 -1.169627665866 -0.982393940332 -3.110804338671 2.633578530233 0.01156669020298 -0.02058857327003 2.490596464813 0.2136381036198 2.835450635281 2.744634214196 2.978860891086 
 10328 20 20 16 16 -1 20 24 16  8  2 -183.5756450585 0.07945575840323 2.374939598678 2.206629639171 2.132610219214 2.352262777128 -3.173411924276 2.487103207222 0.5069675176989 0.8343824659086 -0.4861445975894 -0.6618642876874 -0.07414387502524 -0.5440578998155 -0.6257539476691 -0.7684639335824 -0.4555957724999 -0.5938736888983 -0.07193902273553 0.2393346597008 0.2071193474175 0.09123103146583 -0.03899235585933 0.3057987772247 0.2737773951934 0.75642786225 0.7090929502112 0.3977775880173 3.729788224262 1.052755038809 1.103034981599 3.136550051589 -0.6310347492128 0.1875842745336 
  6842  4 12  8 16 -1  4 16  8  8  2 -90.90245492301 0.192358414397 -2.379485757776 -2.806976731015 -2.266741910186 1.58497535711 -3.274211761096 1.436930080688 -1.119987524232 -0.777193242153 -0.3121363505547 -0.5922228049104 -0.8641183382212 -0.4681331694935 -0.3750222882338 -0.7865150975286 -0.1161713460495 -0.198948852199 0.213663376272 0.05972802754377 0.4467660710456 0.5613088544507 0.3699926077261 -0.008807787694185 0.0567014770189 -0.8769945183398 -0.781170752267 -0.6297196677918 -3.34968399023 -3.321834719795 1.776387711567 -2.144891823668 -3.214425992237 -2.585893592793 
  2208 40  0 12  8 -1 44  0  4  8  3 -98.08500107561 0.1764794430412 -3.057227713162 -2.367494754872 -3.187189831626 0.5116983565764 -1.669957369109 -3.30714600253 -0.9317252366606 -3.461620045401 -0.7755211392977 -0.3199587322126 -0.03283876436325 0.1674288155631 0.5630397095671 0.3561072926829 0.1365138103756 0.05951652334485 0.2460942540171 -0.05051932823848 -0.1518257865544 -0.5248030640178 -0.7740008245525 -0.8518984730588 -1.360982028131 -1.536460942236 -2.870518544604 2.304607347365 -1.030145827537 -2.790612618844 -2.542103008048             0 -2.004236903301 -2.284757991822 
  4519 44  4  4 12 -1 44  8  4  4  3 -64.15293338345 0.2709255749878 -2.764329934841 1.472941683965 0.2641112612549 -0.7109366863064 0.2645124347051 1.360354734644 0.7904607385723 0.04317845871034 0.2855050275019 0.8291607027496 0.7464999199364 0.2091189351831 0.2756673409974 0.009598620184606 0.2800993211234 -0.3120609982674 -0.7720039581941 -0.5669510317316 -0.2598717876445 0.02093590261059 0.2801212077659 0.5868176902015 0.6919431791828 0.551394525829 -0.03885527743358 0.1424416535723 1.698089326002 1.404550549155             0             0             0 -2.784911930702 
 11876  4 28 28 12 -1  4 32 28  4  3 -289.0495797425 0.06048060119145 0.6261233891118 -2.11086325804 1.813003479131 -0.4277971318352 2.963895704591 0.4099238737247 0.1168790975061 0.04602310286643 0.4400300713961 1.890215259406 0.7536899751362 0.2844561380425 0.01301535043534 0.6537760944485 0.009325153737635 -0.2136666750818 -0.5188812195691 -0.4856254479901 -0.3381223620106 -0.006974054924288 -0.2221423434173 0.3746923460796 0.01843980155773 0.5827299275192 1.194075669132 1.371263882307 1.456742493531 -0.5877460796852 3.284230650775 -2.000604106509 0.994535405979 -1.926812631393 
 11530 28 24 24  8 -1 40 24 12  8  2 -248.4412694793 0.08724919710083 -0.5443214265479 -0.07237345063638 1.631099716794 1.654954890139 -0.162782139742 0.6721638507774 0.3019624705798 0.4867068442273 0.1058159909597 0.2461476328202 -0.08276559917795 -0.2696168771587 -0.03462218648116 0.2671480262109 0.3898480674252 0.2610771682978 0.3537102707643 0.1317184027884 -0.680817880489 -0.8039583362181 -1.094723041875 -0.8173910319924 -0.1446376634588 -2.932637745582 -1.278086611919 -3.162948255135 -3.307135282424 -2.924149422834 -1.357365819545 -2.520859745927             0 -2.067609541271 
  7033  8 12 24 12 -1 16 16  8  4  9 -280.9627087803 0.04476141450414 -2.739666622122 -2.082283491201 -3.06648025621 -1.158031668389 -0.3887166255767 -0.4692430074667 -1.586673953976 -0.6182738335303 -0.7338996301246 -0.05518109006648 -0.3166918638525 -0.4330945582566 -0.3315970204455 0.00265274408943 0.426054996878 0.5420987954547 0.1168064016152 0.5240752019898 0.2297713582213 -0.02439613093828 0.3642475315366 -0.205865576703 -0.068554909228 -1.332812610802 0.2211629102236 -0.2339836431019 2.737312397579             0             0             0             0 -2.797290316083 
  2079 36  0 16 16 -1 36  4 16  8  2 -172.7454919652 0.1079765140581 -0.5256289518436             0 -0.7169073913553 -0.1534087245712 3.596595663849 -0.0919070559778 0.05746271258557 0.8601614891747 0.5309370811133 0.2303468919262 0.6881791505031 0.5030395322488 0.4861859941697 0.08156835130433 -0.2435227504081 -0.004870699399303 -0.3022478663504 -0.681597552402 -0.340105320583 -0.3405718020148 -0.2977004280993 -0.5593466600252 1.33694824591 0.1644929920158 -0.1829529418853 -0.1866555090188 0.6708268530327 0.1946925483588 2.360311398263 2.24212028438 2.249130620141 -2.087480986024 
  8687  8 16 12 12 -1 12 16  4 12  3 -76.58354641458 0.2336445563052 -0.03177701141263 -0.3766328313888 0.04505245028043 0.3538905292396 3.038090010742 0.7370916801021 0.4257979131523 0.5440984454008 3.951188745147 0.5941228707285 4.069813766722 0.4520491400544 0.4767391993731 0.478775963582 -0.2872332594666 0.02328333545378 -0.2429518614874 -0.5702864169203 -0.5920191806128 -0.5094184305714 -0.4583579732439 -0.2343736313376 -0.1228936192429 -0.3252814352 3.221598901387 -0.580300976862 0.1703816385947 -0.3778468331294 -0.03177701141263 2.290054875738             0 -2.867708372147 
  3540 16  4 16  8 -1 24  4  8  8  2 -64.36124104641 0.1930304646055 1.741056477008 2.217393136933 3.110219029555 0.34075408706 3.257404878395 3.152837691101 0.3611894422746 2.787656830892 -0.1553787812607 -1.079995669973 -0.1519769276894 -0.3583970633297 -0.7788594063693 -0.4456935551091 -0.3424744082167 -0.02917931247454 -0.1318427203353 -0.3365675983645 0.07147342308118 -0.2490184527795 0.4042898304403 0.4661327651617 0.3041154736615 0.5139460976219 3.917398640851 1.043479051083 0.2365556836843 0.06659483045666 3.125948408427 3.016971802529 -1.169741840931 -0.8708938581409 
 12616 24 32 24  4 -1 32 32  8  4  3 -80.85945765857 0.1908971110903 -2.657305587141             0 -2.838844685269 -2.768431871881             0 -3.111745222884 -2.557071170298 -2.967464621475 -1.005362825982 -0.9527783627268 -0.9178876841316 -0.5712729949225 -0.1838110779376 0.5605060543486 0.9313867889215 0.3570053102825 0.2244789281463 -0.1484772701406 0.2844497694679 -0.4637016766831 -0.4917986971056 -0.1723820132083 -0.5882717417053 -0.5586963316574 -0.7689403877216 -0.5136409015405 -1.187971584439 -2.778515904967 -2.562895256671 0.2826612884276             0 -2.570809015346 
  2415 52  0  8  4 -1 56  0  4  4  2 -37.68557961315 0.4171416153881 2.499672989751 3.140203440869 2.77356149382 2.727462504768 2.978385736758 2.898202181111 -0.2763803312666 3.196403175131 -0.1974562044277 1.817935107871 -0.1805456095329 0.6202247925925 0.7408351937572 0.7475786017476 0.2583212215254 -0.06362896213288 -0.2204207345631 -0.3865704561651 -0.7206873157924 -0.648700629919 3.056394553603 -1.293740755351 -0.670115536853 0.6311686092688 -1.019678743055 -0.9220854494364 2.135103241667 -0.9843964054453 -2.962646962399 2.309004306629 -2.960881867938 -1.588681046584 
  4330 36  4 24 12 -1 44  8  8  4  9 -561.9325484475 0.04032913035745 2.791333862285 -1.206722451909 -0.3364117349333 3.200477895239 0.5592452214093 0.1470402493935 0.6811719056657 1.952682227572 0.885294166064 0.3247316301896 0.4087319971788 0.008626439396019 0.09447030622813 0.2874874408031 0.1593434683686 0.1265474418477 -0.4650135737615 -0.7987688744929 -0.1690566057872 0.02803181015013 0.518731375591 -0.3810325343964 -1.203469406102 -0.1049826561366 -1.064700054746 -1.331889373258 -1.331092452466 -2.418328891585 -0.7616687319089 2.807538166348 1.905127739635 2.647016945087 
  8667  8 16 20 24 -1  8 24 20  8  3 -310.3033823777 0.0435252933324 -2.613823500571 -3.455262403818 1.635134833969 3.112257450532 3.132231754569 0.3912592236864 1.65306198947 -0.1001736459076 -0.6803945126063 -0.2000433202558 -0.7361143921499 -0.1555275092278 -0.7400564472922 0.2284185749812 0.1378626800115 0.1161599530247 0.07849659445039 0.6956430364498 -0.2073161431926 -0.1042659300851 1.515177406089 0.2256737273051 0.5204772203439 -0.1461093484167 -0.2147873054765 -0.3555283770565 3.314085375013 0.6625497566884 2.14514730918 -3.078755109641 2.336403788625 -1.446377254667 
 11039  8 24  8  8 -1  8 28  8  4  2 -52.05383311682 0.2714333766099 -0.410880830517             0 -2.120794670518 2.907301277574 2.16727925286 0.05818144433978 3.179143238545 -0.8294313632512 -0.3711323311922 -0.3607502235196 -0.4032925368412 -0.5994294042232 -0.2314604761935 -0.2227703633626 -0.56104609311 0.2615864285803 0.5099711193502 1.018639820136 0.3280028763254 -0.4039300375088 0.6998035988842 -0.1422169044432 1.053652157219 3.813686420919 1.109991580078 0.4963121413842 -0.6040297446838 0.5346437003416 -0.04133523013086 1.867993780226 2.661614393691 -3.179997471127 
  8190 48 12 12 20 -1 52 12  4 20  3 -210.8200813161 0.08533309425819 0.7304714703231             0 0.4918947121734 -1.818189064858 0.1424759496442 3.047662863729 2.653789261016 -0.06264822510901 3.737209288429 0.936200209872 0.2337531246206 1.487679238301 -0.4843944563806 0.4171338396593 0.04150157217963 0.420428419279 -0.2198902232681 -0.09385246490967 -0.2766232970084 -0.6226006776141 -0.3388722489521 -0.3861076782696 0.2817802455666 -0.04975392386169 -1.066866317548 3.057763361511 3.096714011088 3.468927185456 -0.3078885685927 2.691890665932 -0.3095838387194 1.355332139424 
