1 1 6 1255 0 0 0 
83 10.62831708855 
152 15.50267779967 
216 18.84658649701 
336 23.93798579189 
468 28.13712974582 
 43727   43727           8.5 0.8672310395688             0 
 45228   45228           7.5 0.7230274781578             0 
 46016   46016           4.5 0.637727136203             0 
 44035   44035           5.5 0.5940665338913             0 
 45295   45295           6.5 0.5458629395042             0 
 45775   45775           4.5 0.5181647136872             0 
 44747   44747           6.5 0.4995103485348             0 
 55069   55069           7.5 0.4786429693316             0 
 24835   24835           4.5 0.4736183735031             0 
 44868   44868           2.5 0.4653328280475             0 
 44933   44933           3.5 0.4492432787564             0 
 45536   45536           6.5 0.4406825991867             0 
 50213   50213           7.5 0.427222913388             0 
 45348   45348           6.5 0.4138261481582             0 
 45768   45768           7.5 0.4060231083336             0 
 46790   46790           5.5 0.3945576007923             0 
 45110   45110           3.5 0.3855612474358             0 
 50516   50516           7.5 0.367070215213             0 
 24115   24115           3.5 0.3582005462145             0 
 46256   46256           4.5 0.3491420952188             0 
 53152   53152           5.5 0.3398159604846             0 
 50695   50695           3.5 0.3355322183424             0 
 23627   23627           4.5 0.3408780455585             0 
 45410   45410           0.5 0.3387216105444             0 
 24956   24956           6.5 0.3482761277881             0 
 22127   22127           4.5 0.3197974186561             0 
 45236   45236           3.5 0.3250699329542             0 
 22968   22968           5.5 0.3122687580324             0 
 45829   45829           3.5 0.3193647190199             0 
 61369   61369           7.5 0.3069961004955             0 
 46667   46667           6.5 0.302253483923             0 
 59688   59688           5.5 0.3056691073402             0 
 49736   49736           4.5 0.3058456316519             0 
 45047   45047           4.5 0.2957364472549             0 
 44029   44029           2.5 0.2956781604778             0 
 44570   44570           5.5 0.2985812169302             0 
 46610   46610           0.5 0.2862443926692             0 
 55610   55610           8.5 0.3106378932127             0 
 23088   23088           5.5 0.2897159389864             0 
 60048   60048           5.5 0.2751538771265             0 
 55912   55912           9.5 0.2733698360787             0 
 24895   24895           3.5 0.2765849438751             0 
 44509   44509           5.5 0.2727710422251             0 
 56396   56396           5.5 0.2714897521484             0 
 43668   43668           8.5 0.2668483409113             0 
 23573   23573           1.5 0.2741099535513             0 
 47332   47332           5.5 0.2634163531404             0 
 57348   57348           4.5 0.2639286586698             0 
 52909   52909           6.5 0.2727987589354             0 
 45285   45285           1.5 0.2734454394367             0 
 47635   47635           9.5 0.2669499768656             0 
 44389   44389           1.5 0.2733483997038             0 
 50269   50269           3.5 0.262116136159             0 
 43853   43853           2.5 0.2604538744317             0 
 45353   45353           2.5 0.2686023022995             0 
 56752   56752           6.5 0.2515705792077             0 
 61252   61252           4.5 0.2485740958337             0 
 24355   24355           3.5 0.2478967136503             0 
 23147   23147           3.5 0.2468937179779             0 
 44215   44215           8.5 0.2457177482344             0 
 58315   58315           1.5 0.2447099038456             0 
 23635   23635           6.5 0.258821437693             0 
 45713   45713           4.5 0.250931052576             0 
 23212   23212           2.5 0.2481064621059             0 
 23029   23029           1.5 0.2453016930881             0 
 52127   52127           5.5 0.2403894058503             0 
 49549   49549           5.5 0.2385098231937             0 
 48290   48290           2.5 0.2361176654388             0 
 37307   37307           5.5 0.2329545929934             0 
 40012   40012           3.5 0.2358086473937             0 
 23807   23807           5.5 0.2395164214318             0 
 33172   33172           4.5 0.234364624619             0 
 49010   49010           6.5 0.235473973352             0 
 44695   44695           5.5 0.2226592771044             0 
 23752   23752           2.5 0.2202365993128             0 
 56209   56209           9.5 0.2202787433237             0 
 56267   56267           1.5 0.2420211330774             0 
 23932   23932           4.5 0.2182407059695             0 
 50515   50515           7.5 0.2204000494739             0 
 23027   23027           3.5 0.2182030971906             0 
 23153   23153           2.5 0.2216489455252             0 
 44336   44336           2.5 0.221491163362             0 
 32269   32269           7.5 0.231382550733             0 
 44088   44088           9.5 0.6917657111854             0 
 44867   44867           5.5 0.5987435666711             0 
 47212   47212           6.5 0.5538147962083             0 
 43856   43856           5.5 0.5262118476076             0 
 44628   44628           6.5 0.501785985712             0 
 46616   46616           5.5 0.4725893458033             0 
 46607   46607           6.5 0.4485475971733             0 
 44635   44635           5.5 0.4323029355049             0 
 53989   53989           6.5 0.4168630163357             0 
 43728   43728           4.5 0.4079673675679             0 
 45108   45108           5.5 0.3916974684747             0 
 55552   55552           7.5 0.3917421338608             0 
 46015   46015           3.5 0.379518865538             0 
 45653   45653           6.5 0.3704918473948             0 
 45287   45287           3.5 0.3553380671363             0 
 24175   24175           4.5 0.3576773071198             0 
 24775   24775           3.5 0.3441910607165             0 
 44095   44095           5.5 0.3406802264914             0 
 22067   22067           5.5 0.3361196343958             0 
 50090   50090           6.5 0.3315469051876             0 
 44993   44993           4.5 0.3224588548778             0 
 50456   50456           6.5 0.3102693807289             0 
 45888   45888           8.5 0.3101898110732             0 
 45592   45592           5.5 0.2988065489433             0 
 61312   61312           4.5 0.2941141965166             0 
 45468   45468           5.5 0.2894628295748             0 
 48053   48053           4.5 0.290007499997             0 
 50995   50995           4.5 0.2870111790365             0 
 23330   23330           2.5 0.2804186137828             0 
 44396   44396           5.5 0.2792903987013             0 
 44810   44810           1.5 0.2772905373433             0 
 24236   24236           4.5 0.2833338393892             0 
 46135   46135           3.5 0.278664043937             0 
 33349   33349           4.5 0.2767964745466             0 
 51708   51708           3.5 0.2724290393382             0 
 58908   58908           6.5 0.2710949354662             0 
 32812   32812           4.5 0.2611883938643             0 
 23750   23750           2.5 0.256800152686             0 
 57827   57827           5.5 0.2526081696079             0 
 57289   57289           6.5 0.2489705923814             0 
 25016   25016           3.5 0.2475515828381             0 
 46729   46729           2.5 0.2487415963785             0 
 56750   56750           7.5 0.2622608012435             0 
 47096   47096           3.5 0.2415718527613             0 
 62035   62035           7.5 0.2453454737927             0 
 43973   43973           1.5 0.2398948339492             0 
 23687   23687           6.5 0.2539685505165             0 
 48529   48529           3.5 0.2381494784587             0 
 49732   49732           4.5 0.2353825820145             0 
 45708   45708           5.5 0.2338351620811             0 
 37549   37549           6.5 0.230850100922             0 
 54055   54055           2.5 0.2277870945722             0 
 60828   60828           5.5 0.2284423551623             0 
 35452   35452           6.5 0.2211630556248             0 
 44330   44330           1.5 0.2246011473866             0 
 23028   23028           5.5 0.2305525742383             0 
 45229   45229           3.5 0.2221838482256             0 
 46196   46196           7.5 0.2268213113394             0 
 45652   45652           4.5 0.2272959629317             0 
 53930   53930           5.5 0.220274260989             0 
 49135   49135           3.5 0.2225900879391             0 
 24776   24776           3.5 0.2213896009244             0 
 24233   24233           1.5 0.2131159366844             0 
 46555   46555           7.5 0.2110301744333             0 
 58485   58485           1.5 0.2110060915276             0 
 45293   45293           1.5 0.2172784583697             0 
 59629   59629           4.5 0.2077015441254             0 
 24049   24049           4.5 0.209897323939             0 
 52786   52786           2.5 0.2099717861669             0 
 44518   44518           3.5 0.2034898622221             0 
 45345   45345           3.5 0.2110264625432             0 
 61313   61313           3.5 0.2017375813375             0 
 26445   26445           3.5 0.2134523514034             0 
 30109   30109           3.5 0.2049197122192             0 
 59455   59455           1.5 0.2026299995768             0 
 44036   44036           4.5 0.1983193031493             0 
 50987   50987           5.5 0.1985074119907             0 
 52012   52012           4.5 0.1995250262406             0 
 52492   52492           8.5 0.1987205457656             0 
 59573   59573           4.5 0.1963251698746             0 
 50270   50270           4.5 0.1948399121934             0 
 44808   44808           5.5 0.1949822140213             0 
 43605   43605           3.5 0.1945915731712             0 
 50876   50876           2.5 0.2039044273382             0 
 57892   57892           7.5 0.2013238447444             0 
 46850   46850           4.5 0.1970294130129             0 
 23755   23755           3.5 0.1933108617037             0 
 58129   58129          10.5 0.1877310757527             0 
 43969   43969           1.5 0.1970096795937             0 
 47752   47752           9.5 0.2099688658957             0 
 54536   54536           7.5 0.1877743808448             0 
 23575   23575           4.5 0.1850167989475             0 
 50807   50807          11.5             0 0.1945377399358 
 36955   36955           6.5 0.2027319976469             0 
 31253   31253           2.5 0.192685307251             0 
 46915   46915           6.5 0.1926324357648             0 
 54289   54289           4.5             0 0.1925179286029 
 50633   50633           9.5 0.2104336373162             0 
 43369   43369           4.5 0.1815890767938             0 
 23568   23568           6.5 0.1845237762241             0 
 49918   49918           6.5             0 0.2053107010398 
  3418    3418           9.5 0.2016081998805             0 
 44745   44745           1.5 0.1886386323599             0 
 23150   23150           2.5 0.1803100779263             0 
 56213   56213           3.5 0.1843869611052             0 
 22727   22727           6.5 0.1861822176223             0 
 55796   55796           0.5 0.1949640048101             0 
 23512   23512           3.5 0.198649717343             0 
 57772   57772           2.5 0.1886460438803             0 
 23267   23267           5.5 0.1860796890249             0 
 47451   47451           1.5 0.1755345377287             0 
 55972   55972           9.5 0.1773272708777             0 
 60776   60776           4.5 0.1781093283132             0 
 38029   38029           2.5 0.1806410657519             0 
 58138   58138           4.5 0.1740627056111             0 
 23272   23272           2.5 0.1722865200873             0 
 23148   23148           5.5 0.1717488613144             0 
 48352   48352           9.5             0 0.1759714126167 
 46733   46733           5.5 0.1759192378487             0 
 13732   13732           4.5 0.1717463612947             0 
 47575   47575           4.5 0.1728715268019             0 
 53092   53092           4.5 0.1708043056094             0 
 54230   54230           4.5             0 0.1816033107004 
 57536   57536           5.5 0.1702555925082             0 
 53387   53387           6.5 0.1694227618912             0 
 58975   58975           1.5 0.1683282658474             0 
 59575   59575           5.5 0.1877016366186             0 
 50930   50930           4.5 0.1700400850356             0 
 44875   44875           3.5 0.1700516232027             0 
 54407   54407           2.5             0 0.1711483267392 
 56993   56993           6.5 0.1734002202493             0 
 53458   53458           6.5 0.172017162275             0 
 44565   44565           1.5 0.170312995369             0 
 40487   40487           5.5 0.1724078159237             0 
 49007   49007           1.5 0.1788318828848             0 
 53868   53868           6.5 0.1788330139731             0 
 22487   22487           4.5 0.1724099370841             0 
 45950   45950           0.5 0.1747968260515             0 
 27290   27290           5.5 0.1867668563513             0 
 44268   44268           6.5 0.1719609188705             0 
  8038    8038           6.5 0.1635235239285             0 
 48237   48237           1.5             0 0.1694929741646 
 38447   38447           6.5 0.2055630878764             0 
 56696   56696           5.5 0.1680236239324             0 
 56515   56515           3.5 0.1683124311631             0 
 45889   45889           3.5 0.172179635081             0 
 47446   47446           3.5 0.1659396089825             0 
 25428   25428           5.5             0 0.1787186372697 
 48353   48353           4.5 0.1677818395475             0 
 23690   23690           2.5 0.1669593741217             0 
 50630   50630           5.5             0 0.174988501251 
 50692   50692           3.5 0.1658266260105             0 
 45168   45168           6.5 0.5904259496853             0 
 45956   45956           5.5 0.544515838852             0 
 46909   46909           5.5 0.5147183710178             0 
 45296   45296           4.5 0.4945081762879             0 
 43796   43796           4.5 0.4733350655403             0 
 45467   45467           6.5 0.4502625640778             0 
 44687   44687           4.5 0.4268841804225             0 
 44575   44575           5.5 0.4155944370816             0 
 47449   47449           4.5 0.407431166649             0 
 52969   52969           4.5 0.3935488941997             0 
 45476   45476           6.5 0.3694852847369             0 
 50996   50996           6.5 0.3589859384907             0 
 44688   44688           7.5 0.3475553071184             0 
 46488   46488           5.5 0.3388526510885             0 
 54350   54350           6.5 0.3293097255918             0 
 45169   45169           4.5 0.3224604827176             0 
 45773   45773           2.5 0.3187733328103             0 
 46848   46848           4.5 0.3052284207083             0 
 56633   56633           4.5 0.3046625284705             0 
 44987   44987           5.5 0.294176078346             0 
 51648   51648           4.5 0.287077918279             0 
 47756   47756           6.5 0.28499923362             0 
 24356   24356           5.5 0.2781367831135             0 
 60047   60047           5.5 0.2835863415867             0 
 44269   44269           0.5 0.2748567666554             0 
 44208   44208           7.5 0.2691478659805             0 
 47510   47510           3.5 0.2690594135594             0 
 57833   57833           5.5 0.2682698432458             0 
 55009   55009           7.5 0.2646525212667             0 
 43370   43370           3.5 0.2642819673281             0 
 44870   44870           1.5 0.2548184642007             0 
 22007   22007           4.5 0.2586531974963             0 
 44815   44815           3.5 0.2515019485282             0 
 49073   49073          10.5 0.2451808315765             0 
 45056   45056           4.5 0.2516805594441             0 
 59635   59635           3.5 0.2413232217147             0 
 45593   45593           5.5 0.2437043314666             0 
 57288   57288           4.5 0.2350550467343             0 
 44456   44456           5.5 0.2326302492864             0 
 47213   47213           4.5 0.2295056930555             0 
 48950   48950           5.5 0.2260010574423             0 
 22908   22908           4.5 0.2262622232858             0 
 59696   59696           2.5 0.2268798457234             0 
 60769   60769           5.5 0.2299597184608             0 
 22428   22428           5.5 0.2217058275106             0 
 50816   50816           4.5 0.2221861010586             0 
 53392   53392           5.5 0.2233680034488             0 
 54830   54830           6.5 0.2235109283963             0 
 44686   44686           1.5 0.2146413232635             0 
 44145   44145           2.5 0.222768381341             0 
 43970   43970           2.5 0.2178878974254             0 
 44207   44207           7.5 0.2128854474903             0 
 52135   52135           3.5 0.214489730484             0 
 43488   43488           8.5 0.2126532007272             0 
 55973   55973           5.5 0.210374694595             0 
 54772   54772           6.5 0.207211956066             0 
 55612   55612           9.5 0.2091316998283             0 
 50215   50215           1.5 0.2077917443918             0 
 37196   37196           4.5 0.204343327389             0 
 62265   62265           2.5 0.2049623763871             0 
 58488   58488           5.5 0.1987927132649             0 
 45538   45538           5.5 0.196810527474             0 
 50511   50511           0.5 0.1990799656188             0 
 58069   58069          12.5 0.2028988623029             0 
 53088   53088           2.5 0.2020585912676             0 
 23867   23867           4.5 0.2070921070239             0 
 58192   58192          10.5 0.1998982586155             0 
 24412   24412           3.5 0.1938421641243             0 
 46316   46316           3.5 0.1918409201305             0 
 23093   23093           1.5 0.1890638964356             0 
 48349   48349           4.5 0.1886759223103             0 
 57887   57887           3.5 0.1929957091284             0 
 24295   24295           4.5 0.1839110534891             0 
 45346   45346           0.5 0.1991362446344             0 
 26212   26212           5.5 0.2047000546223             0 
 38812   38812           4.5 0.1859254593033             0 
 46908   46908           9.5 0.1907179263446             0 
 32389   32389           2.5 0.185478803266             0 
 44932   44932           4.5 0.1823372747428             0 
 45465   45465           1.5 0.1764106397689             0 
 58912   58912           4.5 0.1784649220949             0 
 44513   44513           5.5 0.1794058192791             0 
 25010   25010           3.5 0.1735266413483             0 
 36292   36292           3.5 0.1786001596239             0 
 11452   11452           2.5 0.1765785044293             0 
 52187   52187           5.5 0.1761167770669             0 
 23685   23685           4.5 0.1744099610589             0 
 46248   46248          16.5             0 0.1952154263382 
 23695   23695           7.5 0.205229698206             0 
 23089   23089           1.5 0.1769010189453             0 
 23688   23688           4.5 0.17302325826             0 
 48888   48888           3.5             0 0.1707747918448 
 23207   23207           6.5 0.1849007110204             0 
 23210   23210           1.5 0.1732617038451             0 
 24055   24055           4.5 0.1756483189863             0 
 57533   57533           1.5 0.1792677375505             0 
 24590   24590           3.5 0.1698011861134             0 
 60895   60895           7.5 0.1674477562805             0 
 43495   43495           4.5 0.1684795884877             0 
 60650   60650           7.5 0.1655168840179             0 
 54171   54171           2.5             0 0.1697568037396 
 56930   56930          13.5 0.1953861926863             0 
 53926   53926           1.5 0.1757148368603             0 
 63588   63588           6.5 0.1686759933392             0 
 46492   46492           2.5 0.1666785366941             0 
 50936   50936           8.5 0.167511716242             0 
 59089   59089           1.5 0.1673997748236             0 
 23747   23747           6.5 0.1822869536792             0 
 51778   51778           6.5 0.1701927343991             0 
 60949   60949           1.5 0.165533128061             0 
 46730   46730           6.5 0.1647208388045             0 
 26270   26270           3.5 0.1611417041223             0 
 22970   22970           2.5 0.161554804651             0 
 45050   45050           3.5 0.154782271789             0 
 53147   53147           5.5 0.1556143487695             0 
 26027   26027           6.5 0.1603789980042             0 
 49312   49312           2.5             0 0.167431145848 
 54833   54833          10.5 0.1698230992999             0 
 46315   46315           4.5 0.1571429009782             0 
 22485   22485           4.5 0.1593424831633             0 
 48707   48707          12.5             0 0.1636152256393 
 22849   22849           7.5 0.1879188472037             0 
 50388   50388           5.5 0.1574352958154             0 
 40428   40428           4.5 0.1521800795693             0 
 50156   50156           2.5 0.1518941835556             0 
 61075   61075           7.5 0.158399159399             0 
 56755   56755           0.5 0.1576656078824             0 
  1248    1248           3.5 0.1780263846016             0 
 47505   47505           2.5             0 0.1527142512192 
  1967    1967           3.5 0.1594183375653             0 
 45358   45358           4.5 0.1582553287182             0 
 48105   48105           1.5 0.1547794868878             0 
 29207   29207           6.5             0 0.1552963044906 
 60718   60718           6.5 0.1584973940456             0 
 36107   36107           4.5 0.1506306135227             0 
 29276   29276           4.5 0.1477986723161             0 
 27235   27235           4.5             0 0.1618760755799 
 25308   25308           8.5 0.1562279340749             0 
 62213   62213           1.5 0.1522021187635             0 
 38689   38689           8.5 0.1564621064444             0 
 52495   52495           0.5 0.1600260279461             0 
 60772   60772           4.5 0.153806569875             0 
 47813   47813           2.5 0.1555235923839             0 
 24415   24415           3.5 0.15795632143             0 
 45830   45830           3.5 0.1486726247074             0 
 46076   46076           4.5 0.1478657796342             0 
 51170   51170           4.5 0.149943419246             0 
 48107   48107           6.5             0 0.1456245717488 
 44387   44387          10.5 0.168221725144             0 
 24836   24836           2.5 0.1473039961052             0 
 22189   22189           1.5 0.1520178675942             0 
 43007   43007           8.5             0 0.1468642713564 
 23813   23813           3.5 0.1570961106594             0 
 52668   52668           7.5 0.1465377854859             0 
 49856   49856          16.5             0 0.1463201471971 
 47807   47807          10.5 0.1665282866186             0 
 54052   54052           3.5             0 0.1517769040078 
   887     887           3.5 0.1616463738066             0 
 53811   53811           3.5 0.1517135347782             0 
 47927   47927           2.5 0.1474957403292             0 
 23808   23808           2.5 0.1447813608142             0 
 51773   51773           7.5 0.1474424924972             0 
 49970   49970           5.5             0 0.1613207638724 
 21768   21768           6.5 0.1727547697102             0 
 59572   59572           3.5 0.1496110639391             0 
 54469   54469           2.5 0.1477065729194             0 
 52847   52847           2.5             0 0.1547516164097 
 50872   50872           7.5 0.1475096743764             0 
 57650   57650           1.5 0.1470140837766             0 
 52188   52188           4.5 0.1473903773835             0 
 23455   23455           4.5 0.1476518278367             0 
 44750   44750           1.5 0.1489382581657             0 
 38095   38095           6.5 0.1459703051443             0 
 50688   50688           7.5             0 0.1585401215961 
 51532   51532           2.5 0.1456066341505             0 
 43375   43375           5.5 0.1459151616075             0 
 51347   51347           1.5 0.1476037399318             0 
 54653   54653           6.5 0.1490447713145             0 
 53875   53875           5.5 0.1454215974659             0 
 59036   59036           4.5 0.1471857888562             0 
 50689   50689           6.5 0.1439869845355             0 
 45052   45052           1.5 0.148305325149             0 
 44452   44452           8.5 0.1623287635156             0 
 47207   47207          13.5             0 0.1533662838639 
 23085   23085           4.5 0.1664725597032             0 
 53816   53816           7.5 0.1432204564009             0 
 23270   23270           1.5 0.1444917501441             0 
 45107   45107           4.5 0.1456140454646             0 
 47095   47095           2.5 0.1408929464897             0 
 37976   37976           4.5 0.1552843304415             0 
  8807    8807           5.5             0 0.1508229935222 
 61247   61247           6.5 0.1702210383247             0 
 25315   25315           3.5 0.1468967314818             0 
 54765   54765           2.5 0.1406036487263             0 
 47995   47995           4.5 0.1412649782266             0 
 48592   48592           3.5 0.1401081368283             0 
 51357   51357           1.5 0.140257755405             0 
 44213   44213           2.5 0.142229374264             0 
 61916   61916           5.5 0.1412276549525             0 
  4550    4550           3.5 0.139434721452             0 
 48647   48647           6.5             0 0.1439373479976 
 54598   54598           9.5 0.1626263242429             0 
 44025   44025           2.5 0.1439251819539             0 
 25915   25915           3.5 0.1412496269629             0 
 37372   37372           4.5 0.1372337481676             0 
 47638   47638           7.5             0 0.1466954286725 
 51650   51650           4.5 0.145237718592             0 
 50875   50875           1.5 0.1378766950715             0 
 59146   59146           2.5 0.1373068339295             0 
 34676   34676           3.5 0.1357954051342             0 
 23567   23567           2.5 0.1355982817189             0 
 46195   46195           8.5 0.1374211344519             0 
 57115   57115           0.5 0.1487348201158             0 
 33529   33529           2.5 0.1375930782963             0 
 22973   22973           2.5 0.1372463867436             0 
  1427    1427           2.5 0.1395923274239             0 
 45947   45947           7.5 0.550434636209             0 
 46435   46435           4.5 0.5075120962776             0 
 43975   43975           5.5 0.4767737129685             0 
 51769   51769           5.5 0.4484219822683             0 
 43616   43616           5.5 0.4353068270731             0 
 45828   45828           7.5 0.4180189285242             0 
 46672   46672           5.5 0.4014326380034             0 
 45408   45408           4.5 0.3818831203732             0 
 46132   46132           4.5 0.3737813871398             0 
 50273   50273           7.5 0.3577154289005             0 
 44155   44155           5.5 0.3507619742181             0 
 44096   44096           3.5 0.3351587882741             0 
 46792   46792           6.5 0.3206365588724             0 
 45835   45835           5.5 0.3147334500528             0 
 44927   44927           4.5 0.2999070658983             0 
 50575   50575           6.5 0.2826103220017             0 
 59628   59628           5.5 0.2726999428249             0 
 44148   44148           7.5 0.2718205248803             0 
 45715   45715           4.5 0.2657269341149             0 
 55129   55129           5.5 0.258483075438             0 
 58607   58607           4.5 0.2577433723769             0 
 43430   43430           3.5 0.2516594650782             0 
 44748   44748           6.5 0.2494531009217             0 
 47810   47810           4.5 0.2455286196164             0 
 47327   47327           4.5 0.2431134297719             0 
 60229   60229           5.5 0.240610022765             0 
 52134   52134           1.5 0.2373305301382             0 
 56812   56812           9.5 0.2449646304336             0 
 45528   45528           2.5 0.2356047215036             0 
 49255   49255           4.5 0.2283783694404             0 
 47876   47876           3.5 0.2256016275787             0 
 44453   44453           4.5 0.2212338275079             0 
 52555   52555           1.5 0.2198624523274             0 
 23216   23216           5.5 0.2341945271889             0 
 46910   46910           5.5 0.2182948112664             0 
 45470   45470           1.5 0.2255474129596             0 
 23628   23628           5.5 0.2142987640223             0 
 32692   32692           3.5 0.213783889206             0 
 57112   57112           7.5 0.2094145367843             0 
 54296   54296           3.5 0.2018536345741             0 
 56632   56632           3.5 0.2017978962498             0 
 23449   23449           2.5 0.1987795861172             0 
 44573   44573           4.5 0.1984521601699             0 
 23636   23636           4.5 0.1975509027893             0 
 56208   56208           2.5 0.196569512836             0 
 47389   47389           6.5 0.210237148347             0 
 43912   43912           2.5 0.1967353712089             0 
 54592   54592           5.5 0.1930026939196             0 
 54770   54770           8.5 0.1885219110396             0 
 46673   46673           2.5 0.1850701188647             0 
 45765   45765           2.5 0.1979846500874             0 
 47275   47275           1.5 0.1869220587465             0 
 52913   52913           7.5 0.1902151205042             0 
 52428   52428           1.5 0.1856600279877             0 
 34312   34312           7.5 0.1927177213937             0 
 44206   44206           2.5 0.1835869769673             0 
 60115   60115           3.5 0.1823285714738             0 
 53329   53329           1.5 0.1796406196417             0 
 40427   40427           4.5 0.1795058099167             0 
 60176   60176           3.5 0.1763856821473             0 
 22975   22975           4.5 0.1776755210783             0 
 47636   47636           3.5 0.1741107956051             0 
 57893   57893           5.5 0.1749579276109             0 
 43850   43850           2.5 0.1729918162198             0 
 58435   58435           1.5 0.1722095527935             0 
 50508   50508           6.5 0.1885817548477             0 
 23395   23395           3.5 0.1741145715986             0 
 38387   38387           4.5 0.1693121413191             0 
 31672   31672           3.5 0.1711521382107             0 
 60710   60710           5.5 0.1670794997334             0 
 52608   52608           4.5 0.1664171505973             0 
 60230   60230           5.5 0.1651080145465             0 
 56153   56153           5.5 0.1649877259017             0 
 23087   23087           3.5 0.1668054683899             0 
 45405   45405           2.5 0.1623341658708             0 
 23149   23149           1.5 0.163682151513             0 
 52309   52309           2.5 0.1611192075479             0 
 54476   54476           8.5 0.1640941383534             0 
 43909   43909           0.5 0.1649613640071             0 
 22667   22667           7.5 0.1819980416323             0 
 43555   43555           5.5 0.1632294021906             0 
 43968   43968           4.5 0.1610494414089             0 
 57349   57349           7.5 0.1611323474686             0 
 31195   31195           6.5             0 0.1684272001216 
 23693   23693           3.5 0.1847891798496             0 
 60836   60836           7.5 0.1642420976559             0 
 47929   47929           4.5 0.1604436603802             0 
 40615   40615           4.5 0.1603891101197             0 
 24352   24352           3.5 0.1572282902948             0 
 46911   46911           0.5 0.1597039086349             0 
 53632   53632           8.5 0.1534478416779             0 
 45596   45596           3.5 0.1543612688129             0 
 46493   46493           2.5 0.152816009864             0 
 52490   52490           6.5 0.1516426894946             0 
 60955   60955           6.5 0.1522576950148             0 
   767     767           2.5 0.1533991047054             0 
 60233   60233           4.5 0.1516264919585             0 
 21948   21948           7.5 0.150401955213             0 
 54113   54113           9.5             0 0.1654678020038 
 56688   56688           4.5 0.1638009302738             0 
 56990   56990           8.5 0.1502766178089             0 
 59515   59515           2.5 0.1479884244124             0 
 51651   51651           1.5 0.1463254218885             0 
 56456   56456           5.5 0.1493787800871             0 
 54232   54232           3.5 0.1483270258787             0 
 45347   45347           9.5 0.1486687518602             0 
 48176   48176          15.5             0 0.1656209368624 
 47036   47036           6.5 0.1677623896168             0 
 21770   21770           4.5 0.1544525096831             0 
 23215   23215           2.5 0.152007551072             0 
 23810   23810           2.5 0.1481526067912             0 
 48830   48830           1.5             0 0.1438363714688 
 63655   63655           4.5 0.1496093889674             0 
 24825   24825           3.5 0.1473546848071             0 
 36889   36889           2.5 0.1467808007211             0 
 49376   49376           5.5 0.1438109903129             0 
 52916   52916           2.5             0 0.1504555976861 
 52258   52258           7.5 0.1562713745987             0 
 44985   44985           1.5 0.1444737792622             0 
 51895   51895           1.5 0.1436220873613             0 
 43614   43614           1.5 0.1479543503694             0 
 56149   56149           8.5 0.1409362518242             0 
 51290   51290           4.5 0.1430168834706             0 
 22848   22848           4.5 0.1507006042063             0 
 38088   38088           4.5 0.1433755558138             0 
 24896   24896           3.5 0.1408979666575             0 
 47392   47392           3.5 0.1391921473098             0 
 48288   48288           2.5             0 0.1414954378566 
 47156   47156           5.5 0.1396366526557             0 
 55968   55968           1.5 0.1428640538268             0 
 46786   46786           6.5 0.1421691128096             0 
 23746   23746           1.5 0.1412911121785             0 
  1067    1067           2.5 0.1400202072618             0 
 61132   61132           2.5 0.1377383489822             0 
 47818   47818           5.5 0.137113752121             0 
 48174   48174           1.5             0 0.1398392189519 
 26388   26388           5.5 0.1367719634029             0 
 62456   62456           3.5 0.1368262630968             0 
 53089   53089           4.5             0 0.1349712437235 
 58376   58376           2.5 0.1393101504325             0 
 23218   23218           6.5 0.1411378156134             0 
 52728   52728           7.5 0.1321376668865             0 
 22547   22547           3.5 0.1315262349114             0 
 23749   23749           1.5 0.1327020700623             0 
 59930   59930           1.5 0.1318822246523             0 
 49489   49489           4.5 0.131443132346             0 
   768     768           2.5 0.132898655369             0 
 45230   45230           3.5 0.1325808170944             0 
 49916   49916          13.5             0 0.1345039078535 
 51047   51047           9.5 0.1522428067855             0 
 41148   41148           8.5             0 0.1393366477165 
 25612   25612           5.5 0.1629691656646             0 
 56816   56816           3.5 0.135325649377             0 
 22967   22967           3.5 0.1357261727029             0 
 60649   60649           3.5 0.1325935351452             0 
 44034   44034           1.5 0.1327447166085             0 
 24113   24113           3.5 0.1298654517523             0 
 54112   54112           4.5             0 0.133816265557 
 23332   23332           4.5 0.1395857307485             0 
 52248   52248           3.5 0.1309092971984             0 
 36469   36469           5.5 0.1345667888491             0 
 54898   54898           7.5 0.1287614451178             0 
 48828   48828           5.5             0 0.1340053413904 
 60773   60773           7.5 0.1453959503372             0 
 43735   43735           2.5 0.1328768640736             0 
 45418   45418           6.5 0.1327665689465             0 
 28067   28067           3.5             0 0.137272432583 
 61910   61910           7.5 0.1313030505152             0 
 27656   27656           3.5 0.130165686339             0 
 24475   24475           2.5 0.1298146434689             0 
 31247   31247           2.5 0.1287417797097             0 
 50632   50632           2.5 0.1269318576764             0 
 36172   36172           2.5 0.1272071176914             0 
 25076   25076           3.5 0.1271915243119             0 
 27049   27049           4.5             0 0.144077762207 
 39590   39590           4.5 0.1450146828712             0 
 51888   51888          12.5             0 0.1311469457708 
 62276   62276          10.5 0.1359361579359             0 
   947     947           1.5 0.1279043386505             0 
 34855   34855           5.5 0.1355466108097             0 
 44807   44807           4.5 0.130317544206             0 
 39347   39347           4.5 0.1282263376775             0 
 22310   22310           2.5 0.1249648120901             0 
 57238   57238           7.5 0.1250267197486             0 
 47567   47567           8.5             0 0.1381646416072 
 46608   46608           6.5 0.1445968051607             0 
 46907   46907           4.5             0 0.1315929848322 
 32333   32333           3.5 0.1378499296305             0 
 24410   24410           2.5 0.1275111608873             0 
 39050   39050           2.5 0.1265363053776             0 
 52845   52845           2.5 0.1296769432989             0 
 61315   61315           3.5 0.1263656919025             0 
 24950   24950           3.5 0.127067032492             0 
 47814   47814           1.5 0.1245557325017             0 
  1978    1978           6.5 0.1236201901397             0 
 49127   49127           0.5 0.1316878666464             0 
 61258   61258           7.5 0.136409999074             0 
 49610   49610           8.5             0 0.1280964032243 
  3235    3235           4.5 0.1332970711813             0 
 44448   44448           2.5 0.1382075516722             0 
 25129   25129           3.5 0.1256228065915             0 
 63649   63649          11.5 0.1250536921963             0 
 61492   61492           7.5             0 0.1359573973165 
  1610    1610           2.5 0.1267039670458             0 
 39409   39409           0.5 0.1312025915948             0 
 23578   23578           8.5 0.1346544786474             0 
 49246   49246           1.5             0 0.1292724649024 
 39175   39175           3.5 0.1274993222606             0 
 50392   50392           1.5 0.1289831250356             0 
 45109   45109           9.5 0.1390280728128             0 
 58247   58247           0.5 0.1289618978827             0 
 48170   48170           3.5 0.1285186489089             0 
  1612    1612           1.5 0.1233877397286             0 
 50455   50455           7.5 0.1242930604607             0 
  9172    9172           3.5 0.1246823229405             0 
 23096   23096           4.5 0.1214812101914             0 
 58546   58546           1.5 0.1226875333082             0 
 57708   57708           9.5 0.1231679460053             0 
 28247   28247           8.5             0 0.1403155858968 
 52132   52132          12.5 0.138786660464             0 
 20868   20868           3.5             0 0.1317354072194 
 23273   23273           4.5 0.1240529782183             0 
 44098   44098           7.5             0 0.1263818903427 
 38872   38872           4.5 0.1231816955325             0 
 43665   43665           4.5 0.1296363282912             0 
 61669   61669           7.5             0 0.1280554669664 
 54956   54956          10.5 0.130414455383             0 
 25425   25425           1.5 0.1281246040408             0 
 53866   53866           2.5 0.1273428709379             0 
 50928   50928           3.5 0.1218482645678             0 
 63595   63595           3.5 0.1213115896232             0 
 23565   23565           2.5 0.1240220622984             0 
 24538   24538           5.5 0.121004855768             0 
 45705   45705           1.5 0.1211509102397             0 
 43794   43794           1.5 0.1178622874388             0 
 59086   59086           2.5 0.1209367937411             0 
 48413   48413           6.5 0.1205621637946             0 
 49375   49375          17.5             0 0.1276826379968 
 59756   59756           7.5 0.1400758961023             0 
 52487   52487           0.5 0.1211051092232             0 
 22736   22736           6.5 0.1309813735622             0 
 49495   49495           3.5 0.1186744507915             0 
  1188    1188           1.5 0.1178709553161             0 
 63296   63296           6.5 0.1187476141787             0 
 22912   22912           1.5 0.1203855628864             0 
 37256   37256           4.5 0.1208569725456             0 
 43787   43787           5.5 0.1193957982173             0 
  1558    1558           4.5 0.1183699992422             0 
  2272    2272           2.5 0.1197245943233             0 
 62636   62636           2.5             0 0.1269713896408 
 26448   26448           8.5 0.1244749190809             0 
 48886   48886           3.5             0 0.12503432753 
 47986   47986           4.5 0.1312604229925             0 
 50747   50747           5.5             0 0.121840866774 
 59032   59032           5.5 0.1195237850652             0 
 44274   44274           1.5 0.1168291762901             0 
 52966   52966           5.5             0 0.1221631663827 
 24169   24169           5.5 0.138265925796             0 
 27047   27047          13.5             0 0.1448759737956 
  2330    2330           4.5 0.1426031204758             0 
 52789   52789           6.5 0.1235787993826             0 
 29807   29807           8.5             0 0.1213867389135 
 61376   61376           7.5 0.1428587789609             0 
 23508   23508           3.5 0.1234651346929             0 
 46136   46136           7.5 0.1207579721053             0 
 26267   26267           0.5 0.1243915906857             0 
 46726   46726           5.5 0.1298562282619             0 
 42947   42947           7.5             0 0.1240304480335 
 59206   59206           3.5 0.1181864476925             0 
 44205   44205           2.5 0.1190795494512             0 
 33656   33656           4.5 0.119367098147             0 
 57955   57955           1.5 0.1210775813488             0 
 55966   55966           3.5 0.1165883854367             0 
 41693   41693           1.5 0.117650946254             0 
 25255   25255           5.5 0.119780349402             0 
 48407   48407           9.5             0 0.1301024977178 
 25130   25130           6.5 0.1349589327469             0 
 23927   23927           2.5 0.1161580478442             0 
 44455   44455           1.5 0.1154275479564             0 
 60945   60945           3.5 0.1246761470795             0 
 54348   54348           5.5             0 0.1209588875897 
 23748   23748           6.5 0.1333929335581             0 
 57405   57405           1.5 0.1156420139119             0 
 25069   25069           2.5 0.1148375642482             0 
 21769   21769           3.5 0.1139731397911             0 
 62638   62638          10.5             0 0.1216896381313 
 36168   36168           3.5 0.1244654142905             0 
 63056   63056           6.5 0.1156052034721             0 
 60770   60770           2.5 0.1219941539604             0 
 55913   55913          11.5 0.1166760996138             0 
 38512   38512           2.5 0.1159556022271             0 
 30290   30290           3.5 0.1149664911243             0 
 37138   37138           4.5 0.1174104815138             0 
 36230   36230           3.5 0.1134575921267             0 
 30709   30709           6.5             0 0.1236466737135 
 24658   24658           8.5 0.1242094833256             0 
 45946   45946           1.5 0.117251926031             0 
 22489   22489           1.5 0.1144255130882             0 
 57355   57355           4.5 0.1132016205531             0 
 59511   59511           2.5 0.1120468630342             0 
 59156   59156           3.5 0.1120437528006             0 
 24946   24946           1.5 0.111172613224             0 
  1907    1907           3.5 0.1167679605948             0 
 49852   49852           3.5             0 0.1165553549872 
 22966   22966           3.5 0.1185064954936             0 
 64730   64730           1.5 0.1202322985616             0 
 27773   27773           3.5 0.1160727771322             0 
 21589   21589           1.5 0.1121859143928             0 
 46011   46011           0.5 0.1113839585935             0 
 46075   46075           3.5 0.1163718732019             0 
 43428   43428           9.5 0.1155958222137             0 
 48112   48112           0.5             0 0.1194228351022 
 24767   24767           3.5 0.1124001855829             0 
 45890   45890           1.5 0.110848553569             0 
 28430   28430           5.5 0.1205707863132             0 
 52067   52067           6.5 0.10906075079             0 
 60897   60897           0.5 0.1138822406568             0 
 58733   58733           3.5 0.1182227930945             0 
 54290   54290          13.5             0 0.1129598312348 
 49436   49436           6.5 0.1370674512457             0 
 44685   44685           1.5 0.1118897160626             0 
 23208   23208           3.5 0.1091597080299             0 
 27658   27658           3.5 0.1094272845814             0 
 24176   24176           5.5 0.1168389715672             0 
 56994   56994           7.5             0 0.1211401340174 
 44626   44626           3.5 0.1341110832575             0 
 57175   57175           1.5 0.1143221897339             0 
 24345   24345           3.5 0.1133936340913             0 
 42773   42773           1.5 0.111482141774             0 
 48116   48116           8.5             0 0.1080413501222 
 58918   58918           5.5 0.1124914666616             0 
 58438   58438           5.5 0.1091943587135             0 
 54716   54716           1.5 0.1070877858977             0 
 58252   58252           9.5 0.1107695656814             0 
 48047   48047           2.5             0 0.1101334571469 
 52138   52138           5.5 0.1119379284297             0 
 46368   46368           6.5 0.5116423457101             0 
 43667   43667           6.5 0.4746788472693             0 
 46547   46547           6.5 0.4393966057513             0 
 50150   50150           7.5 0.4237559490104             0 
 43855   43855           4.5 0.4030989220135             0 
 43736   43736           4.5 0.387117483899             0 
 46495   46495           4.5 0.3701189658754             0 
 54053   54053           5.5 0.3642710621474             0 
 46072   46072           4.5 0.3436859707999             0 
 45115   45115           5.5 0.3278337925369             0 
 45527   45527           6.5 0.3175027055135             0 
 46375   46375           3.5 0.3124842916814             0 
 45769   45769           4.5 0.2982698831114             0 
 43608   43608           7.5 0.2922962729948             0 
 56575   56575           4.5 0.2829290574787             0 
 46128   46128           3.5 0.2771102798003             0 
 53087   53087           7.5 0.2677882138715             0 
 45590   45590           5.5 0.2628507052519             0 
 56627   56627           5.5 0.2567166498831             0 
 52430   52430           6.5 0.249411579002             0 
 50210   50210           6.5 0.2443263089869             0 
 44627   44627           2.5 0.2441261200429             0 
 49730   49730           7.5 0.2356048300924             0 
 43435   43435           4.5 0.2271495870515             0 
 44328   44328           6.5 0.2229769494059             0 
 45650   45650           3.5 0.2229700743898             0 
 47747   47747           6.5 0.21918623725             0 
 44508   44508           4.5 0.2124694744553             0 
 31249   31249           3.5 0.2101047109344             0 
 50576   50576           3.5 0.2089777382184             0 
 58848   58848           5.5 0.2066108502167             0 
 57952   57952           7.5 0.2034397848142             0 
 47753   47753           3.5 0.2035293079526             0 
 49555   49555           4.5 0.2031840369044             0 
 60835   60835           4.5 0.1991828945294             0 
 23156   23156           3.5 0.1928145260601             0 
 23509   23509           3.5 0.1925145267123             0 
 60109   60109           1.5 0.2033235933382             0 
 33892   33892           5.5 0.197894576255             0 
 23155   23155           2.5 0.1913260279483             0 
 53869   53869           7.5 0.1873328787548             0 
 43852   43852           3.5 0.1859798016309             0 
 61852   61852           6.5 0.1827923605788             0 
 49368   49368           3.5 0.1798335772326             0 
 48652   48652           2.5 0.1788235577638             0 
 56692   56692           5.5 0.1786004875149             0 
 54532   54532           7.5 0.1765448908444             0 
 44334   44334           1.5 0.17633447896             0 
 48055   48055           4.5  0.1744132698             0 
 55910   55910           6.5 0.1698541659672             0 
 24715   24715           4.5 0.1706941618503             0 
 53695   53695           2.5 0.1718512831974             0 
 44633   44633           2.5 0.1721210565088             0 
 44147   44147           6.5 0.1659785975061             0 
 58495   58495           3.5 0.1654714222478             0 
 23035   23035           3.5 0.1647765141136             0 
 23815   23815           3.5 0.1610451398707             0 
 52074   52074           1.5 0.1634309611465             0 
 36592   36592           7.5 0.165391922124             0 
 61316   61316           2.5 0.1661594450274             0 
 51055   51055           8.5 0.1621041214264             0 
 56929   56929          10.5 0.1564536661494             0 
 46615   46615           2.5 0.1647797182696             0 
 38028   38028           5.5 0.157991758533             0 
 24716   24716           2.5 0.1555256953108             0 
 45298   45298           5.5 0.1559667017541             0 
 51718   51718           4.5 0.1535329642591             0 
 53690   53690           5.5 0.1547882263852             0 
 61976   61976           5.5 0.1518297594551             0 
 46851   46851           0.5 0.1493732904495             0 
 23625   23625           3.5 0.156891348139             0 
 53447   53447           3.5 0.1499129332915             0 
 44393   44393           2.5 0.1480644055472             0 
 53395   53395           7.5 0.1514276758508             0 
 44390   44390           2.5 0.1471931453468             0 
 39288   39288           5.5 0.1450617673837             0 
 46853   46853           2.5 0.1470457040873             0 
 53925   53925           2.5 0.1497450098073             0 
 49075   49075           1.5 0.150040463872             0 
 54473   54473           6.5 0.1451373050372             0 
 58553   58553           2.5 0.1467553835316             0 
 64368   64368           8.5 0.1443392357561             0 
 61915   61915           3.5 0.1413421539066             0 
 23626   23626           1.5 0.1408160591083             0 
 24296   24296           4.5 0.1412919186444             0 
 49186   49186           1.5 0.1413113353606             0 
 51046   51046           1.5 0.1406300843125             0 
 58375   58375           2.5 0.1393152638681             0 
 30107   30107           2.5 0.1442777751593             0 
 45116   45116           4.5 0.1386870125563             0 
 22792   22792           4.5 0.1430793570969             0 
 47933   47933           4.5 0.1410547526452             0 
 61195   61195           4.5 0.1365347897812             0 
 23090   23090           2.5 0.1369735380941             0 
 28489   28489           3.5 0.1360921100066             0 
 44089   44089           3.5 0.1363077222665             0 
 61370   61370           3.5 0.1394572948156             0 
 38218   38218           5.5 0.1364421922323             0 
 23086   23086           1.5 0.136463274768             0 
 52972   52972           3.5             0 0.1350275343676 
 50573   50573           3.5 0.1368123868412             0 
 24235   24235           6.5 0.1448490747973             0 
 49318   49318           9.5             0 0.1564681129842 
 22005   22005           5.5 0.1552931840898             0 
 48285   48285           3.5             0 0.1357452019364 
 56756   56756           6.5 0.1425613035966             0 
 58972   58972           5.5 0.1353249847704             0 
 53396   53396           6.5 0.1341211442994             0 
 64853   64853           5.5 0.1294393942516             0 
 51652   51652           1.5 0.1325305930661             0 
 26156   26156           4.5 0.1308963323306             0 
 21718   21718           3.5 0.1335708918152             0 
 24472   24472           4.5 0.1321432487433             0 
 60655   60655           0.5 0.1423721187197             0 
 23570   23570           4.5 0.1426399327907             0 
 36769   36769           2.5 0.1298237241106             0 
 27116   27116           3.5 0.128331527294             0 
 51947   51947          14.5             0 0.1287336244133 
 32690   32690           6.5 0.1408270227566             0 
 53154   53154           2.5             0 0.134557904891 
 54287   54287           7.5 0.1432086778067             0 
 58969   58969           1.5 0.1298927755873             0 
 22608   22608           4.5 0.1308547971208             0 
 55013   55013           4.5 0.1290897928033             0 
 21828   21828           4.5 0.1320124643203             0 
 45949   45949           1.5 0.1251277809877             0 
 53568   53568           0.5 0.1335167535892             0 
 14878   14878           8.5 0.1415288572546             0 
 59033   59033           4.5 0.1254988904229             0 
 26213   26213           3.5 0.124850241357             0 
 58070   58070           5.5 0.1267623397061             0 
 57593   57593           2.5 0.1274420080884             0 
   827     827           2.5 0.1243370898022             0 
 60293   60293           6.5 0.125892778581             0 
  1787    1787           1.5 0.1248684589418             0 
 36828   36828           3.5 0.1237123329437             0 
 54773   54773          11.5 0.1240765974562             0 
 48837   48837           0.5             0 0.1327784033421 
 46192   46192           5.5 0.1291671029154             0 
 62515   62515           4.5 0.1229193854014             0 
 57768   57768           2.5 0.1296867713572             0 
 57236   57236           4.5 0.1313631775205             0 
 53033   53033           6.5             0 0.1249488028157 
 23692   23692           2.5 0.1277885606768             0 
 52186   52186           2.5 0.1242252225893             0 
 24469   24469           1.5 0.1238255889439             0 
 63293   63293           2.5 0.1249653700565             0 
 27715   27715           7.5             0 0.1230360035356 
  1367    1367           3.5 0.128189065505             0 
 23929   23929           2.5 0.1238959775258             0 
 43554   43554           1.5 0.1258586674966             0 
 27407   27407           0.5 0.1293609101536             0 
 48409   48409           5.5 0.1348298735725             0 
 52730   52730           3.5 0.1226221269564             0 
 22248   22248           3.5 0.1207858171227             0 
 27414   27414           1.5 0.1194364168844             0 
  3470    3470           3.5 0.1252267344576             0 
 47576   47576           3.5 0.1245778066204             0 
 23758   23758           5.5 0.1204380015194             0 
 23393   23393           2.5 0.1198270678149             0 
 36949   36949           2.5 0.1200685412872             0 
 51407   51407           2.5 0.1185512321033             0 
 56155   56155           5.5 0.1247303315139             0 
 49855   49855           3.5 0.1181864814945             0 
 56509   56509           1.5 0.1184848728157             0 
 57052   57052           9.5 0.119647391355             0 
 59570   59570           3.5 0.1182765666188             0 
 23569   23569           3.5 0.1209883787241             0 
 55792   55792           2.5 0.1228415714943             0 
 39533   39533           2.5 0.1173365475163             0 
 47148   47148           1.5             0 0.1158185763271 
 56748   56748           2.5 0.1195105763185             0 
 46426   46426           0.5 0.1193165732758             0 
 51595   51595           9.5 0.1219340941358             0 
 36535   36535           0.5 0.1243299599831             0 
 23447   23447           4.5 0.1218547347157             0 
 11805   11805           5.5             0 0.1237656206554 
 51829   51829           8.5 0.1305384417694             0 
  1007    1007           2.5 0.118530854214             0 
 10666   10666           2.5             0 0.1162010864829 
 42895   42895           5.5 0.1217594042808             0 
 44212   44212           0.5 0.1285117304676             0 
 36947   36947           4.5 0.1253313563053             0 
 53507   53507           3.5 0.1151684283471             0 
 25072   25072           2.5 0.1176936374104             0 
 41207   41207           4.5 0.116770700026             0 
 48418   48418           3.5 0.1167151724136             0 
  3345    3345           3.5 0.1134953192055             0 
 42408   42408          10.5             0 0.1210194413476 
 25248   25248           8.5 0.137386144212             0 
 52137   52137           0.5 0.1220635466893             0 
 22607   22607           5.5 0.1197145609892             0 
 35995   35995           3.5 0.1166041821548             0 
 63648   63648           5.5 0.1156282950043             0 
 43378   43378           5.5 0.1183126413059             0 
 53158   53158           6.5             0 0.1148327127934 
 60889   60889           2.5 0.1158693833418             0 
 59568   59568           5.5 0.114258145352             0 
 64131   64131           1.5             0 0.1134594706256 
 50638   50638           5.5 0.115255949258             0 
 34489   34489           2.5 0.1141744498767             0 
 61190   61190           4.5 0.1168408341205             0 
 47687   47687          13.5             0 0.1161370997817 
 47266   47266           5.5 0.126664702495             0 
 49667   49667          10.5             0 0.1296608258848 
 23989   23989           6.5 0.1266917532477             0 
 25495   25495           2.5 0.1124315235064             0 
 23036   23036           4.5 0.1119102516982             0 
 22132   22132           1.5 0.1129100203994             0 
 44692   44692           1.5 0.1163688837548             0 
 27829   27829           2.5 0.1102336605717             0 
 58665   58665           1.5 0.1153270533698             0 
 47692   47692           5.5 0.1142231640153             0 
 54535   54535           4.5 0.1095920958976             0 
 23398   23398           7.5 0.110206103323             0 
 47445   47445           3.5             0 0.1168470543112 
  1910    1910           2.5 0.1228457611885             0 
 46787   46787           2.5 0.11223558403             0 
 22545   22545           3.5 0.1106299907778             0 
 55193   55193           8.5             0 0.1092686369933 
 35989   35989           2.5 0.1248500558755             0 
 58489   58489           3.5 0.1093846792229             0 
 18767   18767           3.5 0.1164421157664             0 
 58794   58794           2.5             0 0.1126788505781 
 40670   40670           3.5 0.1184556772523             0 
 59035   59035           1.5 0.1107263399683             0 
 51226   51226           2.5 0.1121806662416             0 
 47273   47273           5.5 0.1087078804481             0 
 26996   26996           3.5             0 0.1114514345022 
 24707   24707           5.5 0.1221824494892             0 
 40971   40971           4.5             0 0.1200069967593 
 62509   62509          12.5 0.1210401395545             0 
 22909   22909           2.5 0.1088854938718             0 
 37076   37076           4.5 0.1113241474844             0 
 52676   52676           2.5 0.1092614192736             0 
 59625   59625           2.5 0.1218830089996             0 
 29268   29268           1.5 0.1103638471266             0 
 20518   20518           7.5 0.1095159912144             0 
 39176   39176           2.5 0.1069893305294             0 
 26992   26992           2.5 0.109580763978             0 
  1438    1438           4.5 0.1077684627519             0 
 43485   43485           2.5 0.1057509754288             0 
 54170   54170           3.5 0.1060496478722             0 
 50571   50571           0.5 0.1118032515059             0 
 26266   26266           4.5 0.1098084232568             0 
 56388   56388           8.5             0 0.1096784057076 
 56628   56628           7.5 0.1121115316397             0 
 47509   47509          15.5             0 0.1161803494918 
 45113   45113           5.5 0.1143990600432             0 
 46855   46855           2.5 0.1101159106701             0 
 62095   62095           8.5 0.1136748259853             0 
 31493   31493           3.5             0 0.1068505835108 
 52018   52018           7.5 0.1153485013298             0 
 36054   36054           1.5 0.1061474077507             0 
 48531   48531           1.5 0.1061744411911             0 
 41638   41638           6.5 0.103820851401             0 
 43848   43848           3.5 0.1040603377986             0 
 24476   24476           3.5 0.1122459002878             0 
 51713   51713           4.5 0.1050654601443             0 
 41448   41448           7.5             0 0.1062883964862 
 48296   48296           6.5 0.1111495792933             0 
 53086   53086           2.5 0.1037155618733             0 
 46967   46967           4.5             0 0.1031120205585 
 22669   22669           1.5 0.1055961468917             0 
 44805   44805           2.5 0.1039125649673             0 
 58307   58307           1.5 0.1058148784121             0 
 23152   23152           2.5 0.10777777883             0 
 61974   61974           2.5 0.104399287944             0 
 33527   33527           1.5 0.1041328268646             0 
 56747   56747           8.5 0.1095760438411             0 
 30527   30527          10.5             0 0.1176017373631 
 23993   23993           8.5 0.1270080106183             0 
 51228   51228           2.5 0.1090146576396             0 
 44154   44154           1.5 0.1067052222567             0 
 41633   41633           1.5 0.1045349735583             0 
 24116   24116           3.5 0.1040933210549             0 
 50757   50757           2.5             0 0.1130190045032 
 37609   37609           7.5 0.1089081057675             0 
 56809   56809           1.5 0.1044118411414             0 
  1678    1678           7.5 0.110987502265             0 
 27168   27168           2.5             0 0.1037630625163 
 56031   56031           2.5 0.1030954480614             0 
 45054   45054           2.5 0.1020091309103             0 
 51533   51533           2.5 0.102848238573             0 
 31488   31488           3.5 0.1032087666315             0 
 50214   50214           3.5 0.1030574446237             0 
 51887   51887           9.5             0 0.1071324142504 
 48956   48956           7.5 0.1027713388412             0 
 29747   29747          12.5             0 0.1075742992382 
 28796   28796           8.5 0.1329955504893             0 
 49788   49788           4.5 0.1023037352052             0 
 61612   61612           8.5 0.100387562821             0 
 57346   57346           2.5 0.1002564239916             0 
 41216   41216           3.5             0 0.1051849339604 
 30052   30052           2.5 0.1069686773733             0 
 25195   25195           1.5 0.105740355385             0 
 45288   45288           9.5 0.1070506789852             0 
 64618   64618           6.5             0 0.1086323869683 
 50566   50566           4.5 0.1072080275057             0 
 48706   48706           2.5             0 0.1108825182206 
 52072   52072          10.5 0.1132303337148             0 
 56875   56875           2.5 0.1028651981581             0 
 43258   43258           7.5             0 0.1023058602753 
 38517   38517           2.5 0.1054129305808             0 
 59516   59516           2.5 0.1050539123353             0 
 49725   49725           1.5             0 0.1006275227527 
 44385   44385           2.5 0.1012132058838             0 
 58132   58132           1.5 0.1047113107101             0 
 22193   22193           5.5 0.1203685105409             0 
 54056   54056           5.5             0 0.1116824882602 
 60956   60956          11.5 0.1189276362937             0 
 51896   51896           1.5 0.1090304837275             0 
 60231   60231           3.5 0.103621586427             0 
 53806   53806           1.5 0.1023773826925             0 
 62396   62396           6.5 0.100124060618             0 
 27225   27225           4.5             0 0.1081739291387 
 23745   23745           4.5 0.1081413528127             0 
 47755   47755           3.5 0.103531826092             0 
 43492   43492           1.5 0.1018798762044             0 
 36895   36895           3.5 0.1032186823913             0 
 57890   57890           3.5 0.1026997112213             0 
 47029   47029           3.5 0.1008703547664             0 
 61255   61255           5.5 0.09953411162295             0 
 17807   17807           1.5 0.09985907108156             0 
 22728   22728           4.5 0.1062470211317             0 
 47698   47698           7.5             0 0.1014277141002 
 45167   45167           3.5 0.1117657259388             0 
 61008   61008           8.5 0.1000643673369             0 
 61729   61729          11.5             0 0.1066790774668 
 24109   24109           5.5 0.1232570210551             0 
 29030   29030           5.5             0 0.1096347734166 
 22965   22965           3.5 0.1082814002196             0 
 58857   58857           0.5             0 0.101835699878 
 62630   62630           6.5 0.1018603290882             0 
 46425   46425           1.5 0.102608192072             0 
 43793   43793           3.5 0.1022793653483             0 
 53327   53327           4.5 0.1003882803499             0 
 59987   59987           6.5 0.1008123562722             0 
 31558   31558           6.5 0.09651594225839             0 
 53627   53627           2.5             0 0.1085441060583 
 53808   53808          10.5 0.1200742913691             0 
 56276   56276           1.5 0.1019938651091             0 
 21945   21945           4.5 0.1103322441554             0 
 52918   52918           8.5             0 0.09860443800997 
 23266   23266           3.5 0.1026571944459             0 
 46665   46665           0.5 0.1057645953328             0 
 18298   18298           7.5 0.1073994734479             0 
 45233   45233           2.5 0.09724952427893             0 
 40367   40367           2.5 0.1004667674458             0 
  9292    9292           1.5             0 0.09715149818735 
 43429   43429           8.5 0.1020044720453             0 
 55249   55249           6.5             0 0.1134125171884 
 32750   32750           6.5 0.110433951521             0 
 52615   52615          17.5             0 0.1098687184004 
 37432   37432           6.5 0.1215756669009             0 
 57898   57898           4.5 0.1012067670498             0 
 54174   54174           2.5             0 0.09777968763072 
 63828   63828           5.5 0.0995608309244             0 
   658     658           9.5             0 0.1009440942008 
 22368   22368           6.5 0.1017402782789             0 
 48713   48713           0.5 0.1008200907593             0 
 24830   24830           3.5 0.111963170521             0 
 10249   10249           6.5             0 0.09997529032378 
 47993   47993           9.5 0.1078976760158             0 
 58490   58490           4.5 0.09634342098804             0 
 57295   57295           2.5 0.0959523020046             0 
 54474   54474           3.5 0.1019277835172             0 
 60118   60118           3.5 0.0959155535653             0 
 47214   47214           2.5 0.09585196256628             0 
 58676   58676           3.5 0.09652092767016             0 
 49797   49797           1.5 0.09682462887356             0 
 27713   27713           2.5 0.09536696843292             0 
 28196   28196           6.5             0 0.09945757556038 
 59925   59925           3.5 0.09551902949429             0 
 61555   61555           2.5             0 0.09788014318634 
 62453   62453           7.5 0.09741514548909             0 
 62632   62632           3.5             0 0.09679517075788 
 23753   23753           1.5 0.09915493482283             0 
 53935   53935           5.5 0.0965387555312             0 
 51898   51898           3.5 0.1003905321289             0 
 25192   25192           2.5 0.09703309064095             0 
 44698   44698           4.5 0.0974107491672             0 
 32747   32747           2.5             0 0.09439149703365 
 37973   37973           4.5 0.09800991648114             0 
  9535    9535           4.5             0 0.109881309323 
  2095    2095           4.5 0.1188959646699             0 
 59096   59096           1.5 0.1021825964368             0 
  3285    3285           4.5 0.1014538093734             0 
 52550   52550           3.5 0.09853157712122             0 
 49198   49198           5.5             0 0.09486156591775 
 29029   29029           4.5 0.1002086411114             0 
 51467   51467           1.5 0.1017553578977             0 
 33058   33058           9.5 0.1002633624229             0 
 43436   43436           4.5 0.09786058239717             0 
 44929   44929           0.5             0 0.09634260304841 
 45955   45955           2.5 0.1017825304977             0 
 38096   38096           3.5 0.09715829057457             0 
   472     472           1.5 0.09490905633735             0 
 23268   23268           1.5 0.09576906450843             0 
 48958   48958           5.5 0.09702676154248             0 
 64010   64010           3.5 0.09469231431228             0 
 23030   23030           3.5 0.09381576180688             0 
  4007    4007           3.5             0 0.09988717371271 
 52665   52665           1.5 0.09938431189485             0 
 23507   23507           2.5 0.09545135067418             0 
 13308   13308           2.5             0 0.09491787499715 
 21708   21708           4.5 0.1014983792634             0 
  4668    4668           1.5 0.09459638394751             0 
 26153   26153           3.5 0.09714882577655             0 
 43548   43548           5.5 0.09297785458541             0 
 24598   24598           6.5 0.09577868018737             0 
 56387   56387           4.5 0.09516546210324             0 
 27118   27118           4.5 0.09355366602667             0 
 62085   62085           2.5 0.09873015304841             0 
 53206   53206           4.5             0 0.09690640593773 
 54415   54415           0.5             0 0.09551170915591 
 47208   47208           4.5 0.09445378245795             0 
  6596    6596           4.5             0 0.1008359313864 
 24886   24886           4.5 0.1001864724595             0 
 45710   45710           1.5 0.1073736897595             0 
 31314   31314           2.5 0.09892655732865             0 
 49253   49253           2.5             0 0.09560950115652 
 38093   38093           2.5 0.0922455530167             0 
 28496   28496           1.5 0.0923003390481             0 
 28848   28848           3.5 0.09289116598954             0 
 46137   46137           1.5 0.09212956708483             0 
 30173   30173           2.5 0.09329069900755             0 
 22786   22786           4.5 0.09237925498985             0 
 53987   53987           3.5             0 0.1094286283535 
 22068   22068           8.5 0.1056776493903             0 
 25728   25728          10.5             0 0.1024399594355 
 37367   37367           5.5 0.1085212734767             0 
 52247   52247           3.5 0.09394667015022             0 
 58556   58556           4.5 0.09525818410086             0 
 50929   50929           2.5 0.0925769851387             0 
 48415   48415           4.5             0 0.09104893453856 
 37910   37910           3.5 0.09448728056144             0 
 55310   55310           3.5 0.0904378103777             0 
 25969   25969           1.5             0 0.09373229733875 
  5455    5455           3.5 0.09442066234331             0 
 20878   20878           8.5             0 0.09328718392665 
 27598   27598           7.5 0.09875715040054             0 
   530     530           1.5 0.09315743460395             0 
 52252   52252           3.5 0.09155337491995             0 
 27166   27166           2.5 0.09293640356774             0 
 44506   44506           2.5 0.09131180980674             0 
 23513   23513           2.5 0.09110908531559             0 
 49607   49607           5.5             0 0.09168941150634 
 61135   61135           7.5 0.09665868810749             0 
 51649   51649           3.5 0.0913688505833             0 
 60653   60653           6.5 0.09656842568825             0 
 49074   49074           1.5 0.09185753683736             0 
 59990   59990           4.5 0.09581549402393             0 
 30769   30769           9.5             0 0.1032032954503 
 53269   53269           5.5 0.1055039750338             0 
 30646   30646           3.5             0 0.1026884421235 
 55254   55254           1.5             0 0.09414817794176 
 29035   29035           3.5 0.09159513339678             0 
 24948   24948           2.5 0.09311887853352             0 
 56455   56455           3.5 0.09303069853593             0 
 54291   54291           1.5             0 0.0924733749151 
 55976   55976           1.5 0.09185970450487             0 
 38450   38450           2.5 0.09323060004385             0 
 57174   57174           4.5 0.09436702415141             0 
 19433   19433           2.5 0.09127293929478             0 
 24228   24228           4.5 0.0928679397073             0 
 60358   60358           5.5             0 0.09122323094763 
 54825   54825           1.5 0.09225023564609             0 
