1 1 5 1390 0 0 0 
85 11.73328533498 
145 15.05657748191 
208 18.19731490162 
535 62.50989561592 
417 26.41446584153 
 43727   43727           8.5 0.8672310395688             0 
 45228   45228           7.5 0.7230274781578             0 
 46016   46016           4.5 0.637727136203             0 
 44035   44035           5.5 0.5940665338913             0 
 45295   45295           6.5 0.5458629395042             0 
 45775   45775           4.5 0.5181647136872             0 
 44747   44747           6.5 0.4995103485358             0 
 55069   55069           7.5 0.4786429693333             0 
 24835   24835           4.5 0.4736183735045             0 
 44868   44868           2.5 0.4653328280481             0 
 44933   44933           3.5 0.4492432787573             0 
 45536   45536           6.5 0.4406825991876             0 
 50213   50213           7.5 0.4272229133889             0 
 45348   45348           6.5 0.4138261481588             0 
 45768   45768           7.5 0.4060231083341             0 
 46790   46790           5.5 0.3945576007929             0 
 45110   45110           3.5 0.3855612474363             0 
 50516   50516           7.5 0.3670702152136             0 
 24115   24115           3.5 0.3582005462149             0 
 46256   46256           4.5 0.3491420952182             0 
 53152   53152           5.5 0.339815960485             0 
 50695   50695           3.5 0.3355322183428             0 
 23627   23627           4.5 0.3408780455589             0 
 45410   45410           0.5 0.3387216105439             0 
 24956   24956           6.5 0.3482761277883             0 
 22127   22127           4.5 0.3197974186553             0 
 45236   45236           3.5 0.3250699329533             0 
 22968   22968           5.5 0.3122687580312             0 
 45829   45829           3.5 0.3193647190187             0 
 61369   61369           7.5 0.3069961004939             0 
 46667   46667           6.5 0.3022534839242             0 
 59688   59688           5.5 0.3056691073385             0 
 49736   49736           4.5 0.3058456316533             0 
 45047   45047           4.5 0.295736447256             0 
 44029   44029           2.5 0.2956781604792             0 
 44570   44570           5.5 0.2985812169285             0 
  4126    4126        1.#INF             0 0.3317224370059 
 12349   12349             1             0 0.5634767543782 
 23635   23635           9.5 0.5778162418335             0 
 55610   55610           8.5 0.32668562879             0 
 44389   44389           1.5 0.2844678389802             0 
 43668   43668           7.5 0.2866679479153             0 
 44573   44573           4.5 0.2781001011876             0 
 23088   23088           6.5 0.2756477031793             0 
 45773   45773           1.5 0.2721194729714             0 
 52909   52909           6.5 0.2810033387088             0 
 56396   56396           5.5 0.2666750280632             0 
 55912   55912           9.5 0.2712639317484             0 
 57288   57288           2.5 0.2773815675861             0 
 47635   47635           9.5 0.2725343371206             0 
 23029   23029           1.5 0.2733351998336             0 
 52127   52127           4.5 0.2612000956463             0 
 61252   61252           4.5 0.2577041475669             0 
 23573   23573           1.5 0.2633179736063             0 
 10557   10557        1.#INF             0 0.3512169983301 
 24355   24355           6.5 0.4340170279828             0 
 45353   45353           2.5 0.2758896402988             0 
 23807   23807           5.5 0.2651144229528             0 
 50269   50269           3.5 0.2628009633396             0 
 50633   50633           7.5 0.2519897066826             0 
 23087   23087           3.5 0.2523437593084             0 
 47332   47332           5.5 0.2443932136285             0 
  1611    1611        1.#INF             0 0.3396155573556 
 56209   56209          12.5 0.3721469033737             0 
 24235   24235           5.5 0.2583759767325             0 
  2028    2028        1.#INF             0 0.2746639462334 
 58312   58312          16.5 0.3403744688328             0 
 32209   32209           5.5 0.2532951293964             0 
 22428   22428           4.5 0.2484363741651             0 
 44509   44509           5.5 0.2358684918156             0 
 49549   49549           5.5 0.2315032759806             0 
 58315   58315           1.5 0.2393566780128             0 
  9287    9287        1.#INF             0 0.3702894223798 
 44686   44686           4.5 0.4537130225045             0 
 37307   37307           5.5 0.2436139628615             0 
 43853   43853           2.5 0.2377901062364             0 
 44215   44215          10.5 0.233391640506             0 
 47096   47096           3.5 0.241729969107             0 
 38872   38872           6.5 0.2291189548707             0 
 59635   59635           3.5 0.2311790549533             0 
 47389   47389           5.5 0.2243202304232             0 
 23207   23207           4.5 0.2298366171062             0 
 43732   43732           2.5 0.2285112957763             0 
 45888   45888          10.5 0.2225320714458             0 
 60048   60048           4.5 0.2276680170327             0 
 44088   44088           9.5 0.6847590193392             0 
 47212   47212           6.5 0.5953597147038             0 
 44927   44927           4.5 0.5604729181732             0 
 44628   44628           6.5 0.5133346984721             0 
 46616   46616           5.5 0.4911472539922             0 
 43728   43728           5.5 0.4686527385571             0 
 43856   43856           5.5 0.4505522784957             0 
 55552   55552           6.5 0.4332258308342             0 
 44635   44635           6.5 0.4228362749175             0 
 46607   46607           6.5 0.4170661631616             0 
 24895   24895           3.5 0.4117354108779             0 
 46015   46015           3.5 0.3961634748926             0 
 53989   53989           7.5 0.385557825309             0 
 45653   45653           5.5 0.36928182609             0 
 48053   48053           4.5 0.3565581814019             0 
 23568   23568           5.5 0.3519573819227             0 
 45347   45347           6.5 0.3429310748334             0 
 24175   24175           4.5 0.3346608654831             0 
 50456   50456           5.5 0.3382744498618             0 
 22067   22067           4.5 0.3295669778272             0 
 44870   44870           1.5 0.3294142781905             0 
 44396   44396           5.5 0.3172718112864             0 
 44993   44993           4.5 0.3110988553577             0 
 44095   44095           6.5 0.3079174031373             0 
 50995   50995           4.5 0.2997590304143             0 
 45592   45592           5.5 0.3050959108526             0 
 46610   46610           0.5 0.2968467263208             0 
 51708   51708           6.5 0.3000493798882             0 
 45285   45285           2.5 0.2923505731875             0 
 24236   24236           4.5 0.280650107437             0 
 53092   53092           4.5 0.2844068846252             0 
 55009   55009           7.5 0.2766827878376             0 
 44815   44815           2.5 0.2794270483933             0 
 45468   45468           5.5 0.2682734892871             0 
 45652   45652           4.5 0.2623087465516             0 
 57827   57827           7.5 0.2622339959612             0 
 43973   43973           1.5 0.262656429544             0 
 60769   60769           5.5 0.2601717833623             0 
 49732   49732           4.5 0.2496624835795             0 
 46135   46135           3.5 0.2472053795612             0 
 56750   56750           7.5 0.2474866615035             0 
 50515   50515           5.5 0.2541570173662             0 
 23153   23153           2.5 0.2516783330092             0 
 43969   43969           1.5 0.2459291525455             0 
 25016   25016           5.5 0.2520962388191             0 
 46729   46729           2.5 0.2396569540713             0 
 55972   55972           9.5 0.2396065294433             0 
 45708   45708           5.5 0.2360646560774             0 
 57289   57289           6.5 0.2385505698079             0 
 45229   45229           3.5 0.2303590909481             0 
 23687   23687           4.5 0.2283979081199             0 
 60828   60828           5.5 0.2262629586074             0 
 50270   50270           3.5 0.2256343018526             0 
 44269   44269           1.5 0.2359092571702             0 
 52012   52012           4.5 0.2308485063023             0 
 26445   26445           2.5 0.2291151396792             0 
 24776   24776           3.5 0.2246827596964             0 
 23330   23330           2.5 0.2285384319637             0 
 46612   46612           6.5 0.2231082303221             0 
 24775   24775           3.5 0.2263555551065             0 
 35452   35452           6.5 0.2278308769588             0 
 23148   23148           3.5 0.2218764855072             0 
 55612   55612           7.5 0.2204016335472             0 
 46136   46136           4.5 0.213586731696             0 
 50987   50987           5.5 0.2132832224525             0 
 46850   46850           4.5 0.207094097675             0 
 49135   49135           3.5 0.2084354956307             0 
 33349   33349           4.5 0.2128174070588             0 
 44748   44748           3.5 0.206253739717             0 
 30109   30109           5.5 0.2324043459448             0 
 60047   60047           5.5 0.204211946459             0 
 31253   31253           3.5 0.2028047461648             0 
 44330   44330           1.5 0.2007228771227             0 
 35269   35269           6.5 0.2051626185637             0 
 23027   23027           3.5 0.1999347131484             0 
 58485   58485           1.5 0.1991677794881             0 
 25010   25010           3.5 0.1980095363313             0 
 54536   54536           6.5 0.1926866756623             0 
 23212   23212           3.5 0.190915868302             0 
 59515   59515           1.5 0.1910257186743             0 
 60772   60772           4.5 0.1984566774077             0 
 52786   52786           3.5 0.1954685671686             0 
 43369   43369           4.5 0.1901934277973             0 
 45108   45108           5.5 0.192486428122             0 
 59573   59573           4.5 0.1916655084392             0 
 31672   31672           5.5 0.1943974936167             0 
 50807   50807          11.5             0 0.1980883519369 
 52078   52078           9.5 0.2089119213282             0 
 54289   54289           4.5             0 0.20099125396 
 58129   58129          16.5 0.2149110425256             0 
 49918   49918           7.5             0 0.2068076403436 
 46488   46488          10.5 0.2141823304551             0 
 48353   48353           3.5 0.1991493015475             0 
 45538   45538           5.5 0.1961646999143             0 
 56515   56515           4.5 0.1954784960892             0 
 23932   23932           4.5 0.1893214677079             0 
 44745   44745           1.5 0.189675128333             0 
 24055   24055           4.5 0.1915903128916             0 
 45950   45950           0.5 0.2028373941398             0 
 59628   59628           9.5 0.1938729442645             0 
 59629   59629           4.5 0.1865380079587             0 
 23028   23028           5.5 0.1855294834831             0 
 48647   48647           5.5             0 0.1863396875376 
  3418    3418          10.5 0.2064909428924             0 
 61313   61313           3.5 0.1883832638849             0 
 23575   23575           4.5 0.1854954193752             0 
 47876   47876           3.5 0.1839211003085             0 
 54770   54770           7.5 0.1812108584531             0 
 48290   48290           3.5 0.1799527972266             0 
 36292   36292           2.5 0.1836178169553             0 
 45889   45889           3.5 0.1812259577495             0 
 50692   50692           2.5 0.1792124221153             0 
 47446   47446           3.5 0.1848906394412             0 
 48237   48237           1.5             0 0.1934310618816 
 22727   22727           6.5 0.2047865095538             0 
 58908   58908           6.5 0.1791130652067             0 
 50816   50816           4.5 0.1764444710504             0 
 32333   32333           1.5 0.1749758604672             0 
 44808   44808           7.5 0.1933850802626             0 
 60113   60113           4.5 0.1751940875421             0 
 52847   52847           2.5             0 0.1778381365538 
 23810   23810           3.5 0.1829656635744             0 
 44036   44036           4.5 0.1835022196689             0 
 46915   46915           6.5 0.1760543262869             0 
 44268   44268           6.5 0.1775392894825             0 
 57348   57348           5.5 0.1748704116368             0 
 46733   46733           6.5 0.1774469154541             0 
 26996   26996           3.5             0 0.1761063025472 
 23512   23512           3.5 0.1866697706206             0 
 22487   22487           3.5 0.1801026552053             0 
 47575   47575           4.5 0.178478717063             0 
 54055   54055           4.5 0.1730733227109             0 
 57772   57772           2.5 0.1743853991886             0 
 62515   62515           3.5 0.1737412014326             0 
 51895   51895           3.5 0.1730282498585             0 
 63649   63649          10.5 0.1676552355603             0 
 49246   49246           1.5             0 0.1824498532171 
 21768   21768           5.5 0.1745434187818             0 
 55973   55973           4.5 0.173215829438             0 
 38447   38447           5.5 0.1727520162665             0 
 58435   58435           2.5 0.1738047059655             0 
 54407   54407           2.5             0 0.1676069046767 
 53868   53868           6.5 0.1717201174526             0 
 64618   64618           7.5             0 0.1720229137868 
 13732   13732           4.5 0.1731937197807             0 
 44807   44807           6.5 0.5998176113028             0 
 45168   45168           6.5 0.5492192034158             0 
 47509   47509           6.5 0.5148335935529             0 
 43796   43796           4.5 0.4773883004451             0 
 45467   45467           6.5 0.4651120306443             0 
 45296   45296           3.5 0.4431353359743             0 
 50090   50090           7.5 0.427580506802             0 
 46555   46555           5.5 0.4096728204778             0 
 44575   44575           5.5 0.3972339176035             0 
 45828   45828           7.5 0.3866067779132             0 
 52969   52969           4.5 0.380100739004             0 
 46909   46909           6.5 0.3583221806996             0 
 45956   45956           5.5 0.343247502143             0 
 45590   45590           4.5 0.3362994711135             0 
 56633   56633           4.5 0.3276089657309             0 
 44155   44155           6.5 0.3223893639957             0 
 43370   43370           3.5 0.3098348344094             0 
 50996   50996           6.5 0.3064515619151             0 
 44695   44695           5.5 0.3062537005148             0 
 45528   45528           3.5 0.2976761556101             0 
 46132   46132           4.5 0.2903431614399             0 
 55129   55129           4.5 0.2857121441107             0 
 45765   45765           1.5 0.2840319079415             0 
 61312   61312           5.5 0.274863029255             0 
 51648   51648           4.5 0.2714142092272             0 
 22007   22007           5.5 0.2700853499866             0 
 45293   45293           1.5 0.2711532452907             0 
 44875   44875           2.5 0.2732929645544             0 
 51769   51769           6.5 0.2743686547327             0 
 44208   44208           7.5 0.2600306114313             0 
 58547   58547           4.5 0.2600672217692             0 
 45710   45710           3.5 0.2508548208992             0 
 56752   56752           7.5 0.2495463912348             0 
 47213   47213           4.5 0.2452050015843             0 
 50876   50876           3.5 0.2412846607258             0 
 57887   57887           5.5 0.2466488688575             0 
 54350   54350           6.5 0.2371418818193             0 
 46848   46848           4.5 0.238024101518             0 
 43605   43605           2.5 0.2326539807256             0 
 32812   32812           6.5 0.2335482333677             0 
 45169   45169           4.5 0.231358993613             0 
 45470   45470           1.5 0.2351890042807             0 
 47756   47756           6.5 0.2287328100482             0 
 54772   54772           8.5 0.2240775623953             0 
 44456   44456           5.5 0.2215347573648             0 
 23755   23755           3.5 0.21979620437             0 
 23267   23267           5.5 0.2176808382038             0 
 51651   51651           0.5 0.2394139663763             0 
 24049   24049           4.5 0.2289289589514             0 
 23750   23750           1.5 0.2225263633726             0 
 56930   56930           8.5 0.2198508181181             0 
 60776   60776           4.5 0.2192240465336             0 
 56213   56213           6.5 0.2111264896137             0 
 45056   45056           4.5 0.2160829319473             0 
 43488   43488          10.5 0.212050232262             0 
 23210   23210           1.5 0.2125963046359             0 
 43970   43970           2.5 0.2066144526752             0 
 24356   24356           5.5 0.2098303710492             0 
 50215   50215           1.5 0.2047756081751             0 
 38689   38689           6.5 0.2068227584337             0 
 44513   44513           5.5 0.2027112755172             0 
 48349   48349           4.5 0.1956070357289             0 
 47813   47813           2.5 0.2033066577118             0 
 52492   52492           8.5 0.202938904982             0 
 44453   44453           4.5 0.1934001157886             0 
 60835   60835           7.5 0.1936922393302             0 
 43609   43609           0.5 0.2006081780321             0 
 22908   22908           4.5 0.1956789405721             0 
 44145   44145           2.5 0.1923834244353             0 
 33172   33172           5.5 0.1911751137972             0 
 54532   54532           8.5 0.1863648151479             0 
 52135   52135           2.5 0.1879141939105             0 
 40615   40615           5.5 0.1887736321869             0 
 60112   60112           4.5 0.1878702974703             0 
 46736   46736           2.5 0.1835621769405             0 
 53930   53930           5.5 0.1885929833843             0 
 57833   57833           5.5 0.1783592800715             0 
 48649   48649          10.5             0 0.1878523459104 
 51047   51047           7.5 0.1931040765022             0 
 23867   23867           4.5 0.1807056907741             0 
 24412   24412           2.5 0.1873672287534             0 
 51778   51778           5.5 0.1774610831454             0 
 32389   32389           2.5 0.1790228553107             0 
 38095   38095           3.5 0.1744469694351             0 
 24295   24295           4.5 0.1716226324442             0 
 44452   44452           2.5 0.1741548585196             0 
 12592   12592           4.5 0.1817051526368             0 
 38088   38088           4.5 0.1714507387374             0 
 45358   45358           4.5 0.1722196576692             0 
 43912   43912           2.5 0.1719028395172             0 
 23395   23395           3.5 0.1683777146247             0 
 23513   23513           2.5 0.1637185185683             0 
 60770   60770           4.5 0.1658569150139             0 
 52728   52728           7.5 0.1660674097011             0 
 23688   23688           4.5 0.1651920525529             0 
 40428   40428           4.5 0.1675236306731             0 
 54113   54113           8.5             0 0.1716547063659 
  6898    6898           9.5 0.1787618997473             0 
 47638   47638           9.5             0 0.172865631463 
 21948   21948           7.5 0.1867675992332             0 
 25308   25308           7.5 0.1667885239917             0 
 23747   23747           2.5 0.1713869391402             0 
 23085   23085           2.5 0.16875787538             0 
 37196   37196           4.5 0.1710219856148             0 
 23089   23089           1.5 0.161636487064             0 
 44687   44687           5.5 0.162315240334             0 
 60718   60718           6.5 0.1629971209925             0 
 53695   53695           1.5 0.170775848107             0 
 50930   50930           7.5 0.1748062511461             0 
 48837   48837           0.5             0 0.1653648865349 
 22849   22849           5.5 0.1766212275909             0 
 23626   23626           1.5 0.161569559641             0 
 60170   60170           5.5 0.1635827626806             0 
 58375   58375           1.5 0.1585059847189             0 
 61075   61075           7.5 0.1664562674568             0 
 64913   64913           4.5 0.1593199111679             0 
 58912   58912           4.5 0.1604307656722             0 
 59696   59696           2.5 0.1593480485697             0 
 62872   62872          13.5 0.1644002888215             0 
 54830   54830           5.5 0.1558636179438             0 
 48958   48958           4.5 0.1556746145107             0 
 51347   51347           1.5 0.1564000915134             0 
 46786   46786           5.5 0.1605920273022             0 
 56755   56755           1.5 0.1547752581269             0 
 46851   46851           1.5 0.1548962452996             0 
 27235   27235           4.5             0 0.1565408579615 
 53447   53447           6.5 0.1632816910625             0 
 45050   45050           3.5 0.1551054614679             0 
   827     827           2.5 0.1537036838713             0 
 22970   22970           2.5 0.1511515561045             0 
 31247   31247           1.5 0.1498549886686             0 
 57533   57533           3.5 0.1590499029941             0 
 50156   50156           3.5 0.1519917794216             0 
 49727   49727           5.5             0 0.1541170074163 
 24415   24415           4.5 0.1624304684549             0 
 23813   23813           1.5 0.1513170722949             0 
 23272   23272           4.5 0.1555966790428             0 
 29276   29276           3.5 0.1526661373827             0 
 59575   59575           1.5 0.150522619046             0 
 58252   58252          14.5 0.157497242642             0 
 47929   47929           4.5 0.1490006811222             0 
 23090   23090           2.5 0.151900408871             0 
 36895   36895           3.5 0.1479583201094             0 
 52734   52734           1.5 0.1504417385535             0 
 49368   49368           4.5 0.1479912719077             0 
 48888   48888           3.5             0 0.152536357715 
 61247   61247           5.5 0.156940948261             0 
 54052   54052           4.5             0 0.149011476835 
 45476   45476          10.5 0.1665524263462             0 
 22485   22485           3.5 0.1451788642861             0 
 53392   53392           5.5 0.1494000145046             0 
 51293   51293           6.5 0.1480615894238             0 
 47027   47027           3.5 0.1495969113583             0 
 46316   46316           6.5 0.1505138809454             0 
 53455   53455           2.5 0.1471324984626             0 
 44565   44565           2.5 0.1534400065788             0 
 53816   53816           7.5 0.1459599560438             0 
 46907   46907           4.5             0 0.1431212371507 
 25612   25612           5.5 0.1651785515299             0 
 27047   27047          10.5             0 0.1559842517517 
 38387   38387           6.5 0.1619636212475             0 
 44506   44506           2.5 0.1452622681569             0 
 23752   23752           2.5 0.1441801499605             0 
 60949   60949           1.5 0.1447689069564             0 
 45525   45525           1.5 0.1480947921187             0 
 53926   53926           1.5 0.1471035940784             0 
 52187   52187           7.5 0.1446329918222             0 
 50688   50688           7.5             0 0.1458431586129 
 44213   44213           2.5 0.1463482990442             0 
 59210   59210           4.5 0.1462114000013             0 
 56688   56688           4.5 0.1526951166422             0 
 24836   24836           2.5 0.1461411227335             0 
 58376   58376           4.5 0.1478429738155             0 
  8807    8807           5.5             0 0.1455897818188 
 23685   23685           4.5 0.1755720815965             0 
  1248    1248           2.5 0.1492674850104             0 
 43854   43854           1.5 0.1464021174628             0 
 23208   23208           3.5 0.1444584156438             0 
 43007   43007           8.5             0 0.1460479031028 
 26027   26027           7.5 0.1504105990443             0 
 26270   26270           3.5 0.1485178915066             0 
 44025   44025           2.5 0.1449918567905             0 
 47329   47329           4.5 0.1448806051151             0 
 41633   41633           1.5 0.1475513317063             0 
 60229   60229           7.5 0.1446888281365             0 
 47268   47268           2.5 0.1426695573863             0 
 57708   57708           9.5 0.148388702339             0 
 57650   57650           1.5 0.1480513446794             0 
 57292   57292           4.5 0.1433928388291             0 
 47995   47995           3.5 0.1455857698081             0 
 51533   51533           2.5 0.1399209013738             0 
 57536   57536           7.5 0.1459790156824             0 
 54230   54230           5.5             0 0.1451966970919 
 52913   52913           7.5 0.1451249551644             0 
 47095   47095           4.5 0.1417186066443             0 
 49312   49312           1.5             0 0.1431368390529 
 58138   58138           5.5 0.1427324256467             0 
 23093   23093           1.5 0.1401918541044             0 
 45418   45418           5.5 0.1385488403672             0 
 50511   50511           0.5 0.1413471054957             0 
  4550    4550           3.5 0.1432028523485             0 
 48288   48288           2.5             0 0.1405403350203 
 45107   45107           4.5 0.1425333939672             0 
 57955   57955           1.5 0.1404821843803             0 
 45055   45055           5.5 0.1379868677205             0 
 62035   62035           7.5 0.1374077017265             0 
 39713   39713           2.5 0.1401297472827             0 
 24590   24590           4.5 0.1366372803262             0 
 46435   46435           5.5 0.5433074635087             0 
 45947   45947           6.5 0.5134631500833             0 
 43975   43975           5.5 0.4768494281426             0 
 46849   46849           6.5 0.442649921482             0 
 43616   43616           5.5 0.4224467326074             0 
 44688   44688           7.5 0.40452849947             0 
 44987   44987           4.5 0.3883028967237             0 
 51290   51290           7.5 0.3829345654176             0 
 44148   44148           6.5 0.3625582745239             0 
 53147   53147           6.5 0.3479115305472             0 
 47510   47510           3.5 0.3399593412389             0 
 46908   46908           6.5 0.3267602017777             0 
 48950   48950           5.5 0.3287506840016             0 
 46315   46315           4.5 0.3080220130744             0 
 45715   45715           4.5 0.2991837028985             0 
 43795   43795           3.5 0.2973870562004             0 
 50575   50575           7.5 0.2941566772757             0 
 57408   57408           5.5 0.2848844977053             0 
 44387   44387           6.5 0.2821500683281             0 
 45593   45593           5.5 0.273120775436             0 
 47272   47272           4.5 0.269148931644             0 
 44207   44207           6.5 0.2665560461049             0 
 49489   49489           4.5 0.2563575514983             0 
 44685   44685           1.5 0.2565915024729             0 
 45109   45109           3.5 0.248029636678             0 
 23216   23216           5.5 0.2489298421448             0 
 45408   45408           3.5 0.2446285678124             0 
 60895   60895           8.5 0.2423724353334             0 
 46792   46792           4.5 0.2347639073102             0 
  6289    6289        1.#INF             0 0.4298628252998 
 33409   33409           9.5 0.4714304539702             0 
  3771    3771        1.#INF             0 0.3476617025157 
 23636   23636           8.5 0.4296115939881             0 
 11025   11025        1.#INF             0 0.3382963507562 
 44818   44818          11.5 0.4572533348287             0 
  6170    6170        1.#INF             0 0.3223979745428 
 56812   56812          14.5 0.4022955400534             0 
 46910   46910           6.5 0.2570453386808             0 
 60115   60115           3.5 0.2286138535209             0 
 50455   50455           7.5 0.2245178170573             0 
 46670   46670           3.5 0.2156976576701             0 
 50576   50576           4.5 0.2134447624252             0 
 46075   46075           3.5 0.2076831092058             0 
  1017    1017        1.#INF 0.3040197363165             0 
 48707   48707          16.5             0 0.3790053063269 
 45345   45345           3.5 0.219454953373             0 
 32692   32692           3.5 0.2083745827654             0 
 44867   44867           6.5 0.2085720772734             0 
 22607   22607           4.5 0.2043335503718             0 
 10434   10434        1.#INF             0 0.3991141047939 
 57052   57052          19.5 0.3960655555719             0 
 62276   62276          10.5 0.2161009541369             0 
 45346   45346           1.5 0.2020870131671             0 
  2029    2029        1.#INF 0.2653621491548             0 
 44030   44030           0.5 0.318915994255             0 
 46672   46672           6.5 0.1947191570445             0 
 60176   60176           3.5 0.1959741076982             0 
  8088    8088        1.#INF             0 0.2101949718967 
 52668   52668          12.5 0.2826129968242             0 
 58069   58069          13.5 0.2112423670239             0 
 22973   22973           2.5 0.1898037443843             0 
 10606   10606        1.#INF             0 0.1907142899458 
 50872   50872           8.5 0.2481798093182             0 
 53458   53458           6.5 0.1976461309875             0 
 13493   13493        1.#INF             0 0.2388965481488 
 53690   53690          11.5 0.3031314330452             0 
  5813    5813        1.#INF 0.2192556393751             0 
 51415   51415           0.5 0.2573538380584             0 
  3473    3473        1.#INF             0 0.335355153767 
 23510   23510           8.5 0.3886820558959             0 
 11147   11147        1.#INF             0 0.2275933914058 
 57349   57349          12.5 0.3172096073151             0 
  6768    6768        1.#INF             0 0.2168236772222 
 49073   49073          15.5 0.2968147328656             0 
    50      50        1.#INF             0 0.3374928506454 
 38871   38871           1.5             0 0.5874985029501 
 21947   21947          10.5 0.3640031444673             0 
 61916   61916           8.5 0.2054554769253             0 
  9345    9345        1.#INF             0 0.2755917288743 
 11446   11446           1.5             0 0.4531966751534 
 59149   59149          21.5 0.3237113187417             0 
 57893   57893           5.5 0.1896657848758             0 
 44810   44810           1.5 0.1874706729574             0 
 24296   24296           4.5 0.1893905942499             0 
 43375   43375           5.5 0.1833463410726             0 
 47636   47636           3.5 0.1835128280049             0 
 34312   34312           5.5 0.1763953782101             0 
 46487   46487           5.5 0.175495443697             0 
  2572    2572        1.#INF             0 0.2893350878524 
 21770   21770           5.5 0.3151125595374             0 
  3652    3652             1             0 0.4630000334634 
 50936   50936          11.5 0.2666889687705             0 
 23150   23150           2.5 0.186077759321             0 
  9168    9168        1.#INF 0.2326590418182             0 
 49970   49970           6.5             0 0.2957096056385 
 23625   23625           2.5 0.177119446367             0 
 56456   56456           5.5 0.1763823278842             0 
 50508   50508           6.5 0.1712714871113             0 
 53632   53632           4.5 0.1767656371371             0 
 45713   45713           6.5 0.169277760012             0 
 45465   45465           1.5 0.1701692447649             0 
 40427   40427           4.5 0.1675847473066             0 
  3534    3534        1.#INF             0 0.1873587628501 
 48592   48592           5.5 0.2219253265752             0 
 58488   58488           8.5 0.1804937714072             0 
 31249   31249           3.5 0.1701057558807             0 
 43495   43495           5.5 0.1686062601838             0 
  8875    8875        1.#INF             0 0.3027158398548 
 23332   23332           8.5 0.3244918138525             0 
 54476   54476           7.5 0.1688313568405             0 
  2449    2449             1             0 0.2611246883311 
 52729   52729           8.5 0.168966600706             0 
 59693   59693           4.5 0.1648320926255             0 
 44388   44388           5.5 0.158667053249             0 
  1972    1972        1.#INF             0 0.3869011819993 
  7614    7614           1.5             0 0.6150556818822 
 54833   54833          20.5 0.4185982352662             0 
 63595   63595           5.5 0.1768389580045             0 
 57355   57355           5.5 0.1653273602173             0 
 23270   23270           2.5 0.1613916667592             0 
 11154   11154           1.5             0 0.3559681549274 
 59570   59570           3.5 0.160852977855             0 
 24825   24825           4.5 0.1672868003034             0 
   585     585           1.5             0 0.1737664514642 
 12355   12355        1.#INF             0 0.2210526822912 
  2512    2512           2.5 0.190758668279             0 
 62935   62935           1.5 0.1619114011643             0 
 11866   11866        1.#INF             0 0.2492027888307 
 21769   21769           6.5 0.3073046775758             0 
 12474   12474           1.5             0 0.3758843075353 
  9178    9178           9.5 0.1927857759297             0 
 23096   23096           5.5 0.1563552051978             0 
  6656    6656        1.#INF             0 0.1778593892255 
  9288    9288        1.#INF             0 0.4433138989949 
 46492   46492          13.5 0.593671788039             0 
 61373   61373           6.5 0.1595365646388             0 
  4677    4677        1.#INF             0 0.2482524305588 
  7371    7371             1             0 0.4009370433051 
  1427    1427           7.5 0.302551254495             0 
 23628   23628           5.5 0.1569623723127             0 
  9468    9468        1.#INF             0 0.2537488142282 
 24169   24169           5.5 0.3016642816751             0 
  8026    8026        1.#INF 0.2466274852898             0 
 29207   29207          11.5             0 0.3092518503586 
 38029   38029           2.5 0.1572388903883             0 
  5748    5748           1.5             0 0.4243358388122 
  8748    8748        1.#INF             0 0.2049291109098 
   710     710        1.#INF             0 0.3286531324995 
 22193   22193           9.5 0.5410663520736             0 
  6776    6776        1.#INF             0 0.2516124123686 
 55256   55256          11.5 0.3061394618594             0 
 45597   45597           1.5 0.1697464189702             0 
 51896   51896           2.5 0.1684550473576             0 
  5806    5806        1.#INF 0.2466202426826             0 
 31616   31616          11.5             0 0.298981931222 
 11686   11686        1.#INF             0 0.2064196335241 
  1245    1245        1.#INF             0 0.3408105767442 
 23205   23205           8.5 0.5848639384153             0 
 24538   24538           7.5 0.1692028522434             0 
 10495   10495        1.#INF 0.2039042776193             0 
  8334    8334           1.5             0 0.3802459164765 
 48176   48176          16.5             0 0.2582208884861 
 25072   25072           4.5 0.1578922504874             0 
  1729    1729           1.5             0 0.4778823241918 
 23748   23748           6.5 0.2411594119329             0 
 59206   59206           4.5 0.1650605171915             0 
 45648   45648           2.5 0.1609187127902             0 
  3833    3833             1             0 0.2243120229725 
  9772    9772        1.#INF             0 0.4092810557651 
 52132   52132          19.5 0.4332476934713             0 
  7012    7012        1.#INF             0 0.1690026747747 
  7133    7133           1.5             0 0.3896610879774 
 52258   52258           8.5 0.2531656861715             0 
 10009   10009        1.#INF 0.2959230690573             0 
 49610   49610          14.5             0 0.2941033857964 
 49186   49186           1.5 0.1617645437442             0 
 45298   45298           7.5 0.1627949119076             0 
 47276   47276           1.5 0.173104970801             0 
 11453   11453           1.5             0 0.2887026415634 
 63648   63648           4.5 0.172481933025             0 
  1313    1313             1             0 0.1799383102121 
  4430    4430        1.#INF 0.2360796290521             0 
 10605   10605           7.5             0 0.3031744097706 
  5275    5275           1.5             0  0.4734187095 
 11274   11274        1.#INF             0 0.1779832673584 
  3470    3470           5.5 0.2620132028969             0 
  4974    4974        1.#INF             0 0.418217409317 
 22965   22965           6.5 0.4452006707175             0 
 11155   11155        1.#INF             0 0.1973981043429 
  7377    7377        1.#INF             0 0.3561313443553 
   887     887           9.5 0.6061353174827             0 
 54898   54898           9.5 0.1725232196153             0 
  4369    4369        1.#INF             0 0.2456620198026 
  3054    3054        1.#INF             0 0.2837299024557 
 44812   44812           8.5 0.4994223394564             0 
 54473   54473           6.5 0.1742117350693             0 
 57768   57768           5.5 0.1672849234694             0 
 23508   23508           2.5 0.1669199867929             0 
 47036   47036           6.5 0.1608482092262             0 
  3592    3592        1.#INF             0 0.4085265278628 
 44992   44992          17.5 0.4317655129107             0 
  2032    2032        1.#INF             0 0.4715148916182 
 27833   27833          11.5 0.5146038296606             0 
 56692   56692           6.5 0.1617076319669             0 
 11153   11153           1.5             0 0.4379382141945 
  5154    5154        1.#INF             0 0.2415489185267 
  7553    7553           1.5             0 0.4280583838957 
 50638   50638           9.5 0.2346964027505             0 
  5206    5206           1.5             0 0.371013806676 
 18767   18767           3.5 0.1598226962977             0 
  3537    3537        1.#INF             0 0.2507930544147 
  7794    7794           1.5             0 0.5461528745534 
 10556   10556        1.#INF             0 0.2608966953462 
 37976   37976           9.5 0.4735330175626             0 
  4790    4790             1             0 0.1949844715609 
  7317    7317           1.5             0 0.3303513460977 
  7917    7917        1.#INF             0 0.2342486393705 
  6647    6647        1.#INF             0 0.2785026918214 
 16018   16018          16.5 0.4842330481603             0 
 23693   23693           2.5 0.1698498635622             0 
 61915   61915           4.5 0.1621518614138             0 
  2632    2632             1             0 0.2461753402807 
  3886    3886        1.#INF             0 0.3099214969561 
 48413   48413          13.5 0.328713526421             0 
   767     767           2.5 0.1635801481512             0 
 47814   47814           1.5 0.1582641139444             0 
 61376   61376           3.5 0.159475232714             0 
 45890   45890           4.5 0.1559437214918             0 
 52074   52074           1.5 0.1635168823724             0 
  2993    2993        1.#INF             0 0.3128092635618 
   706     706             1             0 0.5054564444172 
 23572   23572           5.5 0.3838954631159             0 
  9286    9286             1             0 0.1815978785392 
 11392   11392           1.5             0 0.3585971971435 
  5157    5157        1.#INF             0 0.2521673121599 
 36168   36168           7.5 0.3231168684781             0 
  6887    6887        1.#INF             0 0.2201236802101 
  3412    3412           4.5 0.2789910137686             0 
 10977   10977             1             0 0.2514661789084 
   167     167        1.#INF 0.182149072369             0 
 55796   55796           0.5 0.2466534763559             0 
 10252   10252           1.5 0.1647733923664             0 
  7666    7666             1             0 0.2386399491365 
 24716   24716           3.5 0.170348945694             0 
  6355    6355        1.#INF 0.3653220025607             0 
 48828   48828          11.5             0 0.4145175524842 
 60472   60472          14.5 0.1621375151834             0 
  3297    3297        1.#INF             0 0.2143617459685 
 54535   54535           9.5 0.2191241259084             0 
 54296   54296           4.5 0.1623471612122             0 
  7548    7548           1.5             0 0.4836877147997 
  9416    9416        1.#INF             0 0.3472838662001 
  1846    1846           4.5 0.3493072542699             0 
  2209    2209           1.5             0 0.4822361194474 
  2278    2278          11.5 0.2323907212074             0 
 56990   56990           7.5 0.1770306594069             0 
  6294    6294        1.#INF             0 0.290706596515 
 11930   11930        1.#INF             0 0.5064708240859 
 47395   47395          19.5 0.8267684112958             0 
   529     529        1.#INF             0 0.4098404057526 
  3407    3407           1.5             0 0.6523794966437 
 56810   56810          14.5 0.4041422527644             0 
 22975   22975           3.5 0.1899569819602             0 
 57236   57236           4.5 0.1719760874727             0 
  4557    4557        1.#INF             0 0.2626946827088 
 12167   12167        1.#INF             0 0.5058248658881 
 46727   46727          22.5 0.7486741718409             0 
 26388   26388           7.5 0.1673748112802             0 
 51887   51887          11.5             0 0.1768042250196 
 53925   53925           2.5 0.1751027120746             0 
 50093   50093           3.5 0.1759828960393             0 
  1069    1069           0.5 0.1633220625248             0 
  1789    1789           1.5 0.1699985580955             0 
 11926   11926           1.5             0 0.3995117952021 
 48105   48105           0.5 0.1783863448285             0 
 12768   12768        1.#INF             0 0.3788211082117 
 24596   24596          10.5 0.4113385576338             0 
 60710   60710           6.5 0.1673223277796             0 
 11215   11215             1             0 0.206140279717 
  6651    6651        1.#INF 0.29345485206             0 
 41208   41208          11.5             0 0.3767193859233 
 47752   47752           5.5 0.1663363038364             0 
  2094    2094        1.#INF 0.1804311728166             0 
 56994   56994           7.5             0 0.2236868079344 
 37256   37256           4.5 0.1671618474669             0 
 58495   58495           3.5 0.1606459896455             0 
  4556    4556        1.#INF             0 0.1897777093269 
 22368   22368           9.5 0.2446141951915             0 
 61190   61190           4.5 0.1603951106395             0 
 36949   36949           1.5 0.1640011968418             0 
  6712    6712        1.#INF 0.2534148452625             0 
 27049   27049           8.5             0 0.2937546080984 
  4076    4076           1.5             0 0.368155273737 
 62509   62509          12.5 0.1668432083369             0 
  2746    2746           1.5             0 0.319095049709 
 51835   51835           3.5 0.165553845319             0 
  9590    9590        1.#INF 0.1901331896616             0 
 47745   47745           7.5             0 0.2782224404825 
  1486    1486        1.#INF             0 0.1658632811658 
  3285    3285        1.#INF             0 0.2716238614694 
 26333   26333          12.5 0.4746781079004             0 
 57346   57346           2.5 0.1635995447438             0 
 51712   51712           2.5 0.1624359147232             0 
 43552   43552           1.5 0.1628463398579             0 
 47156   47156           3.5 0.1611684319679             0 
  1969    1969        1.#INF             0 0.3159114238651 
  8685    8685        1.#INF             0 0.3667408877698 
 33118   33118          21.5 0.6972403478877             0 
 52018   52018           7.5 0.1676726138953             0 
 27658   27658           3.5 0.1584646460391             0 
  1197    1197        1.#INF             0 0.2259964797677 
 44445   44445           5.5 0.2722849863211             0 
 14211   14211        1.#INF             0 0.1691214827922 
  2577    2577        1.#INF             0 0.4353578604507 
 24349   24349           6.5 0.626390176744             0 
 59930   59930           3.5 0.1632736763555             0 
 50875   50875           0.5 0.1681720681634             0 
 59033   59033           4.5 0.1535446609614             0 
 59036   59036           4.5 0.1545528999757             0 
 59516   59516           2.5 0.1527055625048             0 
  3715    3715           3.5 0.151826432565             0 
 25428   25428           5.5             0 0.1590519831969 
 39533   39533           3.5 0.152490746296             0 
 10607   10607        1.#INF 0.2532030802742             0 
 61495   61495           7.5             0 0.3203963974041 
 44627   44627           2.5 0.1613810002729             0 
 52192   52192           6.5 0.1487166010722             0 
 22912   22912           1.5 0.1524028542238             0 
 21708   21708           3.5 0.1481989552275             0 
  6525    6525        1.#INF             0 0.2562737889346 
 30052   30052           4.5 0.2935348746252             0 
  4365    4365        1.#INF             0 0.1580849521106 
 44334   44334           3.5 0.2347122702861             0 
  6717    6717        1.#INF 0.199559034771             0 
 31493   31493           5.5             0 0.254944200367 
  2390    2390        1.#INF             0 0.1513918092952 
 23569   23569           5.5 0.2127236006568             0 
 12350   12350        1.#INF             0 0.148801001859 
 24950   24950           4.5 0.2075395739873             0 
 56696   56696           6.5 0.1565402863549             0 
 43607   43607           9.5 0.1471671792613             0 
 49131   49131           1.5             0 0.1501689372351 
 27176   27176           4.5 0.1463514492953             0 
  5757    5757        1.#INF             0 0.3510736520543 
  1967    1967           7.5 0.3400391117647             0 
 13671   13671        1.#INF             0 0.2163096024314 
  2929    2929           1.5             0 0.5842491047359 
  2087    2087           7.5 0.4273255355251             0 
 13911   13911        1.#INF 0.2391465713557             0 
 41987   41987           9.5             0 0.2571809957677 
 45049   45049           5.5 0.1703152694876             0 
 47816   47816           3.5 0.1647138149636             0 
  6955    6955             1             0 0.1948941889092 
 28196   28196           6.5             0 0.153024345202 
 44336   44336           5.5 0.1526459405011             0 
 60713   60713           5.5 0.1472239575192             0 
 52495   52495           0.5 0.1504784684717             0 
 51532   51532           2.5 0.1502982232747             0 
 58607   58607           7.5 0.1460164449041             0 
  2928    2928        1.#INF             0 0.2121459793569 
 43614   43614           2.5 0.2425029762633             0 
  7255    7255        1.#INF             0 0.2877854108811 
 11034   11034        1.#INF             0 0.3520860511418 
 21945   21945          10.5 0.6733872520176             0 
 12532   12532           1.5 0.1458252328817             0 
  2692    2692           1.5             0 0.3998961259527 
  1788    1788        1.#INF             0 0.1873411153994 
 22969   22969           5.5 0.2372975494792             0 
 47747   47747           8.5 0.1546152541178             0 
 61195   61195           4.5 0.1460372404858             0 
  8926    8926        1.#INF             0 0.2380807051227 
 43665   43665           7.5 0.2811508408576             0 
 59805   59805           2.5 0.1477807490678             0 
 53269   53269           2.5 0.1424674632882             0 
 53158   53158           8.5             0 0.1429892809905 
 37372   37372           4.5 0.1570834525885             0 
  8210    8210        1.#INF 0.2478709238972             0 
 62636   62636          11.5             0 0.3074736981861 
 10676   10676        1.#INF 0.2646733081722             0 
 17750   17750           4.5             0 0.2796125870727 
 23749   23749           1.5 0.1447217252313             0 
 23927   23927           2.5 0.1423842331805             0 
  3292    3292        1.#INF             0 0.2004440816101 
 45835   45835          15.5 0.2322106008369             0 
 14037   14037        1.#INF             0 0.1834880061586 
  2095    2095           4.5 0.2379825485306             0 
 22732   22732           4.5 0.1465807093749             0 
 57115   57115           0.5 0.1434198785152             0 
 59632   59632           3.5 0.1452795424212             0 
 54956   54956           8.5 0.1432177136121             0 
 47505   47505           2.5             0 0.1464126090617 
  1072    1072        1.#INF             0 0.1891751605479 
 23989   23989           8.5 0.2317978006021             0 
  5994    5994        1.#INF             0 0.1777774390393 
 28785   28785           5.5 0.2361411496916             0 
 10426   10426        1.#INF             0 0.2676777357533 
  8207    8207        1.#INF             0 0.3336645640335 
 24475   24475          12.5 0.6302509583097             0 
 13434   13434           1.5             0 0.1697514662924 
  4129    4129             1             0 0.3023863179658 
  2989    2989           1.5 0.2004032857262             0 
  8331    8331        1.#INF             0 0.1620435364703 
 31489   31489           5.5 0.243810799098             0 
 53875   53875           6.5 0.1468433900761             0 
 14271   14271        1.#INF             0 0.213720684401 
 51773   51773          12.5 0.2537024872328             0 
 57649   57649           2.5 0.1424590314501             0 
  3289    3289        1.#INF             0 0.2179662728505 
 49666   49666           6.5 0.2330280904539             0 
 47927   47927           2.5 0.1418466027533             0 
 44996   44996           8.5 0.1459283457799             0 
 10909   10909           1.5             0 0.3461457351933 
  4307    4307           5.5 0.1460741000162             0 
 10846   10846        1.#INF             0 0.1856874833207 
 51718   51718           9.5 0.2000134426821             0 
 13548   13548             1             0 0.264397438382 
 26156   26156           4.5 0.1482719320783             0 
 58438   58438           5.5 0.1391092740118             0 
 10365   10365           4.5             0 0.1402006508537 
 29268   29268           3.5 0.1560809131099             0 
 58854   58854           2.5             0 0.136848988691 
  4670    4670           3.5 0.1564414838961             0 
 48112   48112           0.5             0 0.1402496758636 
 47327   47327           5.5 0.1437505827067             0 
 40367   40367           2.5 0.139152247677             0 
 44154   44154           1.5 0.1409983601331             0 
 37138   37138           4.5 0.139258844374             0 
 23033   23033           1.5 0.1372733291435             0 
 44578   44578           5.5 0.1388070179771             0 
 60655   60655           1.5 0.1404385624472             0 
  2635    2635           2.5 0.1403532441526             0 
  3290    3290        1.#INF             0 0.2214142952822 
 43906   43906           4.5 0.2584321925792             0 
 49376   49376           7.5 0.1387076939121             0 
 50869   50869           3.5 0.1396910393503             0 
 56746   56746           1.5 0.138807708012             0 
 48830   48830           0.5             0 0.1389813327865 
 53811   53811           3.5 0.1371664233188             0 
 49375   49375          14.5             0 0.1378208291733 
 53149   53149           2.5             0 0.1507476201104 
 33892   33892           7.5 0.138498172267             0 
 52247   52247           2.5 0.1503229852493             0 
 57593   57593           2.5 0.1365364954929             0 
 34855   34855           3.5 0.132326597033             0 
 48529   48529           3.5 0.1331172563081             0 
  2869    2869           1.5 0.1379027687617             0 
 57898   57898           4.5 0.1345229212969             0 
 43787   43787           5.5 0.1319561780658             0 
 62265   62265           2.5 0.1337414907095             0 
 46605   46605           1.5 0.1311361812309             0 
 60837   60837           1.5 0.1362448692762             0 
 62696   62696           1.5             0 0.1303571856946 
 56993   56993           7.5 0.1324134337369             0 
 55976   55976           0.5 0.1330386384686             0 
 27656   27656           7.5 0.1411361598886             0 
 61492   61492           6.5             0 0.133128089242 
 34912   34912           2.5 0.1363187011308             0 
 63235   63235           4.5 0.1355712632337             0 
 55909   55909           5.5 0.1393646936459             0 
 15531   15531           1.5 0.1325470451259             0 
  4851    4851        1.#INF 0.2593908828466             0 
 30527   30527          14.5             0 0.3286848210679 
 24176   24176           5.5 0.1381055971848             0 
 52075   52075           1.5 0.1305109468614             0 
 54897   54897           2.5 0.1355655689597             0 
 55849   55849           8.5 0.1296804860475             0 
 48116   48116           8.5             0 0.1312597432441 
 53278   53278           5.5 0.133018187056             0 
 22066   22066           1.5 0.1302960358936             0 
  2752    2752           2.5 0.135326228487             0 
 56516   56516           7.5             0 0.1386944917794 
 22008   22008           7.5 0.1307162769124             0 
 50207   50207           0.5 0.1407485887208             0 
 51357   51357           2.5 0.1303981844074             0 
 59035   59035           1.5 0.136921042721             0 
 13612   13612           1.5             0 0.52670234714 
 47266   47266           5.5 0.1948520253025             0 
 56632   56632           4.5   0.133172648             0 
 48706   48706           2.5             0 0.1380114870914 
 38456   38456           5.5 0.1441793130872             0 
 14028   14028        1.#INF             0 0.2246544346974 
 50448   50448          14.5 0.2269056613827             0 
 43550   43550           3.5 0.1386778166854             0 
 24598   24598           4.5 0.1295669170786             0 
  2747    2747        1.#INF             0 0.2969984731285 
 14333   14333        1.#INF             0 0.5538926866715 
 33478   33478          17.5 0.8628756349909             0 
  2576    2576        1.#INF             0 0.1786596241965 
  6718    6718        1.#INF             0 0.2410611418315 
 45287   45287          17.5 0.45225824005             0 
 11149   11149        1.#INF             0 0.2622489732628 
 22667   22667          11.5 0.2985974844342             0 
 21712   21712           4.5 0.1347129469603             0 
 28008   28008           4.5             0 0.1433576106986 
 25190   25190           2.5 0.1343180719052             0 
 57293   57293           8.5 0.1388495292766             0 
 23516   23516           2.5 0.1401109006341             0 
 50632   50632           2.5 0.1257470353227             0 
 52916   52916           1.5             0 0.129210546418 
 35989   35989           2.5 0.1396371046653             0 
 37493   37493           2.5 0.1288724544241             0 
 60654   60654           4.5 0.1301651738628             0 
 54412   54412          14.5             0 0.1376224270125 
 23449   23449           4.5 0.1399574682508             0 
  7673    7673        1.#INF             0 0.1638761316487 
  3538    3538        1.#INF             0 0.2137793126517 
 24466   24466           6.5 0.3673390465398             0 
  3658    3658           5.5 0.1281437056356             0 
 52069   52069           1.5 0.1320800863285             0 
 10856   10856        1.#INF             0 0.1426077023844 
 22547   22547           9.5 0.2251206308507             0 
 51055   51055          12.5 0.1278849765228             0 
 41154   41154           3.5             0 0.138584549839 
 17867   17867           3.5 0.1335069888862             0 
 25069   25069           2.5 0.1303842236253             0 
 30170   30170           2.5             0 0.1296388772581 
 29996   29996           2.5 0.1247255955387             0 
 57405   57405           1.5 0.1241400093392             0 
 27715   27715           4.5             0 0.1270224901866 
  8873    8873        1.#INF             0 0.2547397107098 
 44569   44569          13.5 0.2748652058393             0 
 27116   27116           3.5 0.1320861027348             0 
 62453   62453           6.5 0.1271865667559             0 
 46011   46011           0.5 0.1311626677368             0 
 43556   43556           7.5             0 0.1310934223601 
 59925   59925           2.5 0.1264890876628             0 
  7607    7607        1.#INF             0 0.1868722866647 
 59758   59758          10.5  0.2342599161             0 
 52186   52186           2.5 0.1292817650899             0 
 36592   36592           5.5 0.1232204768564             0 
  3653    3653        1.#INF 0.1313530830106             0 
 49374   49374           3.5             0 0.2114750082477 
 24228   24228           5.5 0.1260901355055             0 
 59455   59455           0.5 0.132124827096             0 
 47988   47988           9.5 0.139815940375             0 
 46368   46368           7.5 0.5272325179295             0 
 46072   46072           4.5 0.4660132403255             0 
 43736   43736           4.5 0.4507928505389             0 
 46968   46968           7.5 0.4180057866029             0 
 43976   43976           5.5 0.4013044569523             0 
 46375   46375           4.5 0.3882626787265             0 
 46556   46556           4.5 0.3655989629752             0 
 43608   43608           7.5 0.3551180576762             0 
 50273   50273           7.5 0.3404591993722             0 
 54053   54053           5.5 0.3262656301359             0 
 47807   47807           3.5 0.320755021456             0 
 52067   52067           5.5 0.3079297447297             0 
 45048   45048           4.5 0.3027644747704             0 
 47753   47753           3.5 0.2965639675528             0 
 56149   56149           7.5 0.2956194240152             0 
 46495   46495           4.5 0.285054716451             0 
 45527   45527           6.5 0.2830126320976             0 
 56575   56575           4.5 0.2753283465745             0 
 23147   23147           3.5 0.2737605934603             0 
 45650   45650           5.5 0.2669729159099             0 
 43428   43428           5.5 0.2564768871145             0 
 53088   53088           5.5 0.2486708208009             0 
 44156   44156           4.5 0.2435889903325             0 
 44328   44328           5.5 0.2380739966761             0 
 61255   61255           5.5 0.2314404460734             0 
 52134   52134           1.5 0.2306873888622             0 
 23695   23695           4.5 0.2328790479152             0 
 49255   49255           4.5 0.2266696721536             0 
 44633   44633           2.5 0.2223096013063             0 
 52789   52789           7.5 0.2209046469717             0 
 46196   46196           4.5 0.2173776352959             0 
 58192   58192          10.5 0.2118191873557             0 
 43852   43852           3.5 0.2147986250081             0 
 49555   49555           3.5 0.2067292645319             0 
 37968   37968           3.5 0.2038355937943             0 
 52490   52490           5.5 0.2009652023157             0 
 43435   43435           5.5 0.201228099529             0 
 23215   23215           3.5 0.1968128739457             0 
 45776   45776           1.5 0.1979883357573             0 
 49730   49730           8.5 0.2054539554931             0 
 44508   44508           4.5 0.1965791414653             0 
 46192   46192           4.5 0.1931508163635             0 
 61136   61136           8.5 0.1863692626995             0 
 47810   47810           3.5 0.186425423439             0 
 23509   23509           3.5 0.1846937521161             0 
 53568   53568           0.5 0.1915387376563             0 
 32690   32690           6.5 0.203150151686             0 
 60836   60836           4.5 0.1863536351849             0 
 28489   28489           3.5 0.1841271653676             0 
 57112   57112           7.5 0.1806442844747             0 
 54592   54592           7.5 0.1835176092148             0 
 24767   24767           3.5 0.1786561606326             0 
 60169   60169           2.5 0.1747390702997             0 
 56929   56929          10.5 0.1738545406805             0 
 56208   56208           3.5 0.1718489925781             0 
 43430   43430           3.5 0.1744558380769             0 
 46425   46425           2.5 0.1674725182471             0 
 46673   46673           3.5 0.1694207841565             0 
 60349   60349          10.5 0.1635236386706             0 
 58553   58553           2.5 0.1631258048741             0 
 45405   45405           2.5 0.1610547224805             0 
 57295   57295           4.5 0.1632546303928             0 
 43850   43850           1.5 0.1663186379349             0 
 23993   23993           5.5 0.16106658287             0 
 31488   31488           3.5 0.1604281339252             0 
 53929   53929           4.5 0.1614383047776             0 
 57892   57892           7.5 0.1594376963126             0 
 23753   23753           1.5 0.1603470003209             0 
 54773   54773          11.5 0.1598580261227             0 
 44935   44935           2.5 0.1608409673688             0 
 61316   61316           6.5 0.1611000400849             0 
 50573   50573           3.5 0.1553673919123             0 
 43554   43554           1.5 0.1544469829182             0 
 46911   46911           0.5 0.155786590906             0 
 62332   62332           3.5 0.1569279391041             0 
 23692   23692           1.5 0.1517381978519             0 
 46195   46195           5.5 0.1524550840945             0 
 44089   44089           2.5 0.1526450860589             0 
 23567   23567           3.5 0.1523525860656             0 
 39467   39467           3.5 0.1496392308077             0 
 49012   49012           5.5 0.1505917316385             0 
 58490   58490           4.5 0.1490609741185             0 
 47576   47576           3.5 0.1464797915069             0 
 25255   25255           3.5 0.1466653723121             0 
 40487   40487           4.5 0.1461107213033             0 
  9172    9172           3.5 0.1439106077927             0 
 56267   56267           1.5 0.1459713577779             0 
 23630   23630           3.5 0.1504163586294             0 
 52487   52487           0.5 0.1512693424452             0 
 47692   47692           6.5 0.1541418299858             0 
 23032   23032           1.5 0.1444187385076             0 
 60230   60230           5.5 0.1466290467349             0 
 54896   54896           3.5 0.1414891084739             0 
 22848   22848           3.5 0.1401501287729             0 
 60233   60233           4.5 0.140687568558             0 
 22669   22669           1.5 0.1404791233949             0 
 47270   47270           3.5 0.1395627561069             0 
 38510   38510           2.5 0.1384877281038             0 
 37549   37549           6.5 0.1406519800593             0 
 45225   45225           0.5 0.1443658510912             0 
 24352   24352           4.5 0.1547004819284             0 
 56153   56153           5.5 0.1371479560072             0 
  1978    1978           4.5 0.1359607694159             0 
 54170   54170           2.5 0.1329435983864             0 
  1367    1367           2.5 0.1332866293606             0 
  1067    1067           2.5 0.1314897725578             0 
 53330   53330           3.5 0.1311930836939             0 
 47986   47986           3.5 0.13726659477             0 
 52608   52608           4.5 0.1317642977735             0 
 24350   24350           1.5 0.1288686440535             0 
 25076   25076           2.5 0.1303940788262             0 
 38812   38812           4.5 0.1304942623281             0 
 60890   60890           3.5 0.1295252198654             0 
 53866   53866           1.5 0.1284102415365             0 
 23156   23156           5.5 0.1310966942925             0 
 48107   48107           6.5             0 0.1394779424564 
 23086   23086           3.5 0.1503276466229             0 
 46248   46248          16.5             0 0.1483923561613 
 46608   46608           6.5 0.1578953762642             0 
 50630   50630           7.5             0 0.129829315618 
 27414   27414           3.5 0.1465127355036             0 
 44518   44518           3.5 0.132744513122             0 
 52735   52735           5.5 0.128225076447             0 
 17158   17158           8.5 0.1281760364392             0 
 48829   48829           1.5             0 0.1463521455937 
 61910   61910           8.5 0.1481017111947             0 
 49855   49855           4.5 0.1316462702263             0 
 44390   44390           2.5 0.1363476507731             0 
 58848   58848           7.5 0.1273742268652             0 
 47273   47273           3.5 0.1307092557275             0 
 48652   48652           2.5 0.1278347004827             0 
  3345    3345           2.5 0.1275865647956             0 
 34850   34850           3.5 0.1255322733154             0 
 48285   48285           4.5             0 0.1322329977064 
  1975    1975           3.5 0.1412782152474             0 
 58015   58015           1.5 0.1266079884123             0 
 23398   23398           8.5 0.1327709918557             0 
 47933   47933           4.5 0.1287697082173             0 
 22967   22967           2.5 0.1237124362149             0 
 46547   46547          11.5 0.1257151146237             0 
 47207   47207          12.5             0 0.1368633179684 
 23746   23746           3.5 0.1406011410921             0 
 51046   51046           1.5 0.1285903082261             0 
 36769   36769           2.5 0.1244316806785             0 
 50214   50214           3.5 0.1301890441814             0 
 44750   44750           1.5 0.1261363745996             0 
 30058   30058           6.5 0.1295114133662             0 
 51946   51946           3.5 0.1240361295053             0 
 53033   53033           6.5             0 0.133808108253 
 40438   40438           8.5 0.1277321142812             0 
 32750   32750           2.5 0.127127662587             0 
 60118   60118           4.5 0.1247166237544             0 
 30409   30409           1.5 0.1241079336251             0 
 52188   52188           3.5 0.1220197528135             0 
 56756   56756           6.5 0.1239797317451             0 
 53987   53987           1.5             0 0.1251760674703 
 23035   23035           6.5 0.129277920297             0 
 54294   54294           2.5             0 0.1340537692288 
 32269   32269           8.5 0.1309752139566             0 
 49318   49318           8.5             0 0.1373580641642 
 24472   24472           4.5 0.1401949350754             0 
 59511   59511           2.5 0.1243474873507             0 
 52972   52972           3.5             0 0.1232728559765 
 23808   23808           2.5 0.1209464310179             0 
 43373   43373           5.5 0.1235709690917             0 
 36955   36955           3.5 0.1233153373029             0 
 58972   58972           5.5 0.1219918338314             0 
 47148   47148           4.5             0 0.1237905454519 
 24345   24345           3.5 0.1284698882647             0 
 52730   52730           3.5 0.1249599728286             0 
 23149   23149           1.5 0.1205969342523             0 
 22425   22425           1.5 0.126121011145             0 
 55918   55918           6.5 0.1283383778147             0 
 24715   24715           2.5 0.1223903854675             0 
 58425   58425           1.5 0.1213103967176             0 
 24469   24469           1.5 0.1219640563859             0 
 37318   37318           5.5 0.1223501399559             0 
 35032   35032           3.5 0.119338582954             0 
 58794   58794           2.5             0 0.124880243347 
 58789   58789           2.5 0.1258881059125             0 
 58676   58676           3.5 0.1221738665929             0 
 51650   51650           4.5 0.1207078329791             0 
 49916   49916          13.5             0 0.1209351488767 
 44394   44394           2.5 0.1289810447464             0 
 61132   61132           2.5 0.1213912873359             0 
 21828   21828           4.5 0.1187974900489             0 
 55787   55787           0.5 0.1201192413193             0 
 26213   26213           4.5 0.1285906490426             0 
  1558    1558           5.5 0.1168525773318             0 
 59568   59568           4.5 0.1156223835823             0 
 45705   45705           1.5 0.1155104510435             0 
 41807   41807           5.5             0 0.1158014150852 
 48296   48296           6.5 0.1224276796924             0 
 54232   54232           2.5 0.117674635331             0 
 46493   46493           3.5 0.1179274388474             0 
 40971   40971           4.5             0 0.1189546211723 
 54955   54955           8.5 0.1337059030673             0 
 39228   39228           3.5 0.1162862787958             0 
 62508   62508           7.5 0.113554033846             0 
 34489   34489           2.5 0.1136506961909             0 
 60293   60293           7.5 0.1143830253637             0 
 27225   27225           4.5             0 0.1247617676144 
 29455   29455           6.5 0.1238332851801             0 
 51947   51947          13.5             0 0.1163489527661 
 23030   23030           3.5 0.121507369224             0 
 27407   27407           0.5 0.1185583395266             0 
 50566   50566           4.5 0.1262152746744             0 
 44087   44087           4.5 0.116570555984             0 
 47755   47755           3.5 0.1162646702327             0 
 56148   56148           4.5 0.1138575565306             0 
 18358   18358           4.5 0.1165497865675             0 
 49672   49672           4.5 0.1171204204506             0 
 45596   45596           5.5 0.1124237664322             0 
 22792   22792           2.5 0.1153925965206             0 
 33529   33529           2.5 0.1117857150373             0 
 56876   56876           1.5 0.1157619176072             0 
 23393   23393           5.5 0.1305856503015             0 
 56091   56091           2.5 0.1177685102232             0 
 57888   57888           2.5 0.1115828874805             0 
  2272    2272           2.5 0.1169812798187             0 
 54112   54112           4.5             0 0.1187084869595 
 28430   28430           7.5 0.1176082394049             0 
 28247   28247           9.5             0 0.1240051969816 
 48956   48956          10.5 0.1320134960082             0 
 47698   47698           7.5             0 0.1130176813191 
 30107   30107           2.5 0.1209682751581             0 
 59156   59156           3.5 0.113656737812             0 
 39356   39356           4.5 0.1130704307192             0 
 51652   51652           1.5 0.1150470341103             0 
 61852   61852           8.5 0.113035886836             0 
 23447   23447           2.5 0.1114029768583             0 
 52309   52309           2.5 0.1101867024289             0 
 22132   22132           4.5 0.1211673163336             0 
 64131   64131           1.5             0 0.1167210231583 
 44985   44985           1.5 0.1112448643456             0 
 61855   61855           1.5 0.1147133039111             0 
 54598   54598           8.5 0.1208013890125             0 
 57531   57531           3.5             0 0.1176099303943 
 61248   61248           7.5 0.1367290264559             0 
 45649   45649           6.5 0.1101651089913             0 
 55968   55968           1.5 0.1108643697324             0 
  2098    2098           8.5 0.1142269621268             0 
 49608   49608           7.5             0 0.1180927570151 
 43425   43425           2.5 0.1128179922585             0 
 39590   39590           4.5 0.1122377598466             0 
 58917   58917           1.5             0 0.1194171226975 
 48948   48948           5.5 0.119875768271             0 
 53630   53630           5.5 0.1133169544742             0 
 46855   46855           5.5 0.1096867941414             0 
 46076   46076           4.5 0.1137539303702             0 
  6655    6655           2.5 0.1076756229329             0 
 57890   57890           3.5 0.1083272996478             0 
 62870   62870           6.5 0.1103416524852             0 
  4558    4558           6.5 0.108762851511             0 
 28496   28496           1.5 0.1100413848977             0 
 44929   44929           0.5             0 0.1106428872046 
 58967   58967           5.5 0.1094741117756             0 
 23565   23565           2.5 0.1089652295609             0 
 43915   43915           3.5 0.1112037724329             0 
 24109   24109           3.5 0.1148349415846             0 
 53927   53927           1.5             0 0.1133605654286 
 51656   51656           9.5 0.1136026543557             0 
 48352   48352           8.5             0 0.1102498609701 
 26448   26448           8.5 0.1113539512639             0 
 43909   43909           0.5 0.1139742888628             0 
 45288   45288          13.5 0.1232954455649             0 
 48952   48952          16.5             0 0.1159994273562 
 59756   59756           7.5 0.1229269769181             0 
 56875   56875           2.5 0.1069614581273             0 
  1678    1678           5.5 0.1071027520275             0 
 55905   55905           2.5 0.107467445602             0 
 39113   39113           3.5 0.107711187656             0 
 44274   44274           0.5 0.107243429984             0 
 62394   62394           3.5 0.114376236029             0 
 45946   45946           2.5 0.1068730770587             0 
   538     538           8.5             0 0.1064219540438 
  1308    1308           2.5 0.1078382456077             0 
 48591   48591           1.5 0.1052719030257             0 
 45887   45887           7.5 0.1052838292044             0 
 53329   53329           1.5 0.105138604026             0 
 34668   34668           4.5 0.109236269556             0 
 22545   22545           3.5 0.1063428476024             0 
 48835   48835          13.5             0 0.1064602004977 
 25555   25555           3.5 0.1184963688979             0 
   768     768           2.5 0.1058595564811             0 
 48598   48598           2.5 0.1064699073442             0 
 63225   63225           2.5 0.1099561167213             0 
 63229   63229           1.5 0.1091565435216             0 
 55913   55913           8.5 0.1077419580416             0 
 55075   55075           3.5 0.1056854953468             0 
 56336   56336           4.5 0.1053095269439             0 
 47392   47392           3.5 0.106075183462             0 
 31546   31546           3.5             0 0.1058388275248 
 63655   63655           4.5 0.1044531728825             0 
 49075   49075           1.5 0.1096764961458             0 
 23506   23506           2.5 0.1118913588915             0 
 48710   48710           4.5             0 0.1072816195785 
 22786   22786           2.5 0.1046850988674             0 
 52845   52845           2.5 0.1030021270185             0 
 62757   62757           2.5             0 0.1049589549351 
 52198   52198           7.5 0.1173154963361             0 
 64006   64006           4.5             0 0.1075483428058 
 44090   44090           4.5 0.1107193857587             0 
 64973   64973           4.5 0.1047238315827             0 
 57949   57949           4.5 0.1042002979597             0 
 38512   38512           4.5 0.1041222336312             0 
 20868   20868           4.5             0 0.1154515014198 
 22187   22187           6.5 0.115029379562             0 
 54056   54056           3.5             0 0.1130247282133 
 59876   59876           7.5 0.1088701982764             0 
 50388   50388           6.5 0.1050568278982             0 
 41693   41693           2.5 0.1044728562533             0 
 26154   26154           1.5 0.1056829447738             0 
 22736   22736           3.5 0.1032518941692             0 
  2455    2455           1.5 0.1021019705137             0 
 37135   37135           4.5 0.1033661206294             0 
 54118   54118           7.5             0 0.1032606727215 
 58316   58316           4.5 0.104340656197             0 
 44038   44038           8.5             0 0.1022830289442 
  1907    1907           4.5 0.1162046569471             0 
 56927   56927           0.5 0.1099501546962             0 
 24233   24233           2.5 0.1091896965838             0 
 29992   29992           1.5 0.1042305370284             0 
 52072   52072           6.5 0.1023723795949             0 
 50757   50757           2.5             0 0.1004286350855 
 64185   64185           4.5 0.115721415552             0 
 25488   25488           5.5             0 0.1060400794238 
 46726   46726           5.5 0.1161791713703             0 
 46787   46787           1.5 0.1053759338026             0 
 46137   46137           1.5 0.1036799488524             0 
 59572   59572           4.5 0.1027748165186             0 
 47210   47210           2.5 0.1015901150687             0 
 23036   23036           4.5 0.1031286386637             0 
 23929   23929           2.5 0.1024474136084             0 
   825     825           3.5 0.1001674390723             0 
 49856   49856          13.5             0 0.1028120064173 
 51056   51056          10.5 0.1215927136924             0 
 56509   56509           1.5 0.100491344599             0 
 25007   25007           3.5 0.0982240983706             0 
 29396   29396           9.5             0 0.1022190838567 
 33952   33952           8.5 0.1199839578669             0 
 25969   25969           2.5             0 0.1107775424736 
 56029   56029           9.5 0.1159572463482             0 
 43258   43258          11.5             0 0.1134268187795 
 22966   22966           3.5 0.1150069948736             0 
 46133   46133           2.5 0.1035884212558             0 
 37190   37190           3.5 0.1064381129405             0 
 25496   25496           2.5 0.1021998008015             0 
 23214   23214           1.5 0.1017838652399             0 
 57645   57645           3.5 0.1007571162948             0 
 54348   54348           3.5             0 0.1150072464325 
 31550   31550           4.5 0.1059350663853             0 
 29807   29807           9.5             0 0.1051251794505 
 24658   24658           9.5 0.1223151152238             0 
 51228   51228           2.5 0.1048546702238             0 
  4367    4367           4.5 0.1058924095089             0 
 51467   51467           1.5 0.1030177721768             0 
 22310   22310           4.5 0.1134785108773             0 
 42947   42947           8.5             0 0.1048038160633 
 58378   58378           7.5 0.1067914632645             0 
 29035   29035           3.5 0.1004254381554             0 
  3947    3947           5.5             0 0.1023063009341 
 58307   58307           4.5 0.1247010687924             0 
 27713   27713           2.5 0.09850406624195             0 
 57710   57710           2.5 0.09986471075255             0 
 50810   50810           9.5             0 0.1020096232858 
 60778   60778           6.5 0.1044420295448             0 
 50387   50387           3.5 0.09867391049348             0 
 32569   32569           3.5 0.1017113597618             0 
 45115   45115           2.5 0.1048149632909             0 
   289     289           1.5 0.1043528897197             0 
 60051   60051           0.5 0.09922711454618             0 
 53086   53086           3.5 0.09864838516536             0 
 48470   48470           7.5             0 0.1025815264407 
 50635   50635           8.5 0.106978737608             0 
 60897   60897           0.5 0.1026028282946             0 
 57174   57174           4.5 0.1009315517093             0 
 39288   39288           5.5 0.1023716274324             0 
 22126   22126           1.5 0.1014533387319             0 
 26276   26276           1.5 0.09808330287208             0 
 61669   61669           6.5             0 0.09810920800819 
 44805   44805           3.5 0.107159241516             0 
 44455   44455           1.5 0.1014902653315             0 
 44814   44814           1.5 0.1012398693476             0 
 45172   45172           1.5             0 0.1030899299913 
 44094   44094           1.5 0.09838364957374             0 
 54174   54174           3.5             0 0.1032521020062 
 23805   23805           4.5 0.1076747327133             0 
 13075   13075           1.5 0.09923639672965             0 
 17807   17807           2.5 0.0984063684454             0 
 55247   55247           3.5 0.09729031724071             0 
 60650   60650           7.5 0.09980315596771             0 
 57777   57777           2.5             0 0.1031257569321 
 35629   35629           6.5 0.1153102477476             0 
 50747   50747          10.5             0 0.1089282958024 
 20578   20578           8.5 0.108981824236             0 
 51838   51838           4.5 0.09911023818885             0 
 24706   24706           1.5 0.09787377285394             0 
 35869   35869           2.5 0.09940716518685             0 
 22728   22728           1.5 0.1007077160706             0 
 24416   24416           4.5 0.1033395540711             0 
 58245   58245           1.5 0.09869458600455             0 
 47818   47818           5.5 0.09824641421332             0 
 60173   60173           3.5 0.09877979669417             0 
 63535   63535           4.5 0.09607676167527             0 
  3225    3225           3.5 0.09737559982237             0 
 62088   62088           5.5 0.09829560649715             0 
 44205   44205           5.5 0.09824691044773             0 
 54415   54415           3.5             0 0.1079471391676 
 39653   39653           5.5 0.1095203160101             0 
 56388   56388           8.5             0 0.09888493643785 
 23758   23758           6.5 0.1046668425624             0 
 38096   38096           3.5 0.09981876286015             0 
  1787    1787           1.5 0.09792566271036             0 
 56269   56269           4.5 0.09673413944682             0 
 55848   55848           0.5 0.09834425459266             0 
 52798   52798           7.5 0.1020503537614             0 
