43727,
45228,
46016,
44035,
45295,
45775,
44747,
55069,
24835,
44868,
44933,
45536,
50213,
45348,
45768,
46790,
45110,
50516,
24115,
46256,
53152,
50695,
23627,
45410,
24956,
22127,
45236,
22968,
45829,
61369,
46667,
59688,
49736,
45047,
44029,
44570,
46610,
55610,
23088,
60048,
55912,
24895,
44509,
56396,
43668,
23573,
47332,
57348,
52909,
45285,
47635,
44389,
50269,
43853,
45353,
56752,
61252,
24355,
23147,
44215,
58315,
23635,
45713,
23212,
23029,
52127,
49549,
48290,
37307,
40012,
23807,
33172,
49010,
44695,
23752,
56209,
56267,
23932,
50515,
23027,
23153,
44336,
32269,
44088,
44867,
47212,
43856,
44628,
46616,
46607,
44635,
53989,
43728,
45108,
55552,
46015,
45653,
45287,
24175,
24775,
44095,
22067,
50090,
44993,
50456,
45888,
45592,
61312,
45468,
48053,
50995,
23330,
44396,
44810,
24236,
46135,
33349,
51708,
58908,
32812,
23750,
57827,
57289,
25016,
46729,
56750,
47096,
62035,
43973,
23687,
48529,
49732,
45708,
37549,
54055,
60828,
35452,
44330,
23028,
45229,
46196,
45652,
53930,
49135,
24776,
24233,
46555,
58485,
45293,
59629,
24049,
52786,
44518,
45345,
61313,
26445,
30109,
59455,
44036,
50987,
52012,
52492,
59573,
50270,
44808,
43605,
50876,
57892,
46850,
23755,
58129,
43969,
47752,
54536,
23575,
36955,
31253,
46915,
50633,
43369,
23568,
3418,
44745,
23150,
56213,
22727,
55796,
23512,
57772,
23267,
47451,
55972,
60776,
38029,
58138,
23272,
23148,
46733,
13732,
47575,
53092,
57536,
53387,
58975,
59575,
50930,
44875,
56993,
53458,
44565,
40487,
49007,
53868,
22487,
45950,
27290,
44268,
8038,
38447,
56696,
56515,
45889,
47446,
48353,
23690,
50692,
45168,
45956,
46909,
45296,
43796,
45467,
44687,
44575,
47449,
52969,
45476,
50996,
44688,
46488,
54350,
45169,
45773,
46848,
56633,
44987,
51648,
47756,
24356,
60047,
44269,
44208,
47510,
57833,
55009,
43370,
44870,
22007,
44815,
49073,
45056,
59635,
45593,
57288,
44456,
47213,
48950,
22908,
59696,
60769,
22428,
50816,
53392,
54830,
44686,
44145,
43970,
44207,
52135,
43488,
55973,
54772,
55612,
50215,
37196,
62265,
58488,
45538,
50511,
58069,
53088,
23867,
58192,
24412,
46316,
23093,
48349,
57887,
24295,
45346,
26212,
38812,
46908,
32389,
44932,
45465,
58912,
44513,
25010,
36292,
11452,
52187,
23685,
23695,
23089,
23688,
23207,
23210,
24055,
57533,
24590,
60895,
43495,
60650,
56930,
53926,
63588,
46492,
50936,
59089,
23747,
51778,
60949,
46730,
26270,
22970,
45050,
53147,
26027,
54833,
46315,
22485,
22849,
50388,
40428,
50156,
61075,
56755,
1248,
1967,
45358,
48105,
60718,
36107,
29276,
25308,
62213,
38689,
52495,
60772,
47813,
24415,
45830,
46076,
51170,
44387,
24836,
22189,
23813,
52668,
47807,
887,
53811,
47927,
23808,
51773,
21768,
59572,
54469,
50872,
57650,
52188,
23455,
44750,
38095,
51532,
43375,
51347,
54653,
53875,
59036,
50689,
45052,
44452,
23085,
53816,
23270,
45107,
47095,
37976,
61247,
25315,
54765,
47995,
48592,
51357,
44213,
61916,
4550,
54598,
44025,
25915,
37372,
51650,
50875,
59146,
34676,
23567,
46195,
57115,
33529,
22973,
1427,
45947,
46435,
43975,
51769,
43616,
45828,
46672,
45408,
46132,
50273,
44155,
44096,
46792,
45835,
44927,
50575,
59628,
44148,
45715,
55129,
58607,
43430,
44748,
47810,
47327,
60229,
52134,
56812,
45528,
49255,
47876,
44453,
52555,
23216,
46910,
45470,
23628,
32692,
57112,
54296,
56632,
23449,
44573,
23636,
56208,
47389,
43912,
54592,
54770,
46673,
45765,
47275,
52913,
52428,
34312,
44206,
60115,
53329,
40427,
60176,
22975,
47636,
57893,
43850,
58435,
50508,
23395,
38387,
31672,
60710,
52608,
60230,
56153,
23087,
45405,
23149,
52309,
54476,
43909,
22667,
43555,
43968,
57349,
23693,
60836,
47929,
40615,
24352,
46911,
53632,
45596,
46493,
52490,
60955,
767,
60233,
21948,
56688,
56990,
59515,
51651,
56456,
54232,
45347,
47036,
21770,
23215,
23810,
63655,
24825,
36889,
49376,
52258,
44985,
51895,
43614,
56149,
51290,
22848,
38088,
24896,
47392,
47156,
55968,
46786,
23746,
1067,
61132,
47818,
26388,
62456,
58376,
23218,
52728,
22547,
23749,
59930,
49489,
768,
45230,
51047,
25612,
56816,
22967,
60649,
44034,
24113,
23332,
52248,
36469,
54898,
60773,
43735,
45418,
61910,
27656,
24475,
31247,
50632,
36172,
25076,
39590,
62276,
947,
34855,
44807,
39347,
22310,
57238,
46608,
32333,
24410,
39050,
52845,
61315,
24950,
47814,
1978,
49127,
61258,
3235,
44448,
25129,
63649,
1610,
39409,
23578,
39175,
50392,
45109,
58247,
48170,
1612,
50455,
9172,
23096,
58546,
57708,
52132,
23273,
38872,
43665,
54956,
25425,
53866,
50928,
63595,
23565,
24538,
45705,
43794,
59086,
48413,
59756,
52487,
22736,
49495,
1188,
63296,
22912,
37256,
43787,
1558,
2272,
26448,
47986,
59032,
44274,
24169,
2330,
52789,
61376,
23508,
46136,
26267,
46726,
59206,
44205,
33656,
57955,
55966,
41693,
25255,
25130,
23927,
44455,
60945,
23748,
57405,
25069,
21769,
36168,
63056,
60770,
55913,
38512,
30290,
37138,
36230,
24658,
45946,
22489,
57355,
59511,
59156,
24946,
1907,
22966,
64730,
27773,
21589,
46011,
46075,
43428,
24767,
45890,
28430,
52067,
60897,
58733,
49436,
44685,
23208,
27658,
24176,
44626,
57175,
24345,
42773,
58918,
58438,
54716,
58252,
52138,
46368,
43667,
46547,
50150,
43855,
43736,
46495,
54053,
46072,
45115,
45527,
46375,
45769,
43608,
56575,
46128,
53087,
45590,
56627,
52430,
50210,
44627,
49730,
43435,
44328,
45650,
47747,
44508,
31249,
50576,
58848,
57952,
47753,
49555,
60835,
23156,
23509,
60109,
33892,
23155,
53869,
43852,
61852,
49368,
48652,
56692,
54532,
44334,
48055,
55910,
24715,
53695,
44633,
44147,
58495,
23035,
23815,
52074,
36592,
61316,
51055,
56929,
46615,
38028,
24716,
45298,
51718,
53690,
61976,
46851,
23625,
53447,
44393,
53395,
44390,
39288,
46853,
53925,
49075,
54473,
58553,
64368,
61915,
23626,
24296,
49186,
51046,
58375,
30107,
45116,
22792,
47933,
61195,
23090,
28489,
44089,
61370,
38218,
23086,
50573,
24235,
22005,
56756,
58972,
53396,
64853,
51652,
26156,
21718,
24472,
60655,
23570,
36769,
27116,
32690,
54287,
58969,
22608,
55013,
21828,
45949,
53568,
14878,
59033,
26213,
58070,
57593,
827,
60293,
1787,
36828,
54773,
46192,
62515,
57768,
57236,
23692,
52186,
24469,
63293,
1367,
23929,
43554,
27407,
48409,
52730,
22248,
27414,
3470,
47576,
23758,
23393,
36949,
51407,
56155,
49855,
56509,
57052,
59570,
23569,
55792,
39533,
56748,
46426,
51595,
36535,
23447,
51829,
1007,
42895,
44212,
36947,
53507,
25072,
41207,
48418,
3345,
25248,
52137,
22607,
35995,
63648,
43378,
60889,
59568,
50638,
34489,
61190,
47266,
23989,
25495,
23036,
22132,
44692,
27829,
58665,
47692,
54535,
23398,
1910,
46787,
22545,
35989,
58489,
18767,
40670,
59035,
51226,
47273,
24707,
62509,
22909,
37076,
52676,
59625,
29268,
20518,
39176,
26992,
1438,
43485,
54170,
50571,
26266,
56628,
45113,
46855,
62095,
52018,
36054,
48531,
41638,
43848,
24476,
51713,
48296,
53086,
22669,
44805,
58307,
23152,
61974,
33527,
56747,
23993,
51228,
44154,
41633,
24116,
37609,
56809,
1678,
56031,
45054,
51533,
31488,
50214,
48956,
28796,
49788,
61612,
57346,
30052,
25195,
45288,
50566,
52072,
56875,
38517,
59516,
44385,
58132,
22193,
60956,
51896,
60231,
53806,
62396,
23745,
47755,
43492,
36895,
57890,
47029,
61255,
17807,
22728,
45167,
61008,
24109,
22965,
62630,
46425,
43793,
53327,
59987,
31558,
53808,
56276,
21945,
23266,
46665,
18298,
45233,
40367,
43429,
32750,
37432,
57898,
63828,
22368,
48713,
24830,
47993,
58490,
57295,
54474,
60118,
47214,
58676,
49797,
27713,
59925,
62453,
23753,
53935,
51898,
25192,
44698,
37973,
2095,
59096,
3285,
52550,
29029,
51467,
33058,
43436,
45955,
38096,
472,
23268,
48958,
64010,
23030,
52665,
23507,
21708,
4668,
26153,
43548,
24598,
56387,
27118,
62085,
47208,
24886,
45710,
31314,
38093,
28496,
28848,
46137,
30173,
22786,
22068,
37367,
52247,
58556,
50929,
37910,
55310,
5455,
27598,
530,
52252,
27166,
44506,
23513,
61135,
51649,
60653,
49074,
59990,
53269,
29035,
24948,
56455,
55976,
38450,
57174,
19433,
24228,
54825,
