13372,
49079,
23421,
83104,
810,
52528,
44721,
12415,
49015,
94111,
59417,
52665,
67934,
12152,
74699,
21799,
82208,
69472,
52487,
79225,
88893,
49143,
80322,
48964,
22269,
13477,
95226,
10029,
54746,
33625,
96718,
94047,
82982,
62128,
30726,
73370,
21683,
161,
23357,
34354,
71795,
83168,
32289,
51440,
62274,
14454,
77416,
60184,
61760,
44657,
5475,
49460,
73945,
35200,
88006,
50967,
74763,
10206,
26396,
23485,
1119,
39445,
23426,
751,
35675,
21990,
26787,
13384,
42776,
22295,
78612,
43748,
66568,
15752,
40500,
52729,
78282,
57714,
38887,
69408,
34730,
35563,
44093,
21945,
65456,
43282,
57936,
52551,
91102,
68901,
29991,
50517,
12330,
81452,
869,
44781,
1962,
18775,
14659,
22245,
79586,
782,
4869,
74827,
55878,
49203,
40011,
51318,
8170,
80289,
12565,
53491,
12322,
92344,
51306,
39309,
91294,
95364,
47989,
67379,
24839,
71416,
48656,
9202,
24241,
7992,
58748,
53616,
67120,
22865,
21328,
53362,
27965,
1651,
43585,
87760,
87944,
27927,
9599,
21511,
66063,
8832,
58074,
8035,
41473,
69641,
32846,
18393,
14453,
58096,
6047,
77292,
27577,
66097,
17640,
30876,
23317,
43040,
49012,
80176,
55585,
54336,
71302,
9792,
31003,
51069,
48759,
29557,
12566,
77806,
49538,
68812,
32492,
35601,
57548,
74728,
12271,
14813,
2482,
23334,
69808,
18882,
7281,
47991,
31036,
87801,
1312,
28356,
66974,
84444,
8587,
22983,
44774,
68161,
27718,
33339,
27728,
12035,
1792,
40857,
87091,
2873,
60802,
1768,
90164,
35571,
1309,
90318,
3024,
59187,
11352,
39330,
669,
68118,
8994,
73713,
76496,
35732,
40502,
14446,
15560,
87653,
42128,
52517,
67864,
24262,
15897,
96655,
57515,
45593,
32208,
65097,
37333,
24804,
80882,
83606,
83222,
82969,
24763,
65517,
61750,
61461,
22007,
33448,
38928,
51635,
11826,
7455,
83377,
93770,
12313,
17029,
17749,
77802,
12563,
55381,
45961,
44971,
25388,
74315,
21877,
61912,
65522,
65051,
46324,
44129,
43662,
2387,
29997,
64840,
13378,
25399,
50149,
13037,
59597,
78091,
15394,
48177,
15907,
3643,
66622,
34859,
43103,
55384,
68551,
85329,
64580,
66680,
921,
24759,
31943,
51512,
88301,
94926,
47991,
95822,
928,
50052,
88832,
57040,
22065,
94862,
59441,
21542,
22657,
89133,
77086,
11235,
47927,
52119,
70386,
53489,
21826,
48833,
40476,
95886,
90975,
14493,
92761,
30790,
22717,
94094,
67227,
62392,
50116,
33625,
91148,
35506,
42493,
76718,
61824,
74354,
69907,
48055,
71923,
21619,
51306,
40043,
12271,
84236,
40500,
80241,
15752,
82867,
73945,
82598,
68848,
65233,
56976,
57790,
3479,
62886,
10262,
94990,
43693,
31956,
69803,
89664,
68435,
52183,
73634,
8199,
72090,
869,
35216,
85769,
91963,
21383,
15633,
95758,
49350,
22109,
45956,
77150,
27635,
23003,
16501,
93245,
56521,
26396,
30012,
13687,
93299,
43748,
84536,
27152,
89588,
6387,
43569,
2684,
6705,
38160,
25845,
55962,
53248,
87081,
14394,
20907,
56441,
44664,
27927,
26656,
8994,
62005,
13325,
32849,
10029,
48413,
27968,
72817,
72589,
58353,
11424,
36782,
31389,
49427,
586,
12448,
31964,
64823,
12624,
14284,
25220,
93220,
32364,
49016,
39474,
27965,
74905,
48026,
17285,
63097,
24292,
23601,
4381,
78612,
61104,
1792,
5398,
22694,
18389,
57442,
74728,
74600,
76289,
50428,
43808,
91698,
69751,
69280,
9674,
8034,
43323,
6106,
18177,
354,
90100,
72695,
9082,
59243,
49012,
49172,
52992,
15031,
16989,
64850,
13981,
80049,
9911,
58096,
54823,
44075,
91568,
94476,
83548,
90376,
88865,
10324,
8035,
6193,
58726,
61826,
33523,
21760,
2026,
89918,
28941,
48062,
12322,
64840,
78849,
80685,
43056,
27745,
10988,
34623,
36891,
44053,
52522,
11621,
72626,
40857,
4316,
19670,
19269,
60838,
76944,
32397,
95428,
70814,
26584,
44473,
79071,
62895,
41573,
36911,
32099,
9550,
11509,
74471,
62359,
82252,
48177,
18407,
80588,
26787,
66569,
1119,
59928,
74447,
80047,
27753,
45916,
10075,
54627,
74575,
83223,
30328,
50085,
33513,
56809,
89104,
90767,
8888,
30656,
11209,
22769,
45217,
4520,
12566,
49167,
63161,
42503,
23033,
29829,
18599,
61404,
65871,
37453,
44662,
45152,
33137,
3111,
10984,
6151,
37933,
8406,
15907,
87277,
67976,
32058,
51021,
25153,
22036,
23334,
7901,
52365,
67635,
32159,
68455,
91209,
34152,
8318,
55908,
79074,
32226,
29070,
4870,
6869,
38672,
61009,
44624,
8051,
35980,
21636,
47872,
11893,
21992,
48955,
57,
64620,
78130,
37893,
91294,
76640,
2313,
37062,
5371,
42622,
25137,
92874,
13822,
2670,
43585,
22832,
17158,
6503,
1959,
8637,
31641,
29948,
91357,
79006,
50097,
4286,
9460,
75441,
64401,
37676,
55808,
19498,
67619,
69132,
44237,
529,
8293,
47687,
69046,
65834,
7281,
50709,
70890,
76755,
75395,
77614,
44971,
9569,
8832,
74255,
8554,
26946,
23474,
14560,
37346,
37347,
76473,
27471,
28230,
52551,
44606,
33395,
1062,
79550,
78717,
91713,
46164,
4464,
13958,
97437,
42486,
25660,
8244,
66483,
69591,
32090,
58417,
1051,
4532,
25955,
12110,
84705,
12153,
9566,
36629,
18541,
27871,
29076,
11815,
21512,
226,
6548,
54338,
8310,
93009,
81000,
49057,
32289,
61143,
52477,
6911,
67093,
5433,
67864,
70834,
73891,
28408,
46867,
78448,
14717,
43389,
73827,
19391,
2182,
20,
74787,
8587,
72931,
59010,
80948,
58624,
4484,
33148,
42820,
97275,
60938,
88306,
76927,
33314,
42738,
27825,
49855,
58913,
7964,
10818,
45376,
1634,
25204,
57523,
90960,
55320,
69355,
10107,
69483,
97595,
56700,
708,
38963,
71482,
48778,
22201,
65799,
6960,
90357,
57924,
17688,
2449,
17029,
3945,
6805,
87664,
47057,
43759,
22874,
24183,
38118,
22568,
70185,
69220,
19477,
1279,
34373,
2419,
92146,
74681,
6194,
60667,
13999,
41534,
14437,
47233,
20885,
69909,
2008,
78672,
43627,
63923,
15510,
87768,
43596,
32133,
66866,
96374,
24839,
21629,
40317,
93336,
21510,
1317,
21704,
87746,
48408,
80939,
44768,
24208,
95119,
68524,
7196,
53709,
23362,
26748,
72199,
35601,
15881,
64595,
9202,
34795,
68032,
31246,
63993,
65034,
84672,
39208,
74216,
4043,
26470,
77790,
18882,
12900,
15084,
30203,
82530,
27160,
55679,
71729,
95751,
33405,
55685,
12303,
34860,
14250,
90392,
56523,
14754,
32132,
50180,
75252,
9468,
18406,
28618,
30060,
18388,
57642,
14857,
69673,
98207,
52323,
34382,
83606,
21328,
61912,
48768,
38215,
1218,
87488,
67442,
67641,
50849,
89077,
60039,
73417,
56545,
61650,
1717,
68674,
61649,
1490,
97807,
59186,
47799,
26373,
78105,
23156,
42098,
28791,
65783,
97438,
401,
88957,
50893,
991,
73803,
23293,
65719,
78046,
45873,
70617,
97374,
93342,
97455,
81913,
98178,
81943,
30916,
98127,
85755,
97972,
21424,
97663,
97192,
98282,
68579,
89021,
87809,
64823,
66763,
22192,
66567,
50957,
52402,
97565,
53857,
91100,
23455,
342,
97484,
42882,
29697,
59784,
98267,
50486,
97310,
53344,
62578,
97824,
22009,
35732,
73739,
59082,
97475,
38160,
10173,
66743,
94464,
1100,
85799,
97490,
93386,
2684,
32492,
98225,
78403,
22132,
15778,
94174,
42363,
32409,
73089,
98262,
21793,
26992,
69768,
97595,
21619,
50829,
69681,
37772,
97802,
60866,
50189,
7792,
40483,
1709,
79966,
98271,
39509,
42419,
5295,
12647,
47717,
1297,
69374,
11149,
97842,
24305,
49254,
52459,
23687,
79080,
89085,
26240,
21378,
4415,
78188,
38435,
97733,
93171,
6115,
460,
55720,
34554,
54786,
34411,
25784,
27567,
97472,
80404,
18820,
11354,
21328,
69657,
31033,
60092,
7601,
65522,
11324,
33377,
9557,
68812,
51003,
98012,
49326,
89067,
30982,
13375,
67157,
2419,
51578,
96606,
3007,
42560,
5427,
92742,
67952,
9569,
12965,
8081,
89713,
23426,
59164,
52378,
29933,
4272,
97963,
86761,
202,
18406,
39302,
44192,
84684,
97529,
51956,
49860,
96113,
66699,
52914,
65847,
73030,
37966,
37584,
18775,
17862,
48592,
85883,
88941,
78671,
38418,
25884,
98270,
48208,
82041,
18393,
47928,
61245,
841,
77820,
21771,
80751,
66355,
54718,
97478,
57249,
21874,
48824,
66981,
22786,
13509,
96018,
86322,
94632,
66716,
39414,
88006,
2326,
57714,
43976,
66063,
98257,
68140,
26856,
30951,
25361,
71793,
12203,
29185,
55948,
12035,
78155,
97956,
93020,
69911,
175,
30356,
42853,
72811,
14564,
70312,
69555,
52341,
6997,
29856,
56664,
11621,
70833,
58598,
57442,
18864,
26586,
56898,
39154,
68124,
14824,
54561,
15375,
11032,
50291,
31063,
28032,
15971,
84740,
41421,
62001,
78953,
3083,
25095,
5900,
66514,
28971,
97710,
56033,
19823,
74741,
46685,
96911,
12507,
2490,
17018,
27263,
7128,
25719,
78060,
98273,
1050,
10166,
94963,
94121,
46059,
94867,
7049,
29997,
54455,
13439,
72493,
20558,
1522,
21607,
17580,
53745,
7413,
29077,
97720,
87861,
625,
45972,
2387,
21572,
23515,
5554,
62073,
92889,
96443,
72635,
67993,
65792,
79006,
38557,
32310,
89551,
81584,
80798,
24105,
27690,
98288,
17565,
73652,
72872,
28700,
40058,
22338,
942,
59588,
40048,
15981,
6811,
22674,
32392,
28870,
50625,
9874,
6106,
18882,
12290,
88372,
14717,
42654,
42636,
43965,
22232,
90597,
1042,
88301,
61050,
18185,
58624,
10807,
43891,
97461,
20697,
18348,
32509,
69256,
88146,
84342,
47413,
86512,
60529,
39225,
74864,
10882,
45897,
65803,
42986,
46698,
45752,
60066,
18558,
69686,
97560,
78233,
23030,
70221,
43505,
87455,
18466,
14446,
43282,
52755,
66004,
93820,
12563,
50406,
39474,
33137,
27385,
33339,
41253,
97804,
44017,
38298,
84229,
3978,
52500,
22627,
39245,
68626,
49079,
87868,
81936,
751,
95886,
27726,
52487,
49143,
79671,
72841,
42780,
81452,
97796,
78046,
68097,
84940,
82000,
21324,
97579,
57485,
57075,
87804,
42561,
98013,
90713,
97752,
68888,
28686,
49015,
52389,
19,
840,
95822,
78282,
98122,
60018,
97460,
53672,
12310,
52551,
57587,
98287,
28124,
21447,
58495,
97483,
50876,
87932,
43265,
98265,
51061,
29172,
33344,
27790,
27739,
97445,
810,
24667,
43592,
25784,
73801,
52365,
74378,
98043,
87944,
82064,
31193,
65619,
80273,
97470,
55399,
43868,
36459,
23426,
33395,
98150,
22728,
84885,
13477,
60994,
2221,
42496,
81388,
91676,
78775,
92736,
9910,
22259,
97650,
26061,
55089,
28103,
14807,
28878,
33314,
56876,
98263,
80935,
52927,
68114,
70449,
73698,
97984,
38380,
48762,
66477,
11327,
25130,
57708,
69280,
71729,
27152,
37954,
4994,
97840,
61117,
97502,
22385,
13156,
24839,
13439,
65771,
33274,
59912,
79011,
14454,
74544,
7413,
28054,
98229,
93171,
25264,
85772,
55241,
17799,
49150,
33441,
15031,
42096,
67800,
61521,
8882,
51325,
47923,
32220,
9381,
52325,
77820,
14770,
32028,
95054,
95930,
98169,
90720,
44873,
21953,
48535,
42656,
48989,
93303,
43103,
48960,
3007,
6960,
46862,
60108,
21683,
71817,
15838,
53915,
49060,
92746,
48759,
34757,
64087,
24946,
68581,
92820,
98004,
53538,
23739,
25410,
1709,
52914,
53703,
16832,
47163,
351,
88575,
97442,
16512,
10818,
71380,
61945,
5434,
92146,
4129,
65522,
39135,
40569,
814,
4381,
27957,
98247,
23721,
26648,
78977,
88619,
79612,
45477,
35617,
75308,
12322,
47150,
43820,
90777,
80404,
97,
92028,
51025,
93424,
84476,
5565,
541,
43040,
58163,
62950,
65783,
22182,
75986,
43315,
70404,
80687,
78306,
98271,
76363,
1206,
41765,
92457,
60317,
6194,
67717,
67292,
84083,
43569,
96997,
43287,
9852,
2884,
67555,
40502,
23450,
69783,
51286,
9588,
81488,
28623,
14754,
98039,
4221,
19587,
343,
43743,
176,
16117,
35980,
42098,
18171,
2965,
31750,
34994,
35601,
27871,
36890,
60038,
88033,
45752,
48592,
43585,
69751,
98281,
61083,
94526,
28750,
87405,
37933,
52576,
57877,
85951,
94099,
18406,
19220,
32021,
65174,
69890,
62196,
97722,
95890,
14631,
71596,
77742,
97473,
57623,
15626,
65694,
49620,
28604,
41253,
13323,
78038,
85162,
50505,
285,
46656,
74999,
2751,
64949,
24262,
46698,
48117,
16449,
883,
21794,
17029,
15959,
3878,
81776,
87250,
13746,
55528,
69619,
32163,
86104,
65779,
93922,
88372,
5899,
10698,
98054,
90993,
12184,
81248,
44032,
27965,
1296,
42844,
78613,
37676,
12936,
58596,
91293,
97544,
38724,
35502,
63938,
46856,
89657,
38193,
67377,
766,
26681,
20885,
63987,
2517,
43751,
30294,
9952,
59597,
43430,
21874,
69256,
14659,
32158,
37827,
53776,
2825,
43518,
11445,
66799,
44781,
13037,
16265,
48856,
70731,
17741,
32604,
97718,
22145,
2937,
43323,
33339,
67958,
7474,
27892,
29140,
6525,
44957,
25029,
98051,
87081,
12093,
2746,
27067,
60601,
90586,
66793,
78114,
88693,
21831,
47611,
91486,
67226,
60529,
2256,
93440,
33619,
329,
92247,
61399,
97131,
20,
6853,
15376,
52532,
53547,
25361,
18185,
16532,
6712,
90042,
40128,
93198,
14925,
63707,
65726,
66827,
27588,
65772,
31268,
30982,
13324,
55327,
65792,
29558,
96911,
68755,
93086,
55979,
97018,
92784,
86085,
37818,
7374,
74913,
37426,
27613,
38064,
54963,
55826,
21052,
18682,
59687,
27031,
7154,
46618,
24427,
97498,
47170,
35764,
3439,
1249,
6446,
88328,
97677,
78403,
67221,
35711,
88834,
30966,
41,
57714,
2984,
11783,
88903,
24732,
89713,
41534,
77953,
92481,
7743,
38882,
72399,
59877,
55749,
59024,
63107,
10166,
6297,
15801,
26449,
92644,
2342,
7865,
97440,
52616,
21902,
62005,
11185,
89788,
11719,
79705,
83606,
1592,
54455,
28899,
38719,
38264,
2387,
10575,
46889,
26373,
8891,
6350,
78960,
63843,
67767,
50231,
28872,
69755,
48905,
40410,
33148,
4272,
47602,
29948,
98157,
8408,
9557,
46234,
25882,
47174,
66560,
81785,
46887,
14227,
14446,
11893,
20472,
27690,
881,
65147,
41520,
21826,
91209,
9360,
81396,
78654,
225,
1119,
23012,
38916,
15090,
94065,
97838,
35477,
42754,
23033,
2684,
28704,
50135,
25060,
76233,
43054,
45088,
23679,
22566,
46874,
2182,
27654,
98259,
26351,
760,
97387,
29997,
16021,
16433,
95943,
56572,
13646,
29557,
55726,
65521,
74374,
11938,
23654,
10766,
9892,
1405,
30755,
21622,
32409,
23025,
24160,
79918,
49481,
78766,
78800,
9376,
85561,
39445,
47733,
79550,
88578,
66514,
12876,
48949,
95836,
28787,
4065,
68473,
51005,
63934,
24190,
40500,
84342,
33185,
53235,
38781,
62045,
5295,
2561,
91467,
72635,
66645,
2044,
41278,
63622,
52913,
21646,
89133,
66743,
23357,
53153,
42562,
92431,
22426,
23191,
30983,
88301,
21824,
72883,
65783,
23297,
52247,
93786,
49210,
29574,
1119,
45769,
53089,
57555,
58074,
49414,
66679,
52665,
220,
76755,
89965,
51250,
92367,
79986,
57794,
70306,
37283,
23293,
22295,
42626,
37808,
21713,
73159,
43941,
78421,
98090,
3479,
98192,
53350,
49211,
21427,
75441,
34686,
96174,
40011,
34610,
97439,
25681,
63157,
33436,
21439,
86289,
14689,
69132,
18139,
53217,
52124,
23578,
29944,
32340,
67703,
55854,
15614,
25845,
57728,
8112,
98055,
12860,
23421,
1308,
26688,
24763,
69027,
68433,
178,
85876,
51552,
59886,
63968,
21850,
32025,
28472,
22145,
98135,
57515,
52183,
24663,
1633,
60667,
51489,
17206,
58088,
7281,
67635,
86628,
53772,
805,
78046,
56809,
7255,
29893,
72947,
16560,
31297,
98268,
4477,
77498,
30329,
79282,
12444,
96308,
39982,
93402,
58624,
40857,
662,
39347,
37062,
24637,
87243,
65001,
28230,
56634,
90461,
48978,
29895,
30429,
96580,
20430,
19705,
91594,
47351,
95,
29012,
2760,
27555,
21860,
61978,
21510,
78510,
21601,
91825,
91581,
32307,
93487,
74344,
60426,
10324,
98050,
32058,
91968,
13627,
91792,
18541,
24213,
50880,
22039,
36293,
33948,
33267,
43520,
22109,
51657,
66807,
69069,
33449,
12257,
8994,
8274,
33132,
20390,
47989,
42776,
60325,
8081,
65276,
28623,
59035,
38280,
68670,
20520,
90392,
58737,
40539,
60999,
21374,
89744,
36798,
56450,
74504,
95890,
62789,
42126,
47615,
45839,
426,
78717,
88601,
44129,
55954,
14228,
53649,
40474,
52850,
2215,
751,
61750,
5294,
12251,
43569,
43152,
95728,
35739,
20525,
56866,
72738,
67734,
31035,
86862,
13097,
14248,
11384,
64214,
51635,
98180,
25220,
86011,
8290,
61763,
60965,
60796,
30328,
95494,
22436,
75828,
21329,
43743,
27273,
11509,
17046,
31078,
5131,
96837,
57491,
38168,
2670,
77713,
71117,
87868,
61940,
57662,
14679,
51370,
97152,
17580,
89354,
22194,
78368,
6805,
50519,
50480,
1109,
88756,
78284,
60133,
97595,
46811,
22504,
42749,
12303,
95404,
35601,
98017,
24840,
62502,
25138,
70750,
23025,
88579,
991,
23135,
12563,
32180,
4360,
64840,
10482,
63752,
10424,
84254,
17153,
52436,
71890,
34971,
4333,
34829,
93609,
96882,
5386,
64862,
62886,
79210,
3303,
75572,
44929,
64340,
95789,
65142,
77391,
87390,
68905,
78300,
55458,
5475,
5098,
5630,
76698,
70232,
85516,
82418,
33147,
5211,
11848,
24551,
1313,
9312,
22874,
11504,
88318,
19822,
77040,
38668,
29701,
56884,
55195,
10691,
75393,
38808,
47475,
16051,
18919,
52193,
29923,
86755,
8554,
69721,
33768,
63097,
7362,
51103,
23231,
40497,
12624,
21878,
13826,
15907,
2561,
34371,
59709,
17195,
73528,
72696,
10754,
34097,
10093,
19391,
46498,
31943,
18111,
48241,
73513,
5093,
1792,
8623,
87933,
76409,
40317,
59010,
8781,
29357,
65974,
98280,
5031,
36864,
88424,
6636,
51599,
53669,
66477,
81684,
68610,
71950,
51551,
25956,
61408,
39644,
39888,
39867,
58509,
5585,
97440,
11622,
69526,
22664,
38183,
65272,
1957,
13680,
26522,
53069,
59051,
35268,
68061,
78200,
55675,
22449,
25378,
24185,
605,
70534,
47147,
69799,
73250,
79789,
45803,
24041,
54217,
55062,
27398,
63085,
60569,
2833,
60531,
40412,
18265,
117,
85313,
74447,
93026,
53129,
8714,
31923,
19869,
1245,
97077,
16535,
15881,
25146,
62838,
34608,
37993,
42098,
13375,
30777,
24208,
78001,
29456,
38221,
72761,
74614,
21378,
62968,
46414,
93182,
3285,
67533,
82252,
29991,
2783,
44290,
66758,
47103,
35563,
69184,
30527,
66989,
97435,
91442,
61404,
28053,
92291,
61868,
25384,
82038,
4448,
21521,
48416,
37643,
29206,
11150,
18799,
58869,
27039,
89501,
65703,
63745,
11826,
11813,
26374,
9236,
57436,
59529,
96357,
1996,
7177,
90435,
39330,
39250,
17276,
22373,
1298,
24940,
25649,
32406,
11708,
54402,
13783,
88306,
77129,
64782,
71539,
14952,
80176,
15619,
75633,
21616,
6780,
36083,
33255,
98230,
84215,
43266,
7269,
39783,
12389,
51117,
38313,
28736,
19670,
23750,
76742,
64644,
78596,
64836,
76735,
71415,
14813,
33260,
6626,
6796,
27942,
42670,
38899,
588,
79996,
7,
53288,
58179,
68354,
89530,
52155,
30940,
12823,
44541,
47266,
92328,
61341,
64804,
60323,
66019,
58627,
61342,
57059,
58635,
28769,
85201,
64314,
38009,
67576,
93179,
20531,
89188,
63974,
24278,
21648,
1576,
1204,
18448,
18503,
38254,
37796,
32492,
12322,
50383,
95624,
17625,
32225,
98041,
10722,
76656,
78320,
44976,
45225,
38252,
50425,
37061,
50356,
7183,
39263,
8340,
18236,
36911,
23648,
55908,
84649,
1218,
34795,
12744,
67379,
56602,
14446,
70703,
20675,
85013,
34623,
90390,
56679,
64858,
18583,
56938,
72477,
11169,
46164,
30419,
4520,
7091,
66569,
2873,
91353,
46438,
32846,
97732,
12927,
57830,
95755,
57053,
26585,
58097,
17557,
58610,
97471,
352,
79010,
95445,
68476,
9792,
58609,
6106,
58329,
7455,
52623,
45833,
63818,
63843,
36763,
15129,
1168,
80636,
50227,
1522,
80875,
30060,
90161,
69552,
92177,
228,
48926,
8454,
64949,
2500,
48379,
3774,
12579,
10782,
34561,
6576,
81946,
71544,
78672,
88953,
76629,
74613,
57924,
61298,
50291,
13565,
85104,
21052,
45393,
26155,
56986,
40107,
46937,
13433,
12094,
17915,
17876,
14951,
74676,
2313,
97905,
8553,
82598,
78110,
91444,
6687,
31176,
63478,
62773,
46597,
24308,
64957,
93434,
92005,
69619,
4824,
38491,
27160,
64379,
10586,
47611,
42056,
15074,
2769,
73132,
40031,
4649,
46198,
58224,
61504,
7218,
78039,
33818,
27634,
31686,
28704,
44229,
9980,
12858,
27420,
401,
43751,
82172,
25020,
91672,
85258,
90251,
77729,
69761,
91846,
90319,
44398,
62771,
34290,
85306,
98014,
74728,
97748,
88006,
35251,
35977,
29006,
28700,
852,
26748,
2026,
55227,
73945,
46773,
37129,
32283,
35636,
15566,
22241,
70516,
59044,
72855,
9142,
93055,
75219,
97485,
50085,
40188,
41459,
54537,
12409,
91423,
74471,
97804,
6910,
17471,
44758,
95233,
52822,
73746,
7298,
92437,
34730,
8894,
80835,
75045,
84682,
21873,
1719,
21629,
38513,
93615,
79168,
68643,
1765,
85777,
92545,
27689,
55589,
4870,
4364,
73610,
14985,
54746,
65280,
70293,
60195,
55549,
82530,
86109,
10080,
95870,
19437,
1279,
50934,
7702,
39191,
89527,
7373,
10000,
38058,
70066,
84575,
95572,
82476,
57569,
15979,
81046,
56881,
42214,
72834,
43104,
71053,
53708,
93105,
17106,
50365,
93134,
81952,
39309,
71195,
18176,
37098,
50053,
412,
70396,
91548,
102,
71376,
68735,
38924,
36587,
58818,
84868,
78681,
81348,
37818,
56768,
21034,
27957,
20955,
19917,
1062,
81678,
31451,
33749,
47235,
22496,
60115,
1784,
25334,
3560,
56924,
63678,
18820,
74758,
46460,
45570,
65958,
58282,
349,
41531,
51527,
25439,
46894,
10553,
25027,
1479,
4480,
32335,
87412,
84924,
71011,
18393,
1362,
49196,
8170,
1644,
91038,
7516,
52200,
13438,
89661,
24090,
29061,
2569,
1545,
32361,
9460,
16900,
14390,
26796,
12704,
77639,
14581,
64073,
11750,
42417,
60122,
5973,
12990,
57015,
23317,
1285,
9023,
16371,
23904,
57911,
11902,
98151,
7587,
38256,
27927,
2884,
29127,
20862,
46732,
17311,
49277,
56267,
33092,
25167,
55432,
34437,
63590,
2584,
46265,
40411,
19425,
84343,
56545,
41296,
43437,
45713,
61833,
33299,
63817,
42557,
35948,
5062,
6040,
88766,
63570,
25309,
22168,
51063,
23420,
92783,
42257,
9152,
13744,
92611,
53187,
17694,
7305,
51414,
51091,
52531,
20459,
63707,
45653,
3478,
40500,
92890,
30783,
7339,
66923,
31069,
37580,
34713,
54823,
49057,
65702,
4923,
47000,
64792,
81715,
9867,
79667,
6266,
90095,
49538,
41467,
27921,
81873,
53397,
49289,
17291,
16387,
55605,
57123,
6382,
9833,
38682,
19269,
17482,
72562,
37928,
28987,
22100,
56577,
68782,
65177,
32123,
58868,
14592,
73457,
12052,
21311,
29837,
61496,
91092,
87507,
23931,
55363,
12101,
81703,
15364,
72706,
42907,
41473,
35891,
43799,
61617,
43270,
87091,
8199,
1716,
89151,
45633,
45099,
67640,
38275,
22108,
51142,
62778,
76252,
60950,
9569,
45217,
23236,
34920,
10108,
38427,
18599,
40385,
81482,
47169,
12242,
78364,
79539,
25841,
32566,
32220,
48342,
33579,
37670,
1571,
31907,
54183,
55308,
59659,
24215,
42583,
84690,
30764,
98284,
11236,
61037,
37888,
71635,
37831,
68714,
51229,
43593,
10010,
17082,
25088,
28906,
62009,
87606,
622,
46861,
47893,
46788,
97988,
27653,
76344,
61521,
89420,
67511,
19285,
40055,
43185,
9598,
67395,
44029,
68949,
71561,
70601,
67091,
3901,
75005,
2341,
65051,
37799,
41394,
41210,
64887,
53616,
31517,
1490,
88398,
17233,
7711,
81526,
32253,
22393,
67351,
52053,
46711,
12856,
6858,
11538,
9307,
46003,
46787,
36818,
57463,
66300,
11249,
63048,
61691,
45318,
25302,
75004,
77921,
15403,
78941,
44561,
12625,
84975,
73489,
34520,
12290,
42425,
24356,
18988,
11861,
80155,
21686,
17127,
56892,
32976,
68140,
67948,
29850,
18407,
27274,
55320,
62992,
76372,
85068,
38177,
37927,
76142,
97394,
31328,
87932,
46953,
25452,
84186,
97629,
42368,
41435,
1206,
61877,
4623,
5260,
26573,
76496,
28671,
23045,
20726,
28998,
2492,
873,
18513,
8506,
24097,
64781,
4430,
23106,
5893,
47708,
43779,
89682,
80839,
42589,
1286,
22574,
22262,
4952,
37676,
58792,
79074,
60466,
1940,
91369,
26704,
15801,
81073,
87650,
60683,
40111,
15544,
70416,
98239,
5683,
43681,
46267,
93332,
