3.8966,
0.942809,
0.760348,
0.629593,
0.557388,
0.505082,
0.461443,
0.423552,
0.451679,
0.429174,
0.378542,
0.350383,
0.326792,
0.313623,
0.294841,
0.306401,
0.259184,
0.273866,
0.259472,
0.243066,
0.229073,
0.233187,
0.231853,
0.230822,
0.221989,
0.224814,
0.209817,
0.213931,
0.202298,
0.18906,
0.199075,
0.191287,
0.201775,
0.186078,
0.183127,
0.176842,
0.175326,
0.170471,
0.172879,
0.178175,
0.163411,
0.172119,
0.163999,
0.17167,
0.167334,
0.162544,
0.164633,
0.156239,
0.164574,
0.161343,
0.159918,
0.152341,
0.1595,
0.194992,
0.157009,
0.149122,
0.15633,
0.17115,
0.148603,
0.146973,
0.147183,
0.14465,
0.14039,
0.145828,
0.142632,
0.160497,
0.139513,
0.142255,
0.136383,
0.129692,
0.134021,
0.151975,
0.134306,
0.131761,
0.129676,
0.131018,
0.128171,
0.134408,
0.128279,
0.133584,
0.125022,
0.127102,
0.121352,
0.128629,
0.127122,
0.127071,
0.126382,
0.121147,
0.128976,
0.127508,
0.125154,
0.120904,
0.12078,
0.121519,
0.118042,
0.121476,
0.121471,
0.119309,
0.120309,
0.127318,
0.120626,
0.118466,
0.118445,
0.122059,
0.115899,
0.119146,
0.115735,
0.116731,
0.122498,
0.127185,
0.125765,
0.119498,
0.136756,
0.115978,
0.120922,
0.117154,
0.110973,
0.111317,
0.115733,
0.130144,
0.116439,
0.115598,
0.113238,
0.112094,
0.116588,
0.132773,
0.116889,
0.111356,
0.1116,
0.11334,
0.111645,
0.107623,
0.110196,
0.117105,
0.111346,
0.113873,
0.115022,
0.112627,
0.107207,
0.106481,
0.112002,
0.114225,
0.109087,
0.111658,
0.107661,
0.107114,
0.105431,
0.108199,
0.121137,
0.126561,
0.114456,
0.108473,
0.11383,
0.113618,
0.11115,
0.106157,
0.107037,
0.108031,
0.105435,
0.110532,
0.106159,
0.100985,
0.104454,
0.104385,
0.106333,
0.102012,
0.104405,
0.102044,
0.107116,
0.105146,
0.106672,
0.104017,
0.110786,
0.107026,
0.100635,
0.102511,
0.124183,
0.111272,
0.102427,
0.101982,
0.104885,
0.105392,
0.106712,
0.106532,
0.110886,
0.100038,
0.10068,
0.0993942,
0.108602,
0.107938,
0.123161,
0.113191,
0.10069,
0.103968,
0.106066,
0.100341,
0.0983235,
0.0980402,
0.105786,
0.104073,
0.10575,
0.105786,
0.100452,
0.101228,
0.103774,
0.0994704,
0.101096,
0.0990454,
0.0988255,
0.105584,
0.0985295,
0.0957085,
0.0978085,
0.0962519,
0.101967,
0.0991876,
0.096566,
0.0971105,
0.0958737,
0.0963854,
0.0940287,
0.100053,
0.103945,
0.0960351,
0.0978342,
0.096321,
0.0961498,
0.107247,
0.101992,
0.0954076,
0.0969154,
0.0957408,
0.0983381,
0.099561,
0.101565,
0.0999796,
0.105633,
0.0985749,
0.09825,
0.0947964,
0.0991374,
0.0926389,
0.0929162,
0.0957485,
0.0963688,
0.0963841,
0.0953753,
0.0981537,
0.0921616,
0.0964731,
0.096059,
0.112847,
0.101459,
0.0940848,
0.0923412,
0.0958568,
0.10482,
0.0959043,
0.0957673,
0.103224,
0.093538,
0.0924639,
0.0917082,
0.0965136,
0.095234,
0.0999403,
0.104725,
0.102259,
0.0928383,
0.0921877,
0.0975199,
0.0915631,
0.0949785,
0.0956464,
0.0922018,
0.0959667,
0.0935372,
0.0924499,
0.0909134,
0.0908014,
0.0917008,
0.0912308,
0.0923969,
0.0892728,
0.0918091,
0.0947543,
0.0917889,
0.0915604,
0.0919279,
0.0936789,
0.0916407,
4.18813,
0.874814,
0.749589,
0.61962,
0.517937,
0.454849,
0.408018,
0.3676,
0.340947,
0.317992,
0.315513,
0.32735,
0.316094,
0.280737,
0.271137,
0.297952,
0.273192,
0.266253,
0.27692,
0.250644,
0.243717,
0.231076,
0.218403,
0.21097,
0.222887,
0.20954,
0.202728,
0.19764,
0.201139,
0.181373,
0.188142,
0.194038,
0.190088,
0.178735,
0.182885,
0.17571,
0.168034,
0.163434,
0.172519,
0.165444,
0.155644,
0.149114,
0.158231,
0.152565,
0.150295,
0.151414,
0.141025,
0.149943,
0.141695,
0.138406,
0.134282,
0.131701,
0.133243,
0.129497,
0.17957,
0.137381,
0.142792,
0.129418,
0.130957,
0.126937,
0.12319,
0.123214,
0.123081,
0.124535,
0.129756,
0.127572,
0.130879,
0.120627,
0.121628,
0.125935,
0.124764,
0.120202,
0.118508,
0.120826,
0.121626,
0.124128,
0.117167,
0.117351,
0.114462,
0.133225,
0.122243,
0.113912,
0.126777,
0.122662,
0.11691,
0.111019,
0.112287,
0.115353,
0.112628,
0.111891,
0.109792,
0.110237,
0.121435,
0.114402,
0.115639,
0.112081,
0.109618,
0.113415,
0.117952,
0.113619,
0.109404,
0.110369,
0.108289,
0.117782,
0.122504,
0.117593,
0.118611,
0.109426,
0.11205,
0.10404,
0.106263,
0.101769,
0.112001,
0.106931,
0.293337,
0.284844,
0.100449,
0.102089,
0.104882,
0.106593,
0.10442,
0.105911,
0.1013,
0.118788,
0.122506,
0.108861,
0.100798,
0.0999381,
0.101535,
0.104451,
0.106644,
0.11708,
0.104724,
0.104305,
0.105548,
0.10049,
0.100543,
0.107657,
0.101794,
0.0950977,
0.105577,
0.114228,
0.0993635,
0.0981919,
0.109202,
0.108861,
0.104997,
0.107274,
0.109248,
0.099911,
0.100365,
0.105753,
0.131452,
0.123497,
0.10066,
0.0984832,
0.0972756,
0.0956945,
0.095509,
0.0956599,
0.0943409,
0.10115,
0.109576,
0.105055,
0.111564,
0.101331,
0.0969461,
0.0988122,
0.0966544,
0.108459,
0.0976216,
0.0991543,
0.0987079,
0.0971015,
0.0990557,
0.0957011,
0.105856,
0.101348,
0.0999444,
0.105817,
0.102625,
0.106316,
0.100621,
0.105208,
0.106178,
0.100578,
0.100677,
0.0969692,
0.094976,
0.0936859,
0.0929802,
0.099268,
0.0951063,
0.0952244,
0.0928928,
0.0920889,
0.0988935,
0.099938,
0.10004,
0.0959672,
0.0924711,
0.0999884,
0.10432,
0.0983867,
0.0945761,
0.0989565,
0.095022,
0.0920346,
0.090401,
0.105491,
0.105137,
0.0929468,
0.0940346,
0.0972719,
0.0991816,
0.0947794,
0.0959269,
0.0901562,
0.0930415,
0.0946901,
0.0927153,
0.0972246,
0.0926069,
0.0914539,
0.091656,
0.0952282,
0.093538,
0.0936104,
0.0911978,
0.0938164,
0.0922398,
0.0930459,
0.0957061,
0.108257,
0.100541,
0.108824,
0.0934184,
0.0949029,
0.0940792,
0.0980964,
0.0949259,
0.0946554,
0.0903092,
0.0971877,
0.0924507,
0.0895668,
0.0908989,
0.0915049,
0.089956,
0.0886443,
0.0911204,
0.101102,
0.0936059,
0.096233,
0.0898955,
0.0913337,
0.0951697,
0.10041,
0.103488,
0.0933665,
0.0924861,
0.0927745,
0.0918376,
0.0911471,
0.0894692,
0.0877104,
0.093168,
0.0938204,
0.0890047,
0.0956605,
0.0895073,
0.0900829,
0.0875535,
0.0924569,
0.0942985,
0.0919409,
0.0871315,
0.0866795,
0.0900262,
0.0945248,
0.0911644,
0.0898585,
0.0864748,
0.0868771,
0.0878941,
0.0865773,
0.0888595,
0.0938864,
0.0896168,
0.0855364,
0.101697,
0.094373,
0.0875875,
0.095178,
0.0843629,
0.0856584,
0.0853033,
0.0882857,
0.0922533,
0.0969434,
0.0915669,
0.0873615,
0.08941,
0.0861746,
0.0854079,
0.084964,
0.0857445,
0.0924172,
0.103421,
0.0989913,
0.0950012,
0.0915154,
0.0873965,
0.086376,
0.0951084,
0.0888243,
0.0905458,
0.0862256,
0.0889241,
0.0867269,
0.0850733,
0.0861154,
0.0833103,
0.0846207,
0.0829101,
0.0813894,
0.0827275,
0.0950646,
0.0851986,
0.090957,
0.089427,
0.0968604,
0.0867584,
0.0893314,
0.0873333,
0.085055,
0.089696,
0.0903561,
0.0893584,
0.0841658,
0.0864827,
0.0959186,
0.0884621,
0.0860582,
0.0843321,
0.0827129,
0.0851476,
0.0881277,
0.0877514,
0.0910217,
0.082622,
0.0818408,
0.083469,
0.09829,
0.0972444,
0.093793,
0.095786,
0.0832426,
0.107302,
0.0914367,
0.0959547,
0.0839489,
0.0925657,
0.0889209,
0.0847719,
0.0903912,
0.0861125,
0.0940224,
0.0885296,
0.0959745,
0.088626,
0.0848606,
0.0864512,
0.0892152,
0.0898096,
0.0891874,
0.0861783,
0.0845305,
0.0953713,
0.0867964,
0.0829891,
0.0861356,
0.0829998,
0.0913217,
0.099914,
0.0935848,
0.0979093,
0.089548,
0.0892805,
0.0929081,
0.0886794,
0.0851088,
0.0868832,
0.0885805,
0.0848081,
0.0836943,
0.0823032,
0.0844532,
0.0831181,
0.0829814,
0.0820498,
0.0927316,
0.0836899,
0.0878637,
0.0851441,
0.0958966,
0.0846198,
0.083949,
0.0855428,
0.0882144,
0.0948558,
0.0863245,
0.0810742,
0.0843897,
0.121126,
0.0861929,
0.0853061,
0.083125,
0.0838293,
0.0841295,
0.13642,
0.0913575,
0.0837047,
0.088197,
0.109281,
0.0860181,
0.0835793,
0.0839342,
0.0827441,
0.0806207,
0.0811803,
0.0856162,
0.0889293,
0.0823378,
0.083686,
0.0897648,
0.079781,
0.0835606,
0.0901867,
0.0796566,
0.0807938,
0.088239,
0.0844493,
0.0793557,
0.0819767,
0.0815652,
0.0793536,
0.0804784,
0.0847974,
0.0842982,
0.0833203,
0.0808892,
0.0873109,
0.0848612,
0.0820822,
0.0943895,
0.0913224,
0.0820357,
0.0852964,
0.0795134,
0.0841429,
0.0816222,
0.0888713,
0.0930304,
0.0932493,
0.0896219,
0.0912534,
0.0829205,
0.0901577,
0.0819169,
0.0884265,
0.0823393,
0.0823676,
0.0808979,
0.0814418,
0.0864974,
0.0839532,
0.0806566,
0.08154,
0.0793156,
0.0855484,
0.0844939,
0.0836063,
0.112296,
0.080145,
0.0838281,
0.081614,
0.0883505,
0.0872949,
0.083532,
0.0834465,
0.0828536,
0.080422,
0.0826473,
0.0806781,
0.0807819,
0.0810224,
0.0827336,
0.0802134,
0.0818464,
0.0846391,
0.0823689,
0.0798646,
0.0821393,
0.0856234,
0.0889704,
0.0952824,
0.0819173,
0.0799634,
0.0805604,
0.0816913,
0.083689,
0.080007,
0.0798288,
0.0804725,
0.0866385,
0.0898707,
0.085995,
0.0823549,
0.0803881,
0.0789784,
0.0845334,
0.0791181,
0.0812077,
0.0816523,
0.0854903,
0.0803411,
0.0812732,
0.0804843,
0.0819994,
0.0804579,
0.0834475,
0.129845,
0.0814573,
0.0825739,
0.08228,
0.0882166,
0.0853865,
0.0859572,
0.0783754,
0.0811193,
0.0816086,
0.0833564,
0.0845592,
0.0794279,
0.0810068,
0.0834477,
0.0814397,
0.0814044,
0.0875553,
0.0810565,
0.0847228,
0.0870633,
0.0867878,
0.0845506,
0.0797785,
0.0802622,
0.0792832,
0.0893117,
0.0797928,
0.0878787,
0.0814901,
0.0834201,
0.0804561,
0.084129,
0.0886098,
0.0825297,
0.0834116,
0.0814561,
0.0804194,
0.0777078,
0.0809198,
0.0882309,
0.0774376,
0.0834617,
0.0773007,
0.0839291,
0.0855641,
0.079996,
0.0786527,
0.0793863,
0.0782058,
0.0850808,
0.0822774,
0.08072,
0.081912,
0.082166,
0.0815522,
0.0809481,
0.0878249,
0.0829036,
0.0830268,
3.89504,
0.841217,
0.701823,
0.594718,
0.505935,
0.444071,
0.398573,
0.34744,
0.319743,
0.318388,
0.330323,
0.431217,
0.298571,
0.303866,
0.307619,
0.290384,
0.284676,
0.261257,
0.280166,
0.241064,
0.239339,
0.252816,
0.231023,
0.239432,
0.222649,
0.225226,
0.209259,
0.20888,
0.209503,
0.20829,
0.19825,
0.212212,
0.189894,
0.186005,
0.197001,
0.187911,
0.192805,
0.191883,
0.179762,
0.174621,
0.171484,
0.179696,
0.177765,
0.170286,
0.168933,
0.176932,
0.164907,
0.162769,
0.160484,
0.156446,
0.155257,
0.155876,
0.148782,
0.152625,
0.155445,
0.158987,
0.158032,
0.1511,
0.155175,
0.154401,
0.143779,
0.147919,
0.146447,
0.145931,
0.141192,
0.147719,
0.144536,
0.14616,
0.185881,
0.137901,
0.136458,
0.141798,
0.137515,
0.132635,
0.129805,
0.143532,
0.130436,
0.123401,
0.128807,
0.136927,
0.121173,
0.126438,
0.120749,
0.124834,
0.130574,
0.124214,
0.121673,
0.122326,
0.12308,
0.126769,
0.14006,
0.122343,
0.117555,
0.116909,
0.121526,
0.115599,
0.118087,
0.118837,
0.113223,
0.11365,
0.119095,
0.124188,
0.116101,
0.110321,
0.111595,
0.113469,
0.111326,
0.112131,
0.111766,
0.110665,
0.110304,
0.109393,
0.118728,
0.12199,
0.110475,
0.108005,
0.106476,
0.10734,
0.108377,
0.113029,
0.105136,
0.12775,
0.112087,
0.122171,
0.1054,
0.108181,
0.104744,
0.105526,
0.104204,
0.104641,
0.109108,
0.111363,
0.109227,
0.10786,
0.101239,
0.107743,
0.110639,
0.108254,
0.111415,
0.109341,
0.117752,
0.112774,
0.116873,
0.108457,
0.104714,
0.101554,
0.103057,
0.101012,
0.106528,
0.120522,
0.111506,
0.110218,
0.0995959,
0.100957,
0.101836,
0.105734,
0.110676,
0.098838,
0.0989331,
0.104377,
0.108167,
0.103774,
0.0968354,
0.100377,
0.0996652,
0.102948,
0.105401,
0.102948,
0.106627,
0.0979566,
0.106407,
0.0986966,
0.102393,
0.104052,
0.105804,
0.0983541,
0.103367,
0.100506,
0.0991687,
0.10094,
0.102332,
0.108226,
0.153131,
0.0994198,
0.113369,
0.100504,
0.0991113,
0.0992088,
0.115151,
0.102378,
0.11065,
0.101625,
0.168419,
0.102954,
0.100422,
0.102609,
0.0977695,
0.104293,
0.110145,
0.101876,
0.0954782,
0.102351,
0.108986,
0.103415,
0.0975695,
0.0950173,
0.0998604,
0.0960649,
0.0933165,
0.095045,
0.0924651,
0.0927011,
0.103075,
0.100736,
0.103093,
0.0971913,
0.0923282,
0.0977301,
0.0947502,
0.0983151,
0.0951691,
0.0938928,
0.093943,
0.103403,
0.110728,
0.0956429,
0.0957832,
0.0933563,
0.0949276,
0.0949139,
0.0999396,
0.110547,
0.0935619,
0.0988479,
0.103833,
0.0992377,
0.0926931,
0.0955036,
0.0959113,
0.0925852,
0.0928531,
0.0923219,
0.0913929,
0.0910567,
0.0912552,
0.0934361,
0.0923453,
0.0985502,
0.0958831,
0.0928661,
0.0922706,
0.0955028,
0.0938575,
0.0931979,
0.0996509,
0.0936606,
0.0958654,
0.0913796,
0.0943484,
0.0917184,
0.0913403,
0.091338,
0.0903578,
0.0990893,
0.0943088,
0.099593,
0.103736,
0.0968219,
0.0962393,
0.0927607,
0.100009,
0.0932608,
0.096862,
0.0915002,
0.0934111,
0.0896988,
0.0998496,
0.0900382,
0.0990295,
0.096933,
0.095836,
0.0965733,
0.0945335,
0.0944365,
0.0943488,
0.0920326,
0.0897077,
0.0918438,
0.089967,
0.0906522,
0.0901822,
0.088001,
0.08795,
0.0891481,
0.0895984,
0.0970811,
0.109482,
0.0952153,
0.0887508,
0.0895752,
0.0884017,
0.0878655,
0.0888496,
0.0867717,
0.0867541,
0.0901427,
0.0894682,
0.089164,
0.0933654,
0.0946787,
0.0908834,
0.0881859,
0.0858197,
0.0856798,
0.0876119,
0.0870663,
0.100331,
0.101744,
0.0949649,
0.0914549,
0.0868844,
0.0861042,
0.0868067,
0.0872625,
0.102133,
0.0959531,
0.0946235,
0.0937358,
0.0898812,
0.0984467,
0.0887374,
0.0887716,
0.0885505,
0.0891376,
0.0891673,
0.0920398,
0.0971842,
0.0920058,
0.0949231,
0.0881554,
0.0857916,
0.0877811,
0.0887842,
0.0873097,
0.0911628,
0.089155,
0.093111,
0.0896746,
0.0889835,
0.0867709,
0.0867301,
0.0864111,
0.0923723,
0.0963833,
0.0950262,
0.0842679,
0.0880784,
0.0994534,
0.0888883,
0.0863241,
0.0881614,
0.0919932,
0.0913262,
0.0899643,
0.0880447,
0.0837805,
0.0905152,
0.0921882,
0.0862746,
0.0948293,
0.0845352,
0.0889949,
0.0862591,
0.0966495,
0.0861677,
0.0926106,
0.0853857,
0.0841991,
0.0864219,
0.0898154,
0.0839636,
0.0884064,
0.0917979,
0.099791,
0.0917259,
0.0910836,
0.0869569,
0.0872689,
0.0886806,
0.0889641,
0.0870827,
0.0889382,
0.0886403,
0.0970462,
0.0952051,
0.0938955,
0.08751,
0.0867126,
0.0867641,
0.0959252,
3.89488,
0.829876,
0.694874,
0.590843,
0.479507,
0.417294,
0.36463,
0.335967,
0.364171,
0.369946,
0.311781,
0.28901,
0.265196,
0.261986,
0.259925,
0.348694,
0.243406,
0.261464,
0.242823,
0.227014,
0.23213,
0.216158,
0.22429,
0.228925,
0.215764,
0.224087,
0.196807,
0.219012,
0.188789,
0.199365,
0.195237,
0.183345,
0.177305,
0.184372,
0.177405,
0.205742,
0.172472,
0.171955,
0.179559,
0.163769,
0.157672,
0.161624,
0.167476,
0.170693,
0.157291,
0.151271,
0.14862,
0.165658,
0.151248,
0.155497,
0.148392,
0.152389,
0.144294,
0.143286,
0.141041,
0.142352,
0.140601,
0.146152,
0.144343,
0.137928,
0.134267,
0.138495,
0.137749,
0.129496,
0.135943,
0.140678,
0.131887,
0.134226,
0.129658,
0.126835,
0.12835,
0.127255,
0.124393,
0.126818,
0.1208,
0.119159,
0.122515,
0.120548,
0.117047,
0.119341,
0.126871,
0.121205,
0.127845,
0.117278,
0.116965,
0.125421,
0.121916,
0.115077,
0.111005,
0.117166,
0.118132,
0.111949,
0.110643,
0.109477,
0.107727,
0.112254,
0.114323,
0.111963,
0.115006,
0.110309,
0.117547,
0.104347,
0.104905,
0.109221,
0.106749,
0.111824,
0.11068,
0.119667,
0.106967,
0.103581,
0.10351,
0.103264,
0.11203,
0.103819,
0.100351,
0.0985196,
0.116691,
0.108674,
0.107518,
0.103686,
0.100525,
0.103459,
0.0994981,
0.0999644,
0.0980645,
0.0974193,
0.110953,
0.0991993,
0.103829,
0.09978,
0.11662,
0.1058,
0.107841,
0.097624,
0.108847,
0.103907,
0.0996687,
0.100601,
0.101831,
0.0993413,
0.103526,
0.107214,
0.100107,
0.0984587,
0.0990389,
0.100272,
0.106371,
0.0970753,
0.0953845,
0.156622,
0.102723,
0.099741,
0.0967776,
0.101178,
0.0991493,
0.112615,
0.098383,
0.0976854,
0.0988745,
0.0965809,
0.0993094,
0.0970018,
0.0944802,
0.0928637,
0.097509,
0.0987586,
0.10555,
0.0928698,
0.0935491,
0.0960572,
0.09201,
0.0995959,
0.0989166,
0.104859,
0.0950641,
0.0914923,
0.0913125,
0.0953531,
0.0940994,
0.0986695,
0.0964169,
0.109201,
0.0933543,
0.0935006,
0.0925534,
0.095223,
0.091627,
0.0983674,
0.0960992,
0.0960563,
0.106897,
0.0965001,
0.0990353,
0.0958012,
0.0961523,
0.104227,
0.0925289,
0.0942494,
0.0949454,
0.0942384,
0.090204,
0.0895639,
0.0895962,
0.0940095,
0.0920469,
0.101887,
0.100225,
0.0900076,
0.0928206,
0.0906063,
0.095975,
0.0880599,
0.0935616,
0.102221,
0.0942184,
0.0940066,
0.0941311,
0.0977923,
0.0967569,
0.0931411,
0.0941642,
0.09305,
0.0955576,
0.0884365,
0.0886987,
0.0890786,
0.0894215,
0.0891084,
0.0889109,
0.0907403,
0.0960703,
0.094081,
0.0899395,
0.0926589,
0.0954822,
0.11761,
0.0927496,
0.0885306,
0.0903982,
0.0929236,
0.100273,
0.0943343,
0.092545,
0.0894527,
0.0898791,
0.0887077,
0.0915555,
0.0990187,
0.0890981,
0.094973,
0.0999475,
0.0877453,
0.0870493,
0.0945283,
0.102946,
0.101618,
0.0922331,
0.0994544,
0.0912617,
0.0951898,
0.0890579,
0.0909593,
0.087434,
0.0888645,
0.103179,
0.0897376,
0.0880629,
0.0910188,
0.0918235,
0.0872309,
0.0901337,
0.0880166,
0.08858,
0.0881548,
0.0881186,
0.0907339,
0.0875407,
0.0874776,
0.0957503,
0.0924938,
0.084603,
0.0866962,
0.0933489,
0.0861656,
0.0865351,
0.0870901,
0.0959322,
0.0854088,
0.0867713,
0.0851516,
0.0881282,
0.0860462,
0.0930315,
0.112352,
0.0907051,
0.0900083,
0.0918452,
0.0931223,
0.0886423,
0.0870836,
0.0870278,
0.0874282,
0.0970621,
0.0963361,
0.0894524,
0.089629,
0.0910898,
0.0853119,
0.0874493,
0.0837561,
0.0903716,
0.112223,
0.084665,
0.08204,
0.0831644,
0.0834699,
0.0827162,
0.0868922,
0.0921228,
0.0923649,
0.0883692,
0.0988825,
0.0890243,
0.0867027,
0.0924989,
0.101456,
0.0844809,
0.0878726,
0.0859632,
0.0859976,
0.0835129,
0.0839834,
0.0904503,
0.0910253,
0.0890667,
0.089864,
0.0913411,
0.0835813,
0.0822237,
0.0977816,
0.0860398,
0.0937126,
0.0897709,
0.0922265,
0.089765,
0.0933018,
0.0858857,
0.091891,
0.0925902,
0.0860732,
0.0818698,
0.0921933,
0.0964822,
0.0842332,
0.0848167,
0.0845542,
0.0900359,
0.0872084,
0.0863611,
0.0917421,
0.103621,
0.0982016,
0.0829495,
0.089839,
0.0957604,
0.0847579,
0.0820453,
0.0884935,
0.0810614,
0.0824979,
0.0886084,
0.08403,
0.0912913,
0.083586,
0.0893648,
0.0899505,
0.0839211,
0.0868381,
0.0933465,
0.0859341,
0.0854256,
0.0853493,
0.0883882,
0.094005,
0.0839975,
0.083132,
0.0874279,
0.0924867,
0.0919664,
0.0925121,
0.0868914,
0.0901319,
0.0804934,
0.0824835,
0.0811706,
0.0983731,
0.0814826,
0.081075,
0.0816903,
0.0941606,
0.0876447,
0.0946293,
0.0841212,
0.0822463,
0.0844265,
0.0905321,
0.082676,
0.0866651,
0.097976,
0.0880655,
0.085521,
0.0838058,
0.089753,
0.0876287,
0.0814781,
0.0823537,
0.0807425,
0.0831599,
0.082147,
0.0852334,
0.0837687,
0.0837866,
0.0840513,
0.0813872,
0.0823892,
0.0843929,
0.089183,
0.0825479,
0.0824995,
0.0904773,
0.0853981,
0.0854839,
0.084963,
0.0826372,
0.0816479,
0.0851579,
0.0847375,
0.0831449,
0.0926648,
0.0932514,
0.0958152,
0.0904309,
0.082771,
0.0853382,
0.0865729,
0.0882335,
0.087998,
0.080851,
0.0812374,
0.0827581,
0.0869452,
0.0841755,
0.0852517,
0.0802118,
0.0812867,
0.0854222,
0.083177,
0.0821226,
0.0823875,
0.0858352,
0.0826252,
0.0807834,
0.0814395,
0.0805095,
0.0875704,
0.0823368,
0.0980091,
0.0897675,
0.0886664,
0.0842349,
0.0831286,
0.0805204,
0.0827908,
0.0824628,
0.0814234,
0.0814678,
0.103702,
0.084489,
0.0823026,
0.0950301,
0.0840177,
0.0807283,
0.0826222,
0.0856189,
0.0850307,
0.0868635,
0.084175,
0.0794192,
0.0784287,
0.0921694,
0.0957665,
0.0822219,
0.0878672,
0.090279,
0.0793222,
0.085801,
0.0830341,
0.0935574,
0.0818565,
0.0815688,
0.0836276,
0.0821243,
0.0804696,
0.0786333,
0.0826736,
0.092397,
0.092157,
0.0942362,
0.0910689,
0.0812472,
0.0807404,
0.0788938,
0.0847299,
0.087765,
0.0802174,
0.0813921,
0.0816756,
0.0788977,
0.0788969,
0.085819,
0.0829905,
0.0824246,
0.0785108,
0.0784678,
0.0796948,
0.0771661,
0.0908812,
0.0867738,
0.0807354,
0.0788945,
0.0808582,
0.0783002,
0.0814766,
0.0861175,
0.0780234,
0.0790982,
0.0802087,
0.0827881,
0.0836778,
0.0868712,
0.083428,
0.0820342,
0.0816545,
0.0805134,
0.0809964,
0.0896364,
0.0893572,
0.0874257,
0.0866728,
0.0801639,
0.0831869,
0.0789236,
0.0800263,
0.0785875,
0.0784673,
0.077743,
0.088297,
0.0805705,
0.116924,
0.0828624,
0.0876008,
0.0819222,
0.0812758,
0.0792284,
0.0823651,
0.0797271,
0.079731,
0.0820055,
0.0830363,
0.0834214,
0.0807117,
0.0800709,
0.0821041,
0.0869123,
0.0790077,
0.0804287,
0.0800963,
0.0792826,
0.07958,
0.0805598,
0.0799453,
0.0866681,
0.0860698,
0.0839033,
0.0802225,
0.0783086,
0.0803878,
0.0783934,
0.0814983,
0.0805011,
0.083532,
0.0793746,
0.0796168,
0.079145,
0.0792418,
0.0771644,
0.0879126,
0.0837903,
0.0854708,
0.0800677,
0.0848463,
0.0769796,
0.076828,
0.0844479,
0.0959617,
0.0863074,
0.0921205,
0.0830933,
0.109741,
0.0844785,
0.0831567,
0.0795567,
0.0791688,
0.0822347,
0.0795536,
0.0853625,
0.0832949,
0.0843175,
0.0796662,
0.0791522,
0.079348,
0.0906686,
0.0875487,
0.080257,
0.0796865,
0.081457,
0.0785988,
0.0826887,
0.0783238,
0.07936,
0.0786043,
0.0780552,
0.0771975,
0.077383,
0.0807292,
0.0772719,
0.0793614,
0.0775349,
0.0755091,
3.89514,
0.790354,
0.648977,
0.541789,
0.453044,
0.399666,
0.356974,
0.321361,
0.296399,
0.267821,
0.275358,
0.269843,
0.25232,
0.252041,
0.255918,
0.237016,
0.217658,
0.208515,
0.193354,
0.188453,
0.18761,
0.198255,
0.188291,
0.177003,
0.172187,
0.177716,
0.174803,
0.165329,
0.159447,
0.166403,
0.167648,
0.155282,
0.165276,
0.154066,
0.148474,
0.146856,
0.1596,
0.156065,
0.146303,
0.153466,
0.146458,
0.137744,
0.140833,
0.143322,
0.141755,
0.150819,
0.132967,
0.130849,
0.12824,
0.124732,
0.124529,
0.126257,
0.12875,
0.125703,
0.124597,
0.117846,
0.13296,
0.121978,
0.128314,
0.115281,
0.117462,
0.120118,
0.11799,
0.120846,
0.11407,
0.122795,
0.114209,
0.117441,
0.112612,
0.109181,
0.116637,
0.109794,
0.110746,
0.11492,
0.124557,
0.115704,
0.112261,
0.110719,
0.11225,
0.109193,
0.115191,
0.113708,
0.112262,
0.111267,
0.108789,
0.115313,
0.119664,
0.114623,
0.112438,
0.104684,
0.103418,
0.103577,
0.111379,
0.104467,
0.102025,
0.101502,
0.112203,
0.105297,
0.11023,
0.103831,
0.0997909,
0.108194,
0.108458,
0.104931,
0.113553,
0.100723,
0.101906,
0.102638,
0.103089,
0.104535,
0.0962779,
0.0989004,
0.096785,
0.0998493,
0.101227,
0.111389,
0.102087,
0.0978924,
0.0958835,
0.118102,
0.101769,
0.0994063,
0.0982679,
0.0983346,
0.106168,
0.0991602,
0.101546,
0.0972115,
0.0971639,
0.0989885,
0.0985745,
0.106361,
0.0997396,
0.0959562,
0.0990643,
0.106526,
0.0944312,
0.101864,
0.0922447,
0.0926744,
0.0986029,
0.104304,
0.0995843,
0.099255,
0.0963915,
0.0970883,
0.0945532,
0.0953589,
0.0998056,
0.10057,
0.1001,
0.106469,
0.0949414,
0.0952063,
0.095293,
0.0933132,
0.0923688,
0.0928306,
0.0952969,
0.102505,
0.0956249,
0.106923,
0.104098,
0.0997436,
0.0923985,
0.0937437,
0.0907676,
0.0912058,
0.0883595,
0.09426,
0.09587,
0.0899358,
0.0899137,
0.0962228,
0.111131,
0.0995445,
0.0893294,
0.0903998,
0.0895218,
0.100016,
0.110615,
0.0899378,
0.0895306,
0.0953917,
0.103057,
0.096142,
0.0963576,
0.10359,
0.0947466,
0.091858,
0.0875801,
0.0897856,
0.0887498,
0.0918619,
0.0937532,
0.0897171,
0.0895465,
0.0889099,
0.090591,
0.0903835,
0.088644,
0.0947795,
0.0933886,
0.0869588,
0.0879011,
0.0938829,
0.0902948,
0.0910101,
0.104751,
0.0978747,
0.0921464,
0.087868,
0.0922794,
0.0867055,
0.0880107,
0.085706,
0.0846337,
0.0850981,
0.0850944,
0.0880484,
0.0900563,
0.088912,
0.0899402,
0.0922675,
0.0899203,
0.0841588,
0.0860203,
0.0838148,
0.0857683,
0.0878954,
0.0903515,
0.0968014,
0.093238,
0.0830273,
0.095734,
0.0839597,
0.0988814,
0.100036,
0.0966998,
0.0898417,
0.0884955,
0.0837666,
0.0863049,
0.0863079,
0.0906649,
0.084913,
0.0905015,
0.0927917,
0.0857703,
0.0890682,
0.0925258,
0.0936431,
0.0909458,
0.090962,
0.0837523,
0.0833625,
0.0917248,
0.0873348,
0.0893625,
0.0867871,
0.0853531,
0.0831833,
0.0923278,
0.0959229,
0.0951439,
0.0880725,
0.0856384,
0.0812194,
0.0929168,
0.0860378,
0.0862721,
0.0851101,
0.0865809,
0.083239,
0.0861893,
0.0978177,
0.0902083,
0.0823656,
0.0867941,
0.0847912,
0.0852292,
0.0837661,
0.0830265,
0.0863803,
0.0851931,
0.0835451,
0.0851903,
0.0836489,
0.0817832,
0.08295,
0.0816658,
0.0862763,
0.0848291,
0.0833848,
0.0844431,
0.0810206,
0.084961,
0.0876871,
0.0908294,
0.0806183,
0.0852467,
0.0935355,
0.0829108,
0.0832005,
0.0782235,
0.0871227,
0.0889626,
0.0993254,
0.081515,
0.0847759,
0.08588,
0.0902799,
0.0812236,
0.0792847,
0.0842997,
0.0905087,
0.0924442,
0.0934294,
0.0853779,
0.0815571,
0.0837587,
0.0794285,
0.0805806,
0.0856943,
0.0815742,
0.0837303,
0.083727,
0.0805876,
0.0775477,
0.0824851,
0.0778091,
0.0770842,
0.0783861,
0.077947,
0.0791524,
0.0809287,
0.0784514,
0.0856152,
0.084351,
0.0825866,
0.0833062,
0.0872926,
0.0893783,
0.0837187,
0.0842317,
0.0949335,
0.0833919,
0.0888763,
0.0805177,
0.0805645,
0.0895602,
0.0828227,
0.090336,
0.0897315,
0.0897569,
0.0953202,
0.0967365,
0.087661,
0.0805509,
0.0800778,
0.0796844,
0.0776479,
0.0785654,
0.0803817,
0.0788514,
0.0956789,
0.079828,
0.0837401,
0.0781601,
0.0794451,
0.0879987,
0.08798,
0.0910794,
0.0942049,
0.095543,
0.093221,
0.0871529,
0.081068,
0.0856191,
0.0804969,
0.0826741,
0.082157,
0.0755969,
0.0810965,
0.0769353,
0.0800409,
0.0775334,
0.0784078,
0.0873096,
0.0843655,
0.0773849,
0.0792262,
0.076828,
0.0831509,
0.0863959,
0.0869168,
0.0835633,
0.0870526,
0.0823713,
0.0914272,
0.0875068,
0.0945393,
0.0834676,
0.0793518,
0.0836738,
0.0805679,
0.0939952,
0.077859,
0.0792109,
0.0844017,
0.0809138,
0.0848265,
0.0766997,
0.083675,
0.0792083,
0.079368,
0.0765269,
0.0783918,
0.0785341,
0.0811429,
0.0832509,
0.0797293,
0.0767084,
0.084497,
0.0795102,
0.07741,
0.0776991,
0.0793557,
0.085123,
0.085744,
0.0760372,
0.0785133,
0.080763,
0.0849389,
0.0842876,
0.0815347,
0.0781529,
0.0830036,
0.0778122,
0.0783994,
0.0776805,
0.078262,
0.0787809,
0.0823163,
0.0865977,
0.0822213,
0.07922,
0.0858385,
0.0836365,
0.0788829,
0.0801071,
0.0879048,
0.0781168,
0.0794186,
0.0862167,
0.0778839,
0.0818769,
0.075691,
0.0777831,
0.0880348,
0.0833668,
0.0873633,
0.0784461,
0.0753172,
0.0755145,
0.0796862,
0.0749243,
0.076981,
0.0833499,
0.0827547,
0.0786708,
0.0817172,
0.0794408,
0.0778227,
0.0774962,
0.0754876,
0.0800108,
0.0788315,
0.0769485,
0.0782476,
0.0766089,
0.0769378,
0.0844995,
0.0755326,
0.0767475,
0.0771493,
0.0782241,
0.0787466,
0.0783137,
0.0864111,
0.0747488,
0.0758176,
0.0776193,
0.0922549,
0.0773029,
0.0775062,
0.0750417,
0.0778439,
0.0876831,
0.0784775,
0.076493,
0.0769015,
0.0749857,
0.0764231,
0.0749067,
0.0844712,
0.0811795,
0.0781232,
0.0896253,
0.0824876,
0.0801503,
0.0800946,
0.0881601,
0.0752286,
0.0771387,
0.0786211,
0.0848014,
0.0780922,
0.0770836,
0.0746266,
0.0858158,
0.074767,
0.0760829,
0.0868783,
0.0835474,
0.0920885,
0.0856118,
0.0862335,
0.0751941,
0.0781698,
0.0794332,
0.0924651,
0.0789806,
0.0855435,
0.0760427,
0.0824345,
0.0782623,
0.081012,
0.075878,
0.0741369,
0.0736408,
0.0746479,
0.0760072,
0.0814017,
0.0844958,
0.0838184,
0.075674,
0.0815822,
0.0762177,
0.0778588,
0.0786754,
0.0871784,
0.0924569,
0.081491,
0.0830129,
0.074767,
0.0903351,
0.076281,
0.0839831,
0.0774602,
0.0744955,
0.0751156,
0.0800913,
0.0772312,
0.0875323,
0.0801806,
0.083741,
0.076562,
0.0796289,
0.0788911,
0.0795902,
0.0812071,
0.0775344,
0.07984,
0.0767799,
0.078617,
0.075884,
0.0807183,
0.0857988,
0.0792507,
0.0881519,
0.0759883,
0.077104,
0.0832297,
0.0793871,
0.0810928,
0.077,
0.0746519,
0.074678,
0.0739534,
0.0745066,
0.074046,
0.0753467,
0.0727052,
0.072699,
0.0743884,
0.072641,
0.0729837,
0.0764329,
0.0776978,
0.082048,
0.0835996,
0.0759849,
0.0817431,
0.0774592,
0.0766705,
0.0756623,
0.0734253,
0.078393,
0.0762769,
0.0888758,
0.0880962,
0.0840471,
0.0776895,
0.0822827,
0.073375,
0.0751717,
0.0807303,
0.0796957,
0.0779243,
0.0734844,
0.0775964,
0.0752553,
0.0751064,
0.0849419,
0.0761801,
0.0864579,
0.0805823,
0.0761564,
0.0726717,
0.0731956,
0.0740448,
0.0765285,
0.0734639,
0.0772352,
0.0803004,
0.0766831,
0.0720253,
0.0765399,
0.08661,
0.0818571,
0.0819362,
0.0874305,
0.0861758,
0.0747672,
0.0869669,
0.0846403,
0.0764482,
0.0736132,
0.0767229,
0.0736629,
0.0772168,
0.073909,
0.0718234,
0.0718552,
0.0825907,
0.0764648,
0.0746179,
0.071566,
0.075967,
0.0779734,
0.0745364,
0.0792258,
0.0756701,
0.0850265,
0.0805407,
0.079683,
0.0756627,
0.0729102,
0.0733031,
0.0752332,
0.0831156,
0.0768072,
0.0748773,
0.0740846,
0.0725278,
0.0731078,
0.0794065,
0.0735192,
0.0754676,
0.07931,
0.0751441,
0.07914,
0.0754304,
0.0733221,
0.074658,
0.074014,
0.0764924,
0.074825,
0.0730255,
0.0805268,
0.0787127,
0.073156,
0.0794375,
0.0756399,
0.0741583,
0.0736857,
0.0712401,
0.0834494,
0.0838342,
0.0805333,
0.0726161,
0.07671,
0.0743803,
0.0769629,
0.073253,
0.0762251,
0.0803839,
0.0822954,
0.0772133,
0.0761836,
0.0736515,
0.071472,
0.0736549,
0.0792158,
0.071631,
0.0760785,
0.0771378,
0.0785272,
0.0797871,
0.0771511,
0.0733435,
0.0801228,
0.0710444,
0.0723641,
0.0712119,
0.0723774,
0.0715626,
0.079714,
0.0784505,
0.0738485,
0.0733462,
0.0838771,
0.0741591,
0.0728677,
0.0733322,
0.0730077,
0.0750174,
0.076955,
0.0774487,
0.0788535,
0.0796824,
0.0784638,
0.076962,
0.074562,
0.0782952,
0.0779099,
0.0806662,
0.0771542,
0.079501,
0.0734654,
0.0728803,
0.0730207,
0.0732622,
0.0787048,
0.0856176,
0.0790147,
0.0778769,
0.0738158,
0.0749012,
0.0761936,
0.0732158,
0.078851,
0.0775663,
0.0737295,
0.0730221,
0.0754806,
0.0751672,
0.0741411,
0.0751531,
0.0762956,
0.0723729,
0.0731291,
0.0735599,
0.076069,
0.074091,
0.0730144,
0.0721432,
0.0816584,
0.0792271,
0.0743071,
0.0750735,
0.0832978,
0.0744974,
0.0771259,
0.0818029,
0.0798183,
0.0800646,
0.0760253,
0.0740316,
0.0723359,
0.0737591,
0.0740329,
0.0842447,
0.0793908,
0.0740428,
0.0800159,
0.0740266,
0.0734736,
0.0738015,
0.0731646,
0.0747484,
0.0718365,
0.0725706,
0.0753487,
0.076476,
0.0782341,
0.0907174,
0.0809431,
0.0765038,
0.0764924,
0.0725548,
0.0737622,
0.0722525,
0.0709444,
0.0721786,
0.0733125,
0.0745471,
0.0857726,
0.0733117,
0.0826452,
0.0777898,
0.0763512,
0.0822943,
0.0801748,
0.0800755,
0.0809305,
0.0713911,
0.076009,
0.0764481,
0.0790206,
0.0740669,
0.0741786,
0.0720592,
0.0723351,
0.0720172,
0.0700309,
0.0723275,
0.073178,
0.0793794,
0.0735498,
0.0711817,
0.0773039,
0.078381,
0.0891858,
0.0756688,
0.0730673,
0.074882,
0.0765553,
0.0723189,
0.0724015,
0.0750081,
0.0789024,
0.0800628,
0.0752703,
0.0765459,
0.0699478,
0.0723285,
0.0732976,
0.076933,
0.0738833,
0.0735465,
0.0706045,
0.0791938,
0.080404,
0.0766652,
0.0828707,
0.0719471,
0.0762607,
0.0723341,
0.0731971,
0.0744747,
0.0751302,
0.0702101,
0.0825677,
0.0719705,
0.0708232,
0.0723221,
0.0779319,
0.0801192,
0.0851224,
0.0837744,
0.0836674,
0.070637,
0.0715853,
0.0722087,
0.0714939,
0.0730026,
0.0736635,
0.0721641,
0.0735358,
0.0716544,
0.0744613,
0.074416,
0.084362,
0.0733176,
0.0718341,
0.0736064,
0.0718546,
0.0827035,
0.0848073,
0.08539,
0.0769109,
0.072089,
0.071503,
0.0756798,
0.0749375,
0.0763067,
0.0723479,
0.0732273,
0.0721267,
0.0829857,
0.0873907,
0.0793019,
0.0744134,
0.0730967,
0.0757408,
0.0708855,
0.0743485,
0.0733063,
0.07269,
0.079128,
0.0733594,
0.0713207,
0.0748234,
0.0763351,
0.084074,
0.0768493,
0.0837912,
0.0737201,
0.0735321,
0.070953,
0.0738037,
0.0722031,
0.0717107,
0.0724501,
0.0707604,
0.0704079,
0.0730374,
0.0733199,
0.0717667,
0.0713767,
0.0712641,
0.0713618,
0.0711196,
0.0701744,
0.0717193,
0.0855005,
0.082608,
0.0768661,
0.0760557,
0.0739939,
0.0733733,
0.0734323,
0.0738689,
0.0730388,
0.0734037,
0.0719844,
0.0720551,
0.0731272,
0.0799275,
0.0689468,
0.0700628,
0.0760551,
0.0773077,
0.0790501,
0.0770678,
0.0759171,
0.0745623,
0.0718809,
0.0718462,
0.0760001,
0.0722245,
0.07304,
0.0717136,
0.0711968,
0.0727809,
0.0715742,
0.0750871,
0.0714534,
0.0703097,
0.076307,
0.075329,
0.0751834,
0.0716319,
0.0728624,
0.0747807,
0.0730165,
0.075878,
0.0710232,
0.0709096,
0.0701487,
0.0716541,
0.0700099,
0.0696725,
0.0733647,
0.0716978,
0.0721865,
0.0715246,
0.0725133,
0.0714501,
0.0720466,
0.070062,
0.0706974,
0.0707223,
0.0714788,
0.071359,
0.0689598,
0.0754321,
0.0731879,
0.0738186,
0.0825718,
0.0771307,
0.0789022,
0.070344,
0.0694183,
0.0696158,
0.0738625,
0.0793608,
0.0751523,
0.0742476,
0.070842,
0.0711743,
0.0746438,
0.0754444,
0.0719055,
0.0695157,
0.0741345,
0.0712498,
0.0736854,
0.0724734,
0.0719236,
0.0774036,
0.0747473,
0.0739453,
0.0722502,
0.0736429,
0.0737104,
0.0702717,
0.0832947,
0.0755947,
0.0743652,
0.0731468,
0.0716507,
0.0709874,
0.0734843,
0.0719179,
0.0823468,
0.0730505,
0.0705111,
0.0694987,
0.0702645,
0.0713679,
0.0728097,
0.0787115,
0.0732866,
0.0730517,
0.0703395,
0.0706188,
0.0696924,
0.0701998,
0.0702742,
0.0712759,
0.0697256,
0.0689266,
0.0691565,
0.0725136,
0.0683609,
0.0854366,
0.0750786,
0.0729583,
0.073201,
0.073735,
0.0801074,
0.0712472,
0.0692216,
0.0693375,
0.0735452,
0.0730126,
0.0739937,
0.0736496,
0.0677565,
0.0753378,
0.0784462,
0.0760303,
0.0764819,
0.071626,
0.0718512,
0.0692219,
0.0710633,
0.0723726,
0.0800238,
0.074412,
0.0776612,
0.0696719,
0.0705591,
0.0689105,
0.0697825,
0.0720735,
0.0702561,
0.0724395,
0.0724845,
0.0745034,
0.072902,
0.0696722,
0.0691423,
0.0720729,
0.0747276,
0.0714178,
0.0711111,
0.0718555,
0.0761103,
0.0678241,
0.0691764,
0.0722274,
0.0774423,
0.0811911,
0.081885,
0.0822183,
0.0782945,
0.0694264,
0.0722403,
0.0712147,
0.0683187,
0.0687267,
0.0692507,
0.0700754,
0.0730518,
0.0779211,
0.0719573,
0.0766271,
0.0707134,
0.0695395,
0.0693314,
0.0677773,
0.0735169,
0.0736217,
0.0711657,
0.0709161,
0.0710569,
0.0725956,
0.0733198,
0.0717922,
0.0721348,
0.0686906,
0.0701699,
0.0851292,
0.0724637,
0.0705208,
0.0706947,
0.0716096,
0.0709244,
0.0741379,
0.0764253,
0.0718138,
0.0759816,
0.0849206,
0.0763432,
0.068347,
0.0681934,
0.0753575,
0.0805582,
0.0739842,
0.0691314,
0.0697415,
0.0734922,
0.0769352,
0.069163,
0.0686396,
0.0741009,
0.0765628,
0.0741581,
0.075108,
0.0727098,
0.0690107,
0.071481,
0.0695995,
0.0698606,
0.0736651,
0.0708877,
0.0674198,
0.0708263,
0.0687763,
0.0752869,
0.0828569,
0.0783285,
0.0782666,
0.0704,
0.0712887,
0.07272,
0.0765367,
0.0714268,
0.0687008,
0.0733334,
0.0675939,
0.0717719,
0.0714515,
0.0746685,
0.0735021,
0.0715302,
0.0719653,
0.0706882,
0.0733313,
0.0749383,
0.0712028,
0.0691556,
0.0714225,
0.0773085,
0.0732342,
0.0732274,
0.0756265,
0.0812884,
0.0787617,
0.0701901,
0.07158,
0.0691739,
0.0704649,
0.0764013,
0.0692381,
0.0709061,
0.076004,
0.0755743,
0.0722408,
0.0693422,
0.0803988,
0.0767582,
0.0707393,
0.0738091,
0.0720019,
0.0720696,
0.0741165,
0.0689807,
0.069959,
0.0707268,
0.0697205,
0.0727786,
0.0720988,
0.0689621,
0.069985,
0.0721036,
0.0720151,
0.0820783,
0.0739094,
0.0731513,
0.0706643,
0.0754347,
0.0731175,
0.0684829,
0.0716395,
0.0695744,
0.0715179,
0.0703124,
0.0710176,
0.0708108,
0.0682282,
0.0677154,
0.0772896,
0.0709519,
0.0762753,
0.0706851,
0.0684829,
0.0763835,
0.0737332,
0.0723855,
0.0696253,
0.0712977,
0.0763971,
0.076112,
0.0805462,
0.0800739,
0.0795929,
0.0679053,
0.0676971,
0.0728414,
0.0723165,
